%time,field.velocity,field.angle
6398.620489595,9780.0,0.0
6398.635279867,9780.0,0.0
6398.640920229,9780.0,0.0
6398.650736800,9780.0,0.0
6398.662381854,9780.0,0.0
6398.671702846,9780.0,0.0
6398.681809998,9780.0,0.0
6398.691361071,9780.0,0.0
6398.704669525,9780.0,0.0
6398.713781770,9780.0,0.0
6398.722129105,9780.0,0.0
6398.734721732,9780.0,0.0
6398.745069382,9780.0,0.0
6398.758952080,9780.0,0.0
6398.767189000,9780.0,0.0
6398.775546085,9780.0,0.0
6398.789891112,9780.0,0.0
6398.803344814,9780.0,0.0
6398.809486921,9780.0,0.0
6398.818959912,9780.0,0.0
6398.828427570,9780.0,0.0
6398.838189642,9780.0,0.0
6398.848510708,9780.0,0.0
6398.860338093,9780.0,0.0
6398.868759761,9780.0,0.0
6398.880065567,9780.0,0.0
6398.888919814,9780.0,0.0
6398.898801551,9780.0,0.0
6398.909056952,9780.0,0.0
6398.920947419,9780.0,0.0
6398.931548566,9780.0,0.0
6398.955285835,9780.0,0.0
6398.955680998,9780.0,0.0
6398.963968500,9780.0,0.0
6398.972488251,9780.0,0.0
6398.982606569,9780.0,0.0
6398.992672887,9780.0,0.0
6399.003649031,9780.0,0.0
6399.013662850,9780.0,0.0
6399.023790834,9780.0,0.0
6399.033746321,9780.0,0.0
6399.047499104,9780.0,0.0
6399.054990864,9780.0,0.0
6399.064619187,9780.0,0.0
6399.075374499,9780.0,0.0
6399.094026900,9780.0,0.0
6399.100131924,9780.0,0.0
6399.106982691,9780.0,0.0
6399.117124509,9780.0,0.0
6399.128167318,9780.0,0.0
6399.137943640,9780.0,0.0
6399.148254872,9780.0,0.0
6399.158436523,9780.0,0.0
6399.169051503,9780.0,0.0
6399.177904584,9780.0,0.0
6399.191736782,9780.0,0.0
6399.199198876,9780.0,0.0
6399.208136956,9780.0,0.0
6399.221232995,9780.0,0.0
6399.228653006,9780.0,0.0
6399.237909249,9780.0,0.0
6399.248583562,9780.0,0.0
6399.258850546,9780.0,0.0
6399.268600617,9780.0,0.0
6399.279030099,9780.0,0.0
6399.288881586,9780.0,0.0
6399.299017571,9780.0,0.0
6399.308633477,9780.0,0.0
6399.318877544,9780.0,0.0
6399.336992535,9780.0,0.0
6399.339714591,9780.0,0.0
6399.350174073,9780.0,0.0
6399.361821543,9780.0,0.0
6399.370732039,9780.0,0.0
6399.381490601,9780.0,0.0
6399.392635243,9780.0,0.0
6399.409741410,9780.0,0.0
6399.414524696,9780.0,0.0
6399.431505448,9780.0,0.0
6399.436451150,9780.0,0.0
6399.446078639,9780.0,0.0
6399.456636203,9780.0,0.0
6399.466958436,9780.0,0.0
6399.476436177,9780.0,0.0
6399.485757419,9780.0,0.0
6399.496701896,9780.0,0.0
6399.506575800,9780.0,0.0
6399.517119281,9780.0,0.0
6399.527369764,9780.0,0.0
6399.537574248,9780.0,0.0
6399.547715233,9780.0,0.0
6399.557549720,9780.0,0.0
6399.568014118,9780.0,0.0
6399.577203862,9780.0,0.0
6399.589609408,9780.0,0.0
6399.601045463,9780.0,0.0
6399.612132439,9780.0,0.0
6399.619898280,9780.0,0.0
6399.629544019,9780.0,0.0
6399.641628152,9780.0,0.0
6399.650780229,9780.0,0.0
6399.661805205,9780.0,0.0
6399.672869097,9780.0,0.0
6399.680294608,9780.0,0.0
6399.690859422,9780.0,0.0
6399.701354987,9780.0,0.0
6399.712191965,9780.0,0.0
6399.721809788,9780.0,0.0
6399.732908763,9780.0,0.0
6399.743204496,9780.0,0.0
6399.753501896,9780.0,0.0
6399.763793962,9780.0,0.0
6399.773132788,9780.0,0.0
6399.783496104,9780.0,0.0
6399.801616427,9780.0,0.0
6399.806162800,9780.0,0.0
6399.815098379,9780.0,0.0
6399.825466445,9780.0,0.0
6399.835977926,9780.0,0.0
6399.845027921,9780.0,0.0
6399.855274571,9780.0,0.0
6399.870837086,9780.0,0.0
6399.881961811,9780.0,0.0
6399.887903920,9780.0,0.0
6399.898514734,9780.0,0.0
6399.909249629,9780.0,0.0
6399.923720571,9780.0,0.0
6399.931818743,9780.0,0.0
6399.939803498,9780.0,0.0
6399.956856249,9780.0,0.0
6399.964566090,9780.0,0.0
6399.974962239,9780.0,0.0
6399.985404054,9780.0,0.0
6400.008230165,9780.0,0.0
6400.008355664,9780.0,0.0
6400.015103182,9780.0,0.0
6400.025292166,9780.0,0.0
6400.035927146,9780.0,0.0
6400.045242388,9780.0,0.0
6400.055576621,9780.0,0.0
6400.065769022,9780.0,0.0
6400.075117931,9780.0,0.0
6400.085814243,9780.0,0.0
6400.095838646,9780.0,0.0
6400.106276794,9780.0,0.0
6400.114954126,9780.0,0.0
6400.125100527,9780.0,0.0
6400.136363668,9780.0,0.0
6400.145517578,9780.0,0.0
6400.155241984,9780.0,0.0
6400.166266626,9780.0,0.0
6400.175280039,9780.0,0.0
6400.185484439,9780.0,0.0
6400.211267188,9780.0,0.0
6400.211368104,9780.0,0.0
6400.217079048,9780.0,0.0
6400.227489364,9780.0,0.0
6400.236289778,9780.0,0.0
6400.246309764,9780.0,0.0
6400.257413822,9780.0,0.0
6400.267534557,9780.0,0.0
6400.277317045,9780.0,0.0
6400.288137023,9780.0,0.0
6400.298268674,9780.0,0.0
6400.308378159,9780.0,0.0
6400.318798474,9780.0,0.0
6400.328097384,9780.0,0.0
6400.338233035,9780.0,0.0
6400.349335094,9780.0,0.0
6400.359966990,9780.0,0.0
6400.369398982,9780.0,0.0
6400.381163201,9780.0,0.0
6400.391444350,9780.0,0.0
6400.400820176,9780.0,0.0
6400.410198834,9780.0,0.0
6400.420294236,9780.0,0.0
6400.430382471,9780.0,0.0
6400.440805453,9780.0,0.0
6400.450454276,9780.0,0.0
6400.460976257,9780.0,0.0
6400.470345499,9780.0,0.0
6400.480464984,9780.0,0.0
6400.490813550,9780.0,0.0
6400.500282207,9780.0,0.0
6400.510359943,9780.0,0.0
6400.520411678,9780.0,0.0
6400.531745818,9780.0,0.0
6400.540467566,9780.0,0.0
6400.553101860,9780.0,0.0
6400.560662619,9780.0,0.0
6400.570747688,9780.0,0.0
6400.581280252,9780.0,0.0
6400.606357341,9780.0,0.0
6400.606400007,9780.0,0.0
6400.612068119,9780.0,0.0
6400.622615433,9780.0,0.0
6400.632648752,9780.0,0.0
6400.642917985,9780.0,0.0
6400.652278727,9780.0,0.0
6400.663160538,9780.0,0.0
6400.682968512,9780.0,0.0
6400.688892454,9780.0,0.0
6400.698516777,9780.0,0.0
6400.707200109,9780.0,0.0
6400.718310001,9780.0,0.0
6400.728664150,9780.0,0.0
6400.744084250,9780.0,0.0
6400.750515937,9780.0,0.0
6400.759639015,9780.0,0.0
6400.770442993,9780.0,0.0
6400.779449822,9780.0,0.0
6400.790208551,9780.0,0.0
6400.799976872,9780.0,0.0
6400.811290846,9780.0,0.0
6400.820095927,9780.0,0.0
6400.829945081,9780.0,0.0
6400.839719235,9780.0,0.0
6400.850332799,9780.0,0.0
6400.859144463,9780.0,0.0
6400.870589268,9780.0,0.0
6400.880121509,9780.0,0.0
6400.889057922,9780.0,0.0
6400.899789067,9780.0,0.0
6400.910108800,9780.0,0.0
6400.919172045,9780.0,0.0
6400.944199801,9780.0,0.0
6400.944238468,9780.0,0.0
6400.948973672,9780.0,0.0
6400.959385820,9780.0,0.0
6400.969585721,9780.0,0.0
6400.979975620,9780.0,0.0
6400.989785358,9780.0,0.0
6401.003643973,9780.0,0.0
6401.010143493,9780.0,0.0
6401.020150395,9780.0,0.0
6401.030039216,9780.0,0.0
6401.040931526,9780.0,0.0
6401.050717014,9780.0,0.0
6401.061753740,9780.0,0.0
6401.074295618,9780.0,0.0
6401.081523048,9780.0,0.0
6401.091876113,9780.0,0.0
6401.100954525,9780.0,0.0
6401.111108509,9780.0,0.0
6401.123743220,9780.0,0.0
6401.133354376,9780.0,0.0
6401.143358529,9780.0,0.0
6401.153948426,9780.0,0.0
6401.164110160,9780.0,0.0
6401.174359727,9780.0,0.0
6401.184771542,9780.0,0.0
6401.194174534,9780.0,0.0
6401.204549183,9780.0,0.0
6401.222838172,9780.0,0.0
6401.227908372,9780.0,0.0
6401.237909608,9780.0,0.0
6401.248019343,9780.0,0.0
6401.258424242,9780.0,0.0
6401.278317631,9780.0,0.0
6401.288722197,9780.0,0.0
6401.291637585,9780.0,0.0
6401.300472582,9780.0,0.0
6401.310685149,9780.0,0.0
6401.321125131,9780.0,0.0
6401.331006202,9780.0,0.0
6401.344426738,9780.0,0.0
6401.351170089,9780.0,0.0
6401.364339627,9780.0,0.0
6401.371919470,9780.0,0.0
6401.381807207,9780.0,0.0
6401.392229772,9780.0,0.0
6401.402378173,9780.0,0.0
6401.412541908,9780.0,0.0
6401.422933056,9780.0,0.0
6401.432062384,9780.0,0.0
6401.442185119,9780.0,0.0
6401.452641434,9780.0,0.0
6401.463120832,9780.0,0.0
6401.471954912,9780.0,0.0
6401.483211136,9780.0,0.0
6401.493044540,9780.0,0.0
6401.502978277,9780.0,0.0
6401.513617757,9780.0,0.0
6401.530031930,9780.0,0.0
6401.536136621,9780.0,0.0
6401.546262772,9780.0,0.0
6401.556374340,9780.0,0.0
6401.566893321,9780.0,0.0
6401.577191221,9780.0,0.0
6401.586263633,9780.0,0.0
6401.596402367,9780.0,0.0
6401.607798673,9780.0,0.0
6401.617182165,9780.0,0.0
6401.626638406,9780.0,0.0
6401.636841390,9780.0,0.0
6401.647097374,9780.0,0.0
6401.656785946,9780.0,0.0
6401.666264854,9780.0,0.0
6401.676439671,9780.0,0.0
6401.686590656,9780.0,0.0
6401.696956055,9780.0,0.0
6401.706047383,9780.0,0.0
6401.716386449,9780.0,0.0
6401.739590723,9780.0,0.0
6401.739630556,9780.0,0.0
6401.747070400,9780.0,0.0
6401.757267301,9780.0,0.0
6401.767396536,9780.0,0.0
6401.777692935,9780.0,0.0
6401.788026168,9780.0,0.0
6401.798314151,9780.0,0.0
6401.809606375,9780.0,0.0
6401.820111356,9780.0,0.0
6401.829348849,9780.0,0.0
6401.839628416,9780.0,0.0
6401.849925982,9780.0,0.0
6401.859750136,9780.0,0.0
6401.897145772,9780.0,0.0
6401.897432186,9780.0,0.0
6401.897581018,9780.0,0.0
6401.899624831,9780.0,0.0
6401.910024897,9780.0,0.0
6401.920033216,9780.0,0.0
6401.931225107,9780.0,0.0
6401.944021982,9780.0,0.0
6401.952318402,9780.0,0.0
6401.961649394,9780.0,0.0
6401.970901804,9780.0,0.0
6401.981602950,9780.0,0.0
6401.991527020,9780.0,0.0
6402.001827753,9780.0,0.0
6402.011086829,9780.0,0.0
6402.021770392,9780.0,0.0
6402.031368382,9780.0,0.0
6402.042413691,9780.0,0.0
6402.051059107,9780.0,0.0
6402.161560781,9780.0,0.0
6402.161814112,9780.0,0.0
6402.172221594,9780.0,0.0
6402.182245996,9780.0,0.0
6402.191372241,9780.0,0.0
6402.216858242,9780.0,0.0
6402.216960575,9780.0,0.0
6402.221276199,9780.0,0.0
6402.233182583,9780.0,0.0
6402.242442410,9780.0,0.0
6402.255405784,9780.0,0.0
6402.266142263,9780.0,0.0
6402.276198248,9780.0,0.0
6402.283904340,9780.0,0.0
6402.294517986,9780.0,0.0
6402.303416983,9780.0,0.0
6402.313690383,9780.0,0.0
6402.325109772,9780.0,0.0
6402.339516798,9780.0,0.0
6402.344991078,9780.0,0.0
6402.355291728,9780.0,0.0
6402.366164205,9780.0,0.0
6402.376186524,9780.0,0.0
6402.385751681,9780.0,0.0
6402.404580081,9780.0,0.0
6402.405857402,9780.0,0.0
6402.415853805,9780.0,0.0
6402.426483868,9780.0,0.0
6402.435980859,9780.0,0.0
6402.446192509,9780.0,0.0
6402.457510899,9780.0,0.0
6402.469464033,9780.0,0.0
6402.485966622,9780.0,0.0
6402.489373589,9780.0,0.0
6402.498906746,9780.0,0.0
6402.508909565,9780.0,0.0
6402.518855718,9780.0,0.0
6402.528532708,9780.0,0.0
6402.544821132,9780.0,0.0
6402.549655585,9780.0,0.0
6402.559559239,9780.0,0.0
6402.569749473,9780.0,0.0
6402.580112622,9780.0,0.0
6402.590431355,9780.0,0.0
6402.601063085,9780.0,0.0
6402.610310411,9780.0,0.0
6402.620385063,9780.0,0.0
6402.630974543,9780.0,0.0
6402.640106871,9780.0,0.0
6402.650459187,9780.0,0.0
6402.665311542,9780.0,0.0
6402.672465389,9780.0,0.0
6402.683064953,9780.0,0.0
6402.692607943,9780.0,0.0
6402.702902510,9780.0,0.0
6402.712315668,9780.0,0.0
6402.722942315,9780.0,0.0
6402.737269008,9780.0,0.0
6402.744296440,9780.0,0.0
6402.755145751,9780.0,0.0
6402.764543493,9780.0,0.0
6402.774697727,9780.0,0.0
6402.783865555,9780.0,0.0
6402.794176038,9780.0,0.0
6402.804245940,9780.0,0.0
6402.814740087,9780.0,0.0
6402.824083163,9780.0,0.0
6402.834095732,9780.0,0.0
6402.844563964,9780.0,0.0
6402.854658949,9780.0,0.0
6402.864941515,9780.0,0.0
6402.873938344,9780.0,0.0
6402.884770489,9780.0,0.0
6402.895436635,9780.0,0.0
6402.904261799,9780.0,0.0
6402.914403534,9780.0,0.0
6402.929805217,9780.0,0.0
6402.938009720,9780.0,0.0
6402.948252954,9780.0,0.0
6402.958451271,9780.0,0.0
6402.968736921,9780.0,0.0
6402.978081413,9780.0,0.0
6402.988344230,9780.0,0.0
6403.001295521,9780.0,0.0
6403.008187704,9780.0,0.0
6403.018408187,9780.0,0.0
6403.029789243,9780.0,0.0
6403.039672564,9780.0,0.0
6403.049621134,9780.0,0.0
6403.060729525,9780.0,0.0
6403.069844020,9780.0,0.0
6403.080128086,9780.0,0.0
6403.096473011,9780.0,0.0
6403.101211465,9780.0,0.0
6403.110194877,9780.0,0.0
6403.121779598,9780.0,0.0
6403.130685011,9780.0,0.0
6403.140183002,9780.0,0.0
6403.151095562,9780.0,0.0
6403.160725718,9780.0,0.0
6403.170391708,9780.0,0.0
6403.180752940,9780.0,0.0
6403.191011340,9780.0,0.0
6403.201136658,9780.0,0.0
6403.211344725,9780.0,0.0
6403.222080788,9780.0,0.0
6403.231094200,9780.0,0.0
6403.241446932,9780.0,0.0
6403.252085245,9780.0,0.0
6403.270388484,9780.0,0.0
6403.271500056,9780.0,0.0
6403.282613365,9780.0,0.0
6403.291600111,9780.0,0.0
6403.301693096,9780.0,0.0
6403.312418408,9780.0,0.0
6403.322271479,9780.0,0.0
6403.344905675,9780.0,0.0
6403.345035174,9780.0,0.0
6403.352020439,9780.0,0.0
6403.361453264,9780.0,0.0
6403.371384500,9780.0,0.0
6403.381602318,9780.0,0.0
6403.391717719,9780.0,0.0
6403.401140627,9780.0,0.0
6403.411520360,9780.0,0.0
6403.421562429,9780.0,0.0
6403.431825245,9780.0,0.0
6403.441788065,9780.0,0.0
6403.451028058,9780.0,0.0
6403.461247292,9780.0,0.0
6403.471596608,9780.0,0.0
6403.481724343,10580.0,0.0
6403.492117908,10580.0,0.0
6403.502528223,10580.0,0.0
6403.513099121,10580.0,0.0
6403.522269281,10580.0,0.0
6403.536605475,10580.0,0.0
6403.543341243,10580.0,0.0
6403.553304312,10580.0,0.0
6403.564120790,10580.0,0.0
6403.574249775,10580.0,0.0
6403.583757682,10580.0,0.0
6403.607927780,10580.0,0.0
6403.608035196,10580.0,0.0
6403.613713557,10580.0,0.0
6403.625229445,10580.0,0.0
6403.635061433,10580.0,0.0
6403.643817848,10580.0,0.0
6403.653169423,10580.0,0.0
6403.663512406,10580.0,0.0
6403.684567368,10580.0,0.0
6403.684686116,10580.0,0.0
6403.693330616,10580.0,0.0
6403.703571682,10580.0,0.0
6403.714098580,10580.0,0.0
6403.722983493,10580.0,0.0
6403.733171894,10580.0,0.0
6403.744421785,10580.0,0.0
6403.753718111,10580.0,0.0
6403.763947845,10580.0,0.0
6403.774358160,10075.0,0.0
6403.784429812,10075.0,0.0
6403.794629796,10075.0,0.0
6403.805417691,10075.0,0.0
6403.815464426,10075.0,0.0
6403.827098563,10075.0,0.0
6403.837003967,10075.0,0.0
6403.847532447,10075.0,0.0
6403.856883190,10075.0,0.0
6403.868303662,10075.0,0.0
6403.877105743,10075.0,0.0
6403.886418819,10075.0,0.0
6403.896748218,10075.0,0.0
6403.906761787,10075.0,0.0
6403.917549932,10075.0,0.0
6403.928115579,10075.0,0.0
6403.940224461,10075.0,0.0
6403.955324898,10075.0,0.0
6403.961201507,10075.0,0.0
6403.971114411,10075.0,0.0
6403.980630235,10075.0,0.0
6403.990805636,10075.0,0.0
6404.001082702,10075.0,0.0
6404.011247853,10075.0,0.0
6404.020982175,10075.0,0.0
6404.030818329,10075.0,0.0
6404.041394393,10075.0,0.0
6404.050098725,10075.0,0.0
6404.060978869,10075.0,0.0
6404.077348876,10075.0,0.0
6404.081313171,10075.0,0.0
6404.090811662,10075.0,0.0
6404.100843647,10075.0,0.0
6404.111535043,10075.0,0.0
6404.120770120,10075.0,0.0
6404.142294494,10075.0,0.0
6404.143664480,10075.0,0.0
6404.157012434,10075.0,0.0
6404.167782996,10075.0,0.0
6404.176721909,10075.0,0.0
6404.187457554,10075.0,0.0
6404.198780777,10075.0,0.0
6404.206681867,10075.0,0.0
6404.220663897,10075.0,0.0
6404.226796921,10075.0,0.0
6404.236026414,10075.0,0.0
6404.246076400,10075.0,0.0
6404.257344040,10075.0,0.0
6404.266346953,10075.0,0.0
6404.276677519,10075.0,0.0
6404.287581329,10075.0,0.0
6404.297671148,10075.0,0.0
6404.306820558,10075.0,0.0
6404.317265540,10075.0,0.0
6404.327378442,10075.0,0.0
6404.337545093,10075.0,0.0
6404.347946575,10075.0,0.0
6404.360267955,10075.0,0.0
6404.368368459,10075.0,10.0
6404.380251927,10075.0,10.0
6404.391448568,10075.0,10.0
6404.403081454,10075.0,10.0
6404.436315298,10075.0,10.0
6404.436376547,10075.0,10.0
6404.436458963,10075.0,10.0
6404.442026242,10075.0,10.0
6404.452482223,10075.0,0.0
6404.463929695,10075.0,0.0
6404.477103900,10075.0,0.0
6404.483638087,10075.0,0.0
6404.493914320,10075.0,0.0
6404.503378728,10075.0,0.0
6404.513749294,10075.0,0.0
6404.523863945,10075.0,0.0
6404.539400460,10075.0,0.0
6404.544152247,10075.0,0.0
6404.556365212,10075.0,0.0
6404.564837213,10075.0,0.0
6404.574251288,10075.0,0.0
6404.583349199,10075.0,0.0
6404.597381396,10075.0,0.0
6404.606199810,10075.0,0.0
6404.630984902,10075.0,0.0
6404.631055735,10075.0,0.0
6404.638617078,10075.0,0.0
6404.649173058,10075.0,0.0
6404.658669966,10075.0,0.0
6404.670732015,10075.0,0.0
6404.678642605,10075.0,0.0
6404.688671174,10075.0,0.0
6404.699191404,10075.0,0.0
6404.708615979,10075.0,0.0
6404.718881213,10075.0,0.0
6404.728468536,10075.0,0.0
6404.739384763,10075.0,0.0
6404.750104909,10075.0,0.0
6404.764506435,10075.0,0.0
6404.770634125,10075.0,0.0
6404.781464520,10075.0,0.0
6404.790791429,10075.0,-10.0
6404.799980256,10075.0,-10.0
6404.810773901,10075.0,-10.0
6404.823313613,10075.0,-10.0
6404.832374858,10075.0,-10.0
6404.844408490,10075.0,0.0
6404.852127749,10075.0,0.0
6404.861435075,10075.0,0.0
6404.871680475,10075.0,0.0
6404.882977615,10075.0,0.0
6404.891295784,10075.0,0.0
6404.902180845,10075.0,0.0
6404.911736168,10075.0,0.0
6404.921568572,10075.0,0.0
6404.931472309,10075.0,0.0
6404.945423257,10075.0,0.0
6404.951182951,10075.0,0.0
6404.973276652,10075.0,0.0
6404.973327985,10075.0,0.0
6404.982255898,10075.0,0.0
6404.992782712,10075.0,0.0
6405.003049279,10075.0,0.0
6405.012254606,10075.0,0.0
6405.022242009,10075.0,0.0
6405.032377243,10075.0,0.0
6405.042613394,10075.0,0.0
6405.052846044,10075.0,0.0
6405.062973112,10075.0,0.0
6405.072414437,10075.0,0.0
6405.082509589,10075.0,0.0
6405.093210901,10075.0,0.0
6405.102201730,10075.0,0.0
6405.112542630,10075.0,0.0
6405.133209595,10075.0,0.0
6405.134484916,10075.0,0.0
6405.143688910,10075.0,0.0
6405.154384305,10075.0,0.0
6405.164528623,10075.0,0.0
6405.177974742,10075.0,0.0
6405.184489346,10075.0,0.0
6405.198759123,10075.0,0.0
6405.210968004,10075.0,0.0
6405.218656013,10075.0,0.0
6405.228789331,10075.0,0.0
6405.237885909,10075.0,0.0
6405.248521139,10075.0,0.0
6405.258634540,10075.0,0.0
6405.268730275,10075.0,0.0
6405.281882314,10075.0,0.0
6405.289262492,10075.0,0.0
6405.299393143,10075.0,0.0
6405.310017540,10075.0,0.0
6405.319189201,10075.0,0.0
6405.329159270,10075.0,0.0
6405.339420504,10075.0,0.0
6405.349613154,10075.0,0.0
6405.360175718,10075.0,0.0
6405.370609033,10075.0,0.0
6405.381290679,10075.0,0.0
6405.393395228,10075.0,0.0
6405.408985660,10075.0,0.0
6405.414507023,10075.0,0.0
6405.424108846,10075.0,0.0
6405.434800075,10075.0,0.0
6405.443849153,10075.0,0.0
6405.454334718,10075.0,0.0
6405.472463125,10075.0,0.0
6405.475284431,10075.0,0.0
6405.485367833,10075.0,0.0
6405.495694065,10075.0,0.0
6405.504864893,10075.0,0.0
6405.514938461,10075.0,0.0
6405.525753023,10075.0,0.0
6405.535631760,10075.0,0.0
6405.545902410,10075.0,0.0
6405.557440881,10075.0,0.0
6405.567513533,10075.0,0.0
6405.577733516,10075.0,0.0
6405.594734351,10075.0,0.0
6405.598818561,10075.0,0.0
6405.609534707,10075.0,0.0
6405.621187260,10075.0,0.0
6405.630609335,10075.0,0.0
6405.640775986,10075.0,0.0
6405.651340466,10075.0,0.0
6405.662660773,10075.0,0.0
6405.676308723,10075.0,0.0
6405.683562903,10075.0,0.0
6405.692429066,10075.0,0.0
6405.702415469,10075.0,0.0
6405.713947857,10075.0,0.0
6405.722751188,10075.0,0.0
6405.737658126,10075.0,0.0
6405.742703743,10075.0,0.0
6405.752608647,10075.0,0.0
6405.763372459,10075.0,0.0
6405.775453508,10075.0,0.0
6405.784924166,10075.0,0.0
6405.796620552,10075.0,0.0
6405.806361290,10075.0,0.0
6405.817589848,10075.0,0.0
6405.826217514,10075.0,0.0
6405.837382655,10075.0,0.0
6405.845644408,10075.0,0.0
6405.856176555,10075.0,0.0
6405.865597130,10075.0,0.0
6405.879014499,10075.0,0.0
6405.889524230,10075.0,0.0
6405.899652382,10075.0,0.0
6405.909869199,10075.0,0.0
6405.920322431,10075.0,0.0
6405.930710996,10075.0,0.0
6405.940023405,10075.0,0.0
6405.950412721,10075.0,0.0
6405.960653121,10075.0,0.0
6405.970889188,10075.0,0.0
6405.981096089,10075.0,0.0
6405.991536737,10075.0,0.0
6406.001788721,10075.0,0.0
6406.012633615,10075.0,0.0
6406.023015014,10075.0,0.0
6406.034270071,10075.0,0.0
6406.043333066,10075.0,0.0
6406.054486208,10075.0,0.0
6406.065856430,10075.0,0.0
6406.074008267,10075.0,0.0
6406.083314677,10075.0,0.0
6406.093572910,10075.0,0.0
6406.104225140,10075.0,0.0
6406.114276542,10075.0,0.0
6406.124876605,10075.0,0.0
6406.134192515,10075.0,0.0
6406.144603413,10075.0,0.0
6406.155133477,10075.0,0.0
6406.164202723,10075.0,0.0
6406.175152533,10075.0,0.0
6406.184315693,10075.0,0.0
6406.194967673,10075.0,0.0
6406.205226490,10075.0,0.0
6406.220208844,10075.0,0.0
6406.225988204,10075.0,0.0
6406.234720619,10075.0,0.0
6406.243924780,10075.0,0.0
6406.254443760,10075.0,0.0
6406.264821243,10075.0,0.0
6406.274751479,10075.0,0.0
6406.284777715,10075.0,0.0
6406.294169290,10075.0,0.0
6406.304480357,10075.0,0.0
6406.314809339,10075.0,0.0
6406.324067499,10075.0,0.0
6406.334321649,10075.0,0.0
6406.344592549,10075.0,0.0
6406.354931199,10075.0,0.0
6406.364148692,10075.0,0.0
6406.374363093,10075.0,0.0
6406.384715075,10075.0,0.0
6406.400665920,10075.0,0.0
6406.406099534,10075.0,0.0
6406.414933031,10075.0,0.0
6406.425242014,10075.0,0.0
6406.435482664,10075.0,0.0
6406.445893146,10075.0,0.0
6406.455194222,10075.0,0.0
6406.466474363,10075.0,0.0
6406.477468005,10075.0,0.0
6406.486914830,10075.0,0.0
6406.496799484,10075.0,0.0
6406.507197216,10075.0,0.0
6406.517333534,10075.0,0.0
6406.528003763,10075.0,0.0
6406.537965666,10075.0,0.0
6406.551446285,10075.0,0.0
6406.558711214,10075.0,0.0
6406.568417953,10075.0,0.0
6406.578753853,10075.0,0.0
6406.588966836,10075.0,0.0
6406.599633566,10075.0,0.0
6406.608384147,10075.0,0.0
6406.618646047,10075.0,0.0
6406.628685950,10075.0,0.0
6406.639378012,10075.0,0.0
6406.649139251,10075.0,0.0
6406.659392734,10075.0,0.0
6406.669680384,10075.0,0.0
6406.680547278,10075.0,0.0
6406.689466108,10075.0,0.0
6406.699673425,10075.0,0.0
6406.710416321,10075.0,0.0
6406.720932135,10075.0,0.0
6406.733612928,10075.0,0.0
6406.740574944,10075.0,0.0
6406.750486764,10075.0,0.0
6406.760799080,10075.0,0.0
6406.771030647,10075.0,0.0
6406.781294880,10075.0,0.0
6406.791494114,10075.0,0.0
6406.801795597,10075.0,0.0
6406.811639252,10075.0,0.0
6406.821244241,10075.0,0.0
6406.832186968,10075.0,0.0
6406.841317796,10075.0,0.0
6406.852071024,10075.0,0.0
6406.862518173,10075.0,0.0
6406.878991429,10075.0,0.0
6406.884730540,10075.0,0.0
6406.891412558,10075.0,0.0
6406.901608792,10075.0,0.0
6406.911829693,10075.0,0.0
6406.922227008,10075.0,0.0
6406.932412576,10075.0,0.0
6406.942830474,10075.0,0.0
6406.953101957,10075.0,0.0
6406.962061620,10075.0,0.0
6406.972564851,10075.0,0.0
6406.982414505,10075.0,0.0
6406.993068568,10075.0,0.0
6407.002466393,10075.0,0.0
6407.012323797,10075.0,0.0
6407.023376273,10075.0,0.0
6407.033638257,10075.0,0.0
6407.043306246,10075.0,0.0
6407.053678811,10075.0,0.0
6407.064106293,10075.0,0.0
6407.078548319,10075.0,10.0
6407.084988423,10075.0,10.0
6407.095575653,10075.0,10.0
6407.105709971,10075.0,10.0
6407.115062880,10075.0,0.0
6407.142322782,10075.0,0.0
6407.142379614,10075.0,0.0
6407.146328576,10075.0,0.0
6407.157080721,10075.0,0.0
6407.166673544,10075.0,0.0
6407.176804362,10075.0,0.0
6407.186891014,10075.0,0.0
6407.217837963,10075.0,0.0
6407.224114068,10075.0,0.0
6407.224185818,10075.0,0.0
6407.226564878,10075.0,0.0
6407.236773112,10075.0,0.0
6407.247008762,10075.0,0.0
6407.256315588,10075.0,0.0
6407.267058567,10075.0,0.0
6407.276961554,10075.0,0.0
6407.288095112,10075.0,0.0
6407.296830194,10075.0,0.0
6407.306068187,10075.0,0.0
6407.316180422,10075.0,0.0
6407.326456405,10075.0,0.0
6407.337192801,10075.0,0.0
6407.347073121,10075.0,0.0
6407.356204532,10075.0,0.0
6407.366872595,10075.0,0.0
6407.377094662,10075.0,0.0
6407.389155128,10075.0,0.0
6407.400084605,10075.0,0.0
6407.406843539,10075.0,0.0
6407.415946117,10075.0,0.0
6407.426283767,10075.0,0.0
6407.436455834,10075.0,0.0
6407.446574486,10075.0,0.0
6407.456869885,10075.0,0.0
6407.466230044,10075.0,0.0
6407.476831858,10075.0,0.0
6407.487482671,10075.0,0.0
6407.497627905,10075.0,0.0
6407.507966554,10075.0,0.0
6407.517070216,10075.0,0.0
6407.527305533,10075.0,0.0
6407.537650765,10075.0,0.0
6407.547891166,10075.0,0.0
6407.558031984,10075.0,0.0
6407.568310800,10075.0,0.0
6407.578958780,10075.0,0.0
6407.597284268,10075.0,0.0
6407.599739828,10075.0,0.0
6407.610367141,10075.0,0.0
6407.619550801,10075.0,0.0
6407.630468612,10075.0,0.0
6407.639100111,10075.0,0.0
6407.649596425,10075.0,0.0
6407.662186803,10075.0,0.0
6407.670609304,10075.0,0.0
6407.679628300,10075.0,0.0
6407.689980032,10075.0,0.0
6407.700195516,10075.0,0.0
6407.710291168,10075.0,0.0
6407.720512402,10075.0,0.0
6407.740520623,10075.0,0.0
6407.740566040,10075.0,0.0
6407.751005021,10075.0,0.0
6407.760538845,10075.0,0.0
6407.770934077,10075.0,0.0
6407.780924397,10075.0,0.0
6407.791656542,10075.0,0.0
6407.802091107,10075.0,0.0
6407.811826596,10075.0,0.0
6407.821859498,10075.0,0.0
6407.833240554,10075.0,0.0
6407.841991219,10075.0,0.0
6407.851498626,10075.0,0.0
6407.874646234,10075.0,0.0
6407.885589211,10075.0,0.0
6407.887759190,10075.0,0.0
6407.897055349,10075.0,0.0
6407.907252833,10075.0,0.0
6407.917358401,10075.0,0.0
6407.931373265,10075.0,0.0
6407.940887672,10075.0,0.0
6407.958424752,10075.0,0.0
6407.959395575,10075.0,0.0
6407.967464747,10075.0,0.0
6407.977667398,10075.0,0.0
6407.990201692,10075.0,0.0
6408.022197631,10075.0,0.0
6408.022235714,10075.0,0.0
6408.022395795,10075.0,0.0
6408.027928575,10075.0,0.0
6408.038354307,10075.0,0.0
6408.048453875,10075.0,0.0
6408.059134688,10075.0,0.0
6408.068023268,10075.0,0.0
6408.078215418,10075.0,0.0
6408.088683483,10075.0,0.0
6408.098618053,10075.0,0.0
6408.108882203,10075.0,0.0
6408.117946448,10075.0,0.0
6408.128805926,10075.0,0.0
6408.139263907,10075.0,0.0
6408.149471308,10075.0,0.0
6408.159981456,10075.0,0.0
6408.169629112,10075.0,0.0
6408.179909012,10075.0,0.0
6408.189918497,10075.0,0.0
6408.208096237,10075.0,0.0
6408.210913626,10075.0,0.0
6408.221622855,10075.0,0.0
6408.231295761,10075.0,0.0
6408.241575244,10075.0,0.0
6408.252135225,10075.0,0.0
6408.261355552,10075.0,0.0
6408.275188167,10075.0,0.0
6408.282259348,10075.0,0.0
6408.291441509,10075.0,0.0
6408.301942073,10075.0,0.0
6408.312625469,10075.0,0.0
6408.323197116,10075.0,0.0
6408.332848772,10075.0,0.0
6408.351318259,10075.0,0.0
6408.353582237,10075.0,0.0
6408.363611889,10075.0,0.0
6408.373940372,10075.0,0.0
6408.383763277,10075.0,0.0
6408.403396919,10075.0,0.0
6408.403939580,10075.0,0.0
6408.414031982,10075.0,0.0
6408.424054718,10075.0,0.0
6408.433781290,10075.0,0.0
6408.443396696,10075.0,0.0
6408.454299006,10075.0,0.0
6408.463595833,10075.0,0.0
6408.487198769,10075.0,0.0
6408.487235019,10075.0,0.0
6408.497392503,10075.0,0.0
6408.505962337,10075.0,0.0
6408.516308653,10075.0,0.0
6408.533900815,10075.0,0.0
6408.540554667,10075.0,0.0
6408.551404561,10075.0,0.0
6408.560768136,10075.0,0.0
6408.570460375,10075.0,0.0
6408.581551101,10075.0,0.0
6408.591015758,10075.0,0.0
6408.600897912,10075.0,0.0
6408.614199449,10075.0,0.0
6408.621205381,10075.0,0.0
6408.630627956,10075.0,0.0
6408.640145780,10075.0,0.0
6408.650700177,10075.0,0.0
6408.660926078,10075.0,0.0
6408.670045322,10075.0,0.0
6408.680747301,10075.0,0.0
6408.691123367,10075.0,0.0
6408.701082937,10075.0,0.0
6408.711965247,10075.0,0.0
6408.721005909,10075.0,0.0
6408.731205060,10075.0,0.0
6408.741486460,10075.0,0.0
6408.751971941,10075.0,0.0
6408.762626171,10075.0,10.0
6408.771378169,10075.0,10.0
6408.781672402,10075.0,10.0
6408.805781667,10075.0,10.0
6408.805939582,10075.0,10.0
6408.815131493,10075.0,10.0
6408.825760139,10075.0,10.0
6408.834919884,10075.0,0.0
6408.844980452,10075.0,0.0
6408.855884929,10075.0,0.0
6408.882596503,10075.0,0.0
6408.882664169,10075.0,0.0
6408.886366299,10075.0,0.0
6408.896934446,10075.0,0.0
6408.905287948,10075.0,0.0
6408.915628431,10075.0,0.0
6408.928391140,10075.0,0.0
6408.941186432,10075.0,0.0
6408.947549037,10075.0,0.0
6408.957760604,10075.0,0.0
6408.967902422,10075.0,0.0
6408.978059240,10075.0,0.0
6408.989188048,10075.0,0.0
6408.998158961,10075.0,0.0
6409.008255612,10075.0,0.0
6409.018606345,10075.0,0.0
6409.028833329,10075.0,0.0
6409.037975990,10075.0,0.0
6409.049464794,10075.0,0.0
6409.061351429,10075.0,0.0
6409.068973104,10075.0,0.0
6409.078744259,10075.0,0.0
6409.088804078,10075.0,0.0
6409.098695315,10075.0,0.0
6409.108157056,10075.0,0.0
6409.118320374,10075.0,0.0
6409.128497192,10075.0,0.0
6409.142094726,10075.0,0.0
6409.151224887,10075.0,0.0
6409.161033041,10075.0,0.0
6409.171389191,10075.0,0.0
6409.185239472,10075.0,0.0
6409.199382168,10075.0,0.0
6409.205242861,10075.0,0.0
6409.215572344,10075.0,0.0
6409.226051492,10075.0,0.0
6409.235969645,10075.0,0.0
6409.246629958,10075.0,0.0
6409.263323629,10075.0,0.0
6409.270992471,10075.0,0.0
6409.276538083,10075.0,0.0
6409.287276479,10075.0,0.0
6409.297410130,10075.0,0.0
6409.308215608,10075.0,0.0
6409.317217771,10075.0,0.0
6409.348571715,10075.0,0.0
6409.348615298,10075.0,0.0
6409.349820620,10075.0,0.0
6409.359522192,10075.0,0.0
6409.368866851,10075.0,0.0
6409.378522507,10075.0,0.0
6409.393024032,10075.0,0.0
6409.408374050,10075.0,0.0
6409.414869236,10075.0,0.0
6409.425172719,10075.0,0.0
6409.435896698,10075.0,0.0
6409.446174598,10075.0,0.0
6409.458307647,10075.0,0.0
6409.466618816,10075.0,0.0
6409.492246900,10075.0,0.0
6409.492379232,10075.0,0.0
6409.499141666,10075.0,0.0
6409.509005820,10075.0,0.0
6409.525330827,10075.0,0.0
6409.531545184,10075.0,0.0
6409.545162218,10075.0,0.0
6409.555778114,10075.0,0.0
6409.563133459,10075.0,0.0
6409.570826384,10075.0,0.0
6409.580768121,10075.0,0.0
6409.590540776,10075.0,0.0
6409.600597595,10075.0,0.0
6409.613667384,10075.0,0.0
6409.623657287,10075.0,0.0
6409.633139278,10075.0,0.0
6409.643629592,10075.0,0.0
6409.653863743,10075.0,0.0
6409.663789979,10075.0,0.0
6409.674290877,10075.0,0.0
6409.684203614,10075.0,0.0
6409.697686149,10075.0,0.0
6409.706465314,10075.0,0.0
6409.716456633,10075.0,0.0
6409.741888969,10075.0,0.0
6409.742030134,10075.0,0.0
6409.746471257,10075.0,0.0
6409.759222550,10075.0,0.0
6409.766203982,10075.0,0.0
6409.776277717,10075.0,0.0
6409.786536117,10075.0,0.0
6409.797102431,10075.0,0.0
6409.809870140,10075.0,0.0
6409.817207069,10075.0,0.0
6409.826004483,10075.0,0.0
6409.836088801,10075.0,0.0
6409.846575949,10075.0,0.0
6409.856759100,10075.0,0.0
6409.865990260,10075.0,0.0
6409.876390742,10075.0,0.0
6409.887117471,10075.0,0.0
6409.896661878,10075.0,0.0
6409.906708280,10075.0,0.0
6409.916664184,10075.0,0.0
6409.926869834,10075.0,0.0
6409.935977412,10075.0,0.0
6409.946920639,10075.0,0.0
6409.956897208,10075.0,0.0
6409.967152109,10075.0,0.0
6409.976436435,10075.0,0.0
6409.987046998,10075.0,0.0
6410.007318801,10075.0,0.0
6410.007456299,10075.0,0.0
6410.020986668,10075.0,0.0
6410.027089942,10075.0,0.0
6410.037196677,10075.0,-10.0
6410.047212496,10075.0,-10.0
6410.057536478,10075.0,-10.0
6410.067844545,10075.0,-10.0
6410.081677993,10075.0,-10.0
6410.089170004,10075.0,0.0
6410.098986075,10075.0,0.0
6410.108431066,10075.0,0.0
6410.118951464,10075.0,0.0
6410.141681909,10075.0,0.0
6410.141740742,10075.0,0.0
6410.150302409,10075.0,0.0
6410.159225905,10075.0,0.0
6410.168897311,10075.0,0.0
6410.178943963,10075.0,0.0
6410.188570786,10075.0,0.0
6410.202431984,10075.0,0.0
6410.208911504,10075.0,0.0
6410.218700659,10075.0,0.0
6410.228784811,10075.0,0.0
6410.238604549,10075.0,0.0
6410.249391610,10075.0,0.0
6410.258632937,10075.0,0.0
6410.268938503,10075.0,0.0
6410.278479994,10075.0,0.0
6410.288312648,10075.0,0.0
6410.298570965,10075.0,0.0
6410.309556774,10075.0,0.0
6410.319417345,10075.0,0.0
6410.329296666,10075.0,0.0
6410.339829646,10075.0,0.0
6410.351456450,10075.0,0.0
6410.363481499,10075.0,0.0
6410.371706503,10075.0,0.0
6410.380312586,10075.0,0.0
6410.391191313,10075.0,0.0
6410.403710608,10075.0,0.0
6410.417607472,10075.0,0.0
6410.420949273,10075.0,0.0
6410.432064082,10075.0,0.0
6410.442369648,10075.0,0.0
6410.452355884,10075.0,0.0
6410.464536849,10075.0,0.0
6410.476908312,10075.0,0.0
6410.513219791,10075.0,0.0
6410.513311040,10075.0,0.0
6410.513352790,10075.0,0.0
6410.513371623,10075.0,0.0
6410.528442560,10075.0,0.0
6410.546110804,10075.0,0.0
6410.546145887,10075.0,0.0
6410.553287318,10075.0,0.0
6410.563198721,10075.0,0.0
6410.572357382,10075.0,0.0
6410.582443534,10075.0,0.0
6410.594805330,10075.0,0.0
6410.607233626,10075.0,0.0
6410.622415895,10075.0,0.0
6410.623916630,10075.0,0.0
6410.635942180,10075.0,0.0
6410.645197173,10075.0,0.0
6410.655666321,10075.0,0.0
6410.666388967,10075.0,0.0
6410.676006290,10075.0,0.0
6410.707825896,10075.0,0.0
6410.707863563,10075.0,0.0
6410.707973062,10075.0,0.0
6410.715496488,10075.0,0.0
6410.725709389,10075.0,0.0
6410.736015872,10075.0,0.0
6410.746330855,10075.0,0.0
6410.756460589,10075.0,0.0
6410.766557908,10075.0,0.0
6410.777679550,10075.0,0.0
6410.787359455,10075.0,0.0
6410.797360358,10075.0,10.0
6410.809334408,10075.0,10.0
6410.818469486,10075.0,10.0
6410.829249714,10075.0,0.0
6410.840225691,10075.0,0.0
6410.849146437,10075.0,0.0
6410.860088747,10075.0,0.0
6410.869824986,10075.0,0.0
6410.879775972,10075.0,0.0
6410.888955466,10075.0,0.0
6410.899519530,10075.0,0.0
6410.910066427,10075.0,0.0
6410.920336327,10075.0,0.0
6410.930777142,10075.0,0.0
6410.941459288,10075.0,0.0
6410.949925206,10075.0,0.0
6410.960561685,10075.0,0.0
6410.970503922,10075.0,0.0
6410.980752822,10075.0,0.0
6410.990070231,10075.0,0.0
6411.000298215,10075.0,0.0
6411.009541458,10075.0,0.0
6411.020095772,10075.0,0.0
6411.030149424,10075.0,0.0
6411.040013745,10075.0,0.0
6411.050782307,10075.0,0.0
6411.060621211,10075.0,0.0
6411.070912111,10075.0,0.0
6411.080146938,10075.0,0.0
6411.090922999,10075.0,0.0
6411.101138567,10075.0,0.0
6411.110453726,10075.0,0.0
6411.122193278,10075.0,0.0
6411.133241837,10075.0,0.0
6411.141249343,10075.0,0.0
6411.151249412,10075.0,0.0
6411.161881058,10075.0,0.0
6411.171331883,10075.0,0.0
6411.182182527,10075.0,0.0
6411.193737998,10075.0,0.0
6411.202839326,10075.0,0.0
6411.213056393,10075.0,0.0
6411.222756382,10075.0,0.0
6411.233692443,10075.0,0.0
6411.243772428,10075.0,0.0
6411.253732747,10075.0,0.0
6411.263753733,10075.0,0.0
6411.273447889,10075.0,0.0
6411.283495124,10075.0,0.0
6411.294055938,10075.0,0.0
6411.303296265,10075.0,0.0
6411.313867579,10075.0,0.0
6411.323544151,10075.0,0.0
6411.333714885,10075.0,0.0
6411.343427124,10075.0,0.0
6411.353780190,10075.0,0.0
6411.363868342,10075.0,0.0
6411.373652913,10075.0,0.0
6411.384500474,10075.0,0.0
6411.403075460,10075.0,0.0
6411.405712768,10075.0,0.0
6411.416185832,10075.0,0.0
6411.425324993,10075.0,0.0
6411.435346646,10075.0,0.0
6411.446715785,10075.0,0.0
6411.455957112,10075.0,0.0
6411.466306677,10075.0,0.0
6411.476459079,10075.0,0.0
6411.486681062,10075.0,0.0
6411.495796307,10075.0,0.0
6411.506086623,10075.0,0.0
6411.516302441,10075.0,0.0
6411.526530174,10075.0,0.0
6411.536953656,10075.0,0.0
6411.547870967,10075.0,0.0
6411.556936295,10075.0,0.0
6411.567251028,10075.0,0.0
6411.577541261,10075.0,0.0
6411.587915327,10075.0,0.0
6411.602269354,10075.0,0.0
6411.608312211,10075.0,0.0
6411.617820035,10075.0,0.0
6411.630357997,10075.0,0.0
6411.637872507,10075.0,0.0
6411.647961325,10075.0,0.0
6411.658180976,10075.0,0.0
6411.667108806,10075.0,0.0
6411.677388872,10075.0,0.0
6411.688089601,10075.0,0.0
6411.706257758,10075.0,0.0
6411.712800361,10075.0,0.0
6411.722383434,10075.0,0.0
6411.732520502,10075.0,0.0
6411.755517861,10075.0,0.0
6411.755563778,10075.0,0.0
6411.763360118,10075.0,0.0
6411.774091347,10075.0,0.0
6411.784089250,10075.0,0.0
6411.793404492,10075.0,0.0
6411.809011007,10075.0,0.0
6411.815296863,10075.0,0.0
6411.825207933,10075.0,0.0
6411.834762840,10075.0,0.0
6411.845628734,10075.0,0.0
6411.856034966,10075.0,0.0
6411.866519530,10075.0,0.0
6411.877991502,10075.0,0.0
6411.885197682,10075.0,0.0
6411.895296917,10075.0,0.0
6411.905775398,10075.0,0.0
6411.916167047,10075.0,0.0
6411.926471530,10075.0,0.0
6411.937280675,10075.0,0.0
6411.947043913,10075.0,0.0
6411.957073065,10075.0,0.0
6411.966572973,10075.0,0.0
6411.976221046,10075.0,0.0
6411.986561195,10075.0,0.0
6411.997605171,10075.0,0.0
6412.008073402,10075.0,0.0
6412.017496644,10075.0,0.0
6412.030300852,10075.0,0.0
6412.037200952,10075.0,0.0
6412.047452102,10075.0,0.0
6412.066908663,10075.0,0.0
6412.071820281,10075.0,0.0
6412.082610843,10075.0,0.0
6412.092294665,10075.0,0.0
6412.101766573,10075.0,0.0
6412.110885484,10075.0,0.0
6412.121273133,10075.0,0.0
6412.131344702,10075.0,0.0
6412.141686684,10075.0,0.0
6412.151968334,10075.0,0.0
6412.161070579,10075.0,0.0
6412.171310896,10075.0,0.0
6412.181646129,10075.0,0.0
6412.191967528,10075.0,0.0
6412.201532685,10075.0,0.0
6412.213396153,10075.0,0.0
6412.224380296,10075.0,0.0
6412.233817287,10075.0,0.0
6412.244080354,10075.0,0.0
6412.255438743,10075.0,0.0
6412.267216629,10075.0,0.0
6412.277403780,10075.0,0.0
6412.284727458,10075.0,0.0
6412.294424864,10075.0,0.0
6412.304935511,10075.0,0.0
6412.314733999,10075.0,0.0
6412.324102075,10075.0,0.0
6412.334096894,10075.0,0.0
6412.344936955,10075.0,0.0
6412.354761943,10075.0,0.0
6412.363937604,10075.0,0.0
6412.374865664,10075.0,0.0
6412.385382645,10075.0,0.0
6412.394173976,10075.0,0.0
6412.404403626,10075.0,0.0
6412.414545111,10075.0,0.0
6412.424793761,10075.0,0.0
6412.434846246,10075.0,0.0
6412.444892399,10075.0,0.0
6412.454127392,10075.0,0.0
6412.466369356,10075.0,0.0
6412.477247584,10075.0,0.0
6412.485166923,10075.0,0.0
6412.495878236,10075.0,0.0
6412.505718556,10075.0,0.0
6412.514830801,10075.0,0.0
6412.526992599,10075.0,0.0
6412.535943179,10075.0,0.0
6412.546160329,10075.0,0.0
6412.555192575,10075.0,0.0
6412.565121895,10075.0,0.0
6412.575433544,10075.0,0.0
6412.585674944,10075.0,0.0
6412.595785096,10075.0,0.0
6412.605964747,10075.0,0.0
6412.616276397,10075.0,0.0
6412.626520630,10075.0,0.0
6412.636751697,10075.0,0.0
6412.645973524,10075.0,0.0
6412.656334090,10075.0,0.0
6412.667078402,10075.0,0.0
6412.677108554,10075.0,0.0
6412.687572286,10075.0,0.0
6412.698131849,10075.0,0.0
6412.709744486,10075.0,0.0
6412.717406662,10075.0,0.0
6412.727869643,10075.0,0.0
6412.744441565,10075.0,0.0
6412.747177122,10075.0,0.0
6412.757578437,10075.0,0.0
6412.768129418,10075.0,0.0
6412.777219663,10075.0,0.0
6412.787553145,10075.0,0.0
6412.797879128,10075.0,0.0
6412.812524569,10075.0,0.0
6412.818146181,10075.0,0.0
6412.879024255,10075.0,0.0
6412.880396158,10075.0,0.0
6412.891836297,10075.0,0.0
6412.903498433,10075.0,0.0
6412.911189025,10075.0,0.0
6412.921606340,10075.0,0.0
6412.932511901,10075.0,0.0
6412.955252096,10075.0,0.0
6412.955378428,10075.0,0.0
6413.223828981,10075.0,0.0
6413.231834819,10075.0,0.0
6413.279903018,10075.0,0.0
6413.289768838,10075.0,0.0
6413.300440318,10075.0,0.0
6413.310379304,10075.0,0.0
6413.320701954,10075.0,0.0
6413.330919604,10075.0,0.0
6413.355142869,10075.0,0.0
6413.355469365,10075.0,0.0
6413.365746099,10075.0,0.0
6413.829364918,10075.0,0.0
6413.839715400,10075.0,0.0
6413.849416306,10075.0,0.0
6413.866667054,10075.0,0.0
6413.870956763,10075.0,0.0
6414.308156672,10075.0,0.0
6414.317391249,10075.0,0.0
6414.327553983,10075.0,0.0
6414.338011215,10075.0,0.0
6414.348347281,10075.0,0.0
6414.366431021,10075.0,0.0
6414.367711676,10075.0,0.0
6414.448488056,10075.0,0.0
6414.458592207,10075.0,0.0
6414.469041772,10075.0,0.0
6414.484349706,10075.0,0.0
6414.680528130,10075.0,0.0
6414.680590962,10075.0,0.0
6414.686287323,10075.0,0.0
6414.696803638,10075.0,0.0
6414.707146204,10075.0,0.0
6414.717238355,10075.0,0.0
6414.729071574,10075.0,0.0
6414.737028496,10075.0,0.0
6414.747159731,10075.0,0.0
6414.757430964,10075.0,0.0
6414.767756197,10075.0,0.0
6414.776969857,10075.0,0.0
6414.787150258,10075.0,0.0
6414.797508157,10075.0,0.0
6414.807824057,10075.0,0.0
6414.816809136,10075.0,0.0
6414.827638030,10075.0,0.0
6414.837855681,10075.0,0.0
6414.851028386,10075.0,0.0
6414.861022872,10075.0,0.0
6415.071940068,10075.0,0.0
6415.081843305,10075.0,0.0
6415.091689959,10075.0,0.0
6415.101728195,10075.0,0.0
6415.113810244,10075.0,0.0
6415.214280099,10075.0,-10.0
6415.224248668,10075.0,-10.0
6415.233527578,10075.0,-10.0
6415.243758312,10075.0,-10.0
6415.254246460,10075.0,-10.0
6415.264691858,10075.0,-10.0
6415.274220432,10075.0,-10.0
6415.285102076,10075.0,-10.0
6415.295397476,10075.0,-10.0
6415.304627386,10075.0,-10.0
6415.314829286,10075.0,-10.0
6415.324147112,10075.0,-10.0
6415.334645094,10075.0,-10.0
6415.344956576,10075.0,-10.0
6415.354291569,10075.0,-10.0
6415.364777217,10075.0,-10.0
6415.374868369,10075.0,-10.0
6415.384142112,10075.0,-10.0
6415.950433431,10075.0,-10.0
6415.961099327,10075.0,-10.0
6415.970028157,10075.0,-10.0
6415.980274473,10075.0,-10.0
6415.990585373,10075.0,-10.0
6416.001299435,10075.0,-10.0
6416.010096683,10075.0,0.0
6416.020271584,10075.0,0.0
6416.030849814,10075.0,0.0
6416.040983049,10075.0,0.0
6416.051087534,10075.0,0.0
6416.061421183,10075.0,0.0
6416.072283078,10075.0,0.0
6416.082775309,10075.0,0.0
6416.092083301,10075.0,0.0
6416.102764031,10075.0,0.0
6416.112915349,10075.0,0.0
6416.122397840,10075.0,0.0
6416.556986525,10075.0,-10.0
6416.566879095,10075.0,-10.0
6416.582385944,10075.0,-10.0
6416.588552134,10075.0,0.0
6416.605034473,10075.0,0.0
6416.608507273,10075.0,0.0
6416.736648358,10075.0,0.0
6416.744418699,10075.0,0.0
6416.755338926,10075.0,0.0
6416.765406912,10075.0,0.0
6416.775155900,10075.0,0.0
6416.785444467,10075.0,0.0
6416.946320650,10075.0,0.0
6416.946367816,10075.0,0.0
6416.949285205,10075.0,0.0
6416.958344283,10075.0,0.0
6416.968567350,10075.0,0.0
6416.978919083,10075.0,0.0
6416.989546229,10075.0,0.0
6417.001792860,10075.0,0.0
6417.010632691,10075.0,0.0
6417.020830425,10075.0,0.0
6417.031984233,10075.0,0.0
6417.042163300,10075.0,0.0
6417.053022361,10075.0,0.0
6417.146680032,10075.0,10.0
6417.157133347,10075.0,10.0
6417.167299248,10075.0,10.0
6417.177749980,10075.0,10.0
6417.188297627,10075.0,10.0
6417.197431705,10075.0,0.0
6417.207687272,10075.0,0.0
6417.218675665,10075.0,0.0
6417.228710567,10075.0,0.0
6417.238217724,10075.0,0.0
6417.248484958,10075.0,0.0
6417.258692108,10075.0,0.0
6417.268348014,10075.0,0.0
6417.278292001,10075.0,0.0
6417.288596151,10075.0,0.0
6417.299240380,10075.0,0.0
6417.308921203,10075.0,0.0
6417.319106103,10075.0,0.0
6417.334268039,10075.0,0.0
6417.341352054,10075.0,0.0
6417.351308373,10075.0,0.0
6417.360053371,10075.0,0.0
6417.370733351,10075.0,0.0
6417.381185332,10075.0,0.0
6417.390228328,10075.0,0.0
6417.613727485,10075.0,0.0
6417.623638388,10075.0,0.0
6417.632378303,10075.0,0.0
6417.642389622,10075.0,0.0
6417.652952769,10075.0,0.0
6417.663079837,10075.0,0.0
6417.676255292,10075.0,0.0
6417.816463177,10075.0,10.0
6417.827092324,10075.0,10.0
6417.836430149,10075.0,10.0
6417.846708216,10075.0,10.0
6417.859227261,10075.0,10.0
6418.144898479,10075.0,0.0
6418.153651394,10075.0,0.0
6418.164466872,10075.0,-10.0
6418.173635699,10075.0,-10.0
6418.183813600,10075.0,-10.0
6418.198299876,10075.0,-10.0
6418.204365650,10075.0,-10.0
6418.689805507,10075.0,0.0
6418.699449329,10075.0,0.0
6418.709126235,10075.0,0.0
6418.719557550,10075.0,0.0
6418.730676442,10075.0,0.0
6418.739273525,10075.0,0.0
6418.750308501,10075.0,0.0
6418.760388069,10075.0,0.0
6418.770342472,10075.0,0.0
6418.780991452,10075.0,0.0
6418.790323944,10075.0,0.0
6418.800702093,10075.0,0.0
6418.811129492,10075.0,0.0
6418.821598890,10075.0,0.0
6418.831932456,10075.0,0.0
6418.841637528,10075.0,0.0
6418.854385487,10075.0,0.0
6418.864462473,10075.0,0.0
6419.399707344,10075.0,0.0
6419.408612674,10075.0,0.0
6419.419398236,10075.0,0.0
6419.429661886,10075.0,0.0
6419.439701538,10075.0,0.0
6419.449057197,10075.0,0.0
6419.467440934,10075.0,0.0
6419.471455479,10075.0,0.0
6419.734323586,10075.0,0.0
6419.744384571,10075.0,0.0
6419.754497639,10075.0,0.0
6419.765130036,10075.0,0.0
6419.775692683,10075.0,0.0
6419.785881000,10075.0,0.0
6419.805687557,10075.0,0.0
6419.807624789,10075.0,0.0
6420.546791508,10075.0,0.0
6420.556082334,10075.0,0.0
6420.567503473,10075.0,0.0
6420.576692883,10075.0,0.0
6420.586825868,10075.0,0.0
6420.596563773,10075.0,0.0
6420.608777988,10075.0,0.0
6420.620472540,10075.0,0.0
6420.679384800,10075.0,0.0
6420.691120769,10075.0,0.0
6420.700384262,10075.0,0.0
6420.709324342,10075.0,10.0
6420.720551316,10075.0,10.0
6420.731283378,10075.0,10.0
6421.014403204,10075.0,0.0
6421.024719437,10075.0,0.0
6421.035006254,10075.0,0.0
6421.045349653,10075.0,0.0
6421.057244704,10075.0,0.0
6421.340577945,10075.0,0.0
6421.344624239,10075.0,0.0
6421.354300978,10075.0,0.0
6421.364865125,10075.0,0.0
6421.375376440,10075.0,0.0
6421.386588914,10075.0,0.0
6421.399726452,10075.0,0.0
6421.407310879,10075.0,0.0
6421.558787737,10075.0,0.0
6421.567926648,10075.0,0.0
6421.578006633,10075.0,0.0
6421.588258117,10075.0,0.0
6421.599161594,10075.0,0.0
6421.608332838,10075.0,0.0
6421.618296908,10075.0,0.0
6421.628953054,10075.0,0.0
6421.637979716,10075.0,0.0
6421.648169867,10075.0,0.0
6421.658843429,10075.0,0.0
6421.668808249,10075.0,0.0
6421.677929660,10075.0,0.0
6421.688343475,10075.0,0.0
6421.698926372,10075.0,0.0
6421.709060440,10075.0,0.0
6421.720048417,10075.0,0.0
6421.729951320,10075.0,0.0
6421.740660883,10075.0,0.0
6422.285757242,10075.0,-10.0
6422.296086391,10075.0,-10.0
6422.306712954,10075.0,-10.0
6422.316837689,10075.0,-10.0
6422.326097265,10075.0,-10.0
6422.336475164,10075.0,-10.0
6422.350237364,10075.0,-10.0
6422.357275712,10075.0,-10.0
6422.367624694,10075.0,-10.0
6422.377876428,10075.0,-10.0
6422.391625461,10075.0,-10.0
6422.399560800,10075.0,-10.0
6422.756565490,10075.0,0.0
6422.767038555,10075.0,0.0
6422.776897459,10075.0,0.0
6422.787644355,10075.0,0.0
6422.804556023,10075.0,0.0
6422.808568401,10075.0,0.0
6423.072492081,10075.0,0.0
6423.081600909,10075.0,0.0
6423.091984974,10075.0,0.0
6423.101302717,10075.0,0.0
6423.111484535,10075.0,0.0
6423.128523535,10075.0,0.0
6423.133301072,10075.0,0.0
6423.145203873,10075.0,0.0
6423.152607801,10075.0,0.0
6423.163940690,10075.0,0.0
6423.174331173,10075.0,0.0
6423.184789154,10075.0,0.0
6423.195950379,10075.0,0.0
6423.336518260,10075.0,0.0
6423.347584736,10075.0,0.0
6423.356240485,10075.0,0.0
6423.366508968,10075.0,0.0
6423.378282103,10075.0,-10.0
6423.386381274,10075.0,-10.0
6423.398623155,10075.0,-10.0
6423.540572356,10075.0,0.0
6423.550435260,10075.0,0.0
6423.561609401,10075.0,0.0
6423.570268484,10075.0,0.0
6423.580723465,10075.0,0.0
6423.604774981,10075.0,0.0
6423.604809731,10075.0,0.0
6423.737687020,10075.0,0.0
6423.747537008,10075.0,0.0
6423.757860824,10075.0,0.0
6423.768150140,10075.0,0.0
6423.778482706,10075.0,0.0
6423.800336327,10075.0,0.0
6423.801165902,10075.0,0.0
6423.810203648,10075.0,0.0
6423.820385882,10075.0,0.0
6423.831126027,10075.0,0.0
6423.840264105,10075.0,0.0
6423.851378163,10075.0,0.0
6423.861482648,10075.0,0.0
6423.870302979,10075.0,0.0
6424.005052250,10075.0,0.0
6424.014137745,10075.0,0.0
6424.025458468,10075.0,0.0
6424.034507797,10075.0,0.0
6424.044611532,10075.0,0.0
6424.054665934,10075.0,0.0
6424.064782419,10075.0,0.0
6424.074757905,10075.0,0.0
6424.085143470,10075.0,0.0
6424.095189289,10075.0,0.0
6424.105316774,10075.0,0.0
6424.115732506,10075.0,0.0
6424.124920166,10075.0,0.0
6424.135344232,10075.0,0.0
6424.147552029,10075.0,0.0
6424.155144705,10075.0,0.0
6424.165757852,10075.0,0.0
6424.176042085,10075.0,0.0
6424.188465714,10075.0,0.0
6424.197073464,10075.0,0.0
6424.206176542,10075.0,0.0
6424.216302943,10075.0,0.0
6424.226527094,10075.0,0.0
6424.237078241,10075.0,0.0
6424.246100736,10075.0,0.0
6424.256242638,10075.0,0.0
6424.266551287,10075.0,0.0
6424.277255683,10075.0,0.0
6424.286143430,10075.0,0.0
6424.296629161,10075.0,0.0
6424.306311483,10075.0,0.0
6424.316722799,10075.0,0.0
6424.328882097,10075.0,0.0
6424.339491410,10075.0,0.0
6424.348537156,10075.0,0.0
6424.358902721,10075.0,0.0
6424.368142798,10075.0,0.0
6424.379585520,10075.0,0.0
6424.389878003,10075.0,0.0
6424.400483483,10075.0,0.0
6424.409707810,10075.0,0.0
6424.419951127,10075.0,0.0
6424.429490617,10075.0,0.0
6424.439528353,10075.0,0.0
6424.452237479,10075.0,0.0
6424.465764014,10075.0,0.0
6425.001213884,10075.0,0.0
6425.010089797,10075.0,0.0
6425.020365197,10075.0,0.0
6425.031062260,10075.0,0.0
6425.040178754,10075.0,0.0
6425.050542070,10075.0,0.0
6425.060905302,10075.0,0.0
6425.216232040,10075.0,0.0
6425.225485533,10075.0,0.0
6425.235663851,10075.0,0.0
6425.246041333,10075.0,0.0
6425.261498016,10075.0,0.0
6425.267167377,10075.0,0.0
6425.338153519,10075.0,0.0
6425.348044340,10075.0,0.0
6425.358408072,10075.0,0.0
6425.368748138,10075.0,0.0
6425.378818207,10075.0,0.0
6425.390088180,10075.0,0.0
6425.401678151,10075.0,0.0
6425.409866488,10075.0,0.0
6425.418980149,10075.0,0.0
6425.429208883,10075.0,0.0
6425.439383284,10075.0,0.0
6425.450276761,10075.0,0.0
6425.460903407,10075.0,0.0
6425.474160695,10075.0,0.0
6425.481454791,10075.0,0.0
6425.494034168,10075.0,0.0
6425.502760917,10075.0,0.0
6425.513135399,10075.0,0.0
6425.530793810,10075.0,0.0
6425.682038004,10075.0,0.0
6425.691707827,10075.0,0.0
6425.702012560,10075.0,0.0
6425.712593457,10075.0,0.0
6425.722666609,10075.0,0.0
6425.734424827,10075.0,-10.0
6425.745894132,10075.0,-10.0
6425.753209728,10075.0,-10.0
6425.955364926,10075.0,0.0
6425.965292579,10075.0,0.0
6425.975505480,10075.0,0.0
6426.000106324,10075.0,0.0
6426.000138073,10075.0,0.0
6426.348744096,10075.0,0.0
6426.358249003,10075.0,0.0
6426.367663411,10075.0,0.0
6426.379168299,10075.0,0.0
6426.387563384,10075.0,0.0
6426.400348176,10075.0,0.0
6426.408596429,10075.0,0.0
6426.418155336,10075.0,0.0
6426.428251238,10075.0,0.0
6426.438493888,10075.0,0.0
6426.449502198,10075.0,0.0
6426.458986355,10075.0,0.0
6426.468860593,10075.0,0.0
6426.479833652,10075.0,0.0
6426.489854805,10075.0,0.0
6426.498956633,10075.0,0.0
6426.509748278,10075.0,0.0
6426.519729764,10075.0,0.0
6426.529153256,10075.0,0.0
6426.542199129,10075.0,0.0
6426.551935367,10075.0,0.0
6426.558979715,10075.0,0.0
6426.569297031,10075.0,0.0
6426.579433683,10075.0,0.0
6426.589632000,10075.0,0.0
6426.599959066,10075.0,0.0
6426.610106801,10075.0,0.0
6426.620311201,10075.0,0.0
6426.630887515,10075.0,0.0
6426.640773502,10075.0,0.0
6426.649893080,10075.0,0.0
6426.660359061,10075.0,0.0
6426.670614545,10075.0,0.0
6426.680802779,10075.0,0.0
6426.691268510,10075.0,0.0
6426.701394662,10075.0,0.0
6426.711707145,10075.0,0.0
6426.722179709,10075.0,0.0
6426.736171073,10075.0,0.0
6426.873328071,10075.0,10.0
6426.882949144,10075.0,0.0
6426.894128618,10075.0,0.0
6426.903831607,10075.0,0.0
6426.914291589,10075.0,0.0
6426.929079028,10075.0,0.0
6426.934951721,10075.0,0.0
6427.333157010,10075.0,0.0
6427.341817592,10075.0,0.0
6427.351245584,10075.0,0.0
6427.362235560,10075.0,0.0
6427.372269296,10075.0,0.0
6427.381277875,10075.0,0.0
6427.394561912,10075.0,0.0
6427.747798473,10075.0,0.0
6427.757904874,10075.0,0.0
6427.767217700,10075.0,0.0
6427.777331352,10075.0,0.0
6427.787752250,10075.0,0.0
6427.798719060,10075.0,0.0
6427.807832305,10075.0,0.0
6427.817126881,10075.0,0.0
6427.827250616,10075.0,0.0
6427.837274518,10075.0,0.0
6427.847582668,10075.0,0.0
6427.860836955,10075.0,0.0
6427.867293226,10075.0,0.0
6427.877448377,10075.0,0.0
6427.887512362,10075.0,0.0
6427.898105759,10075.0,0.0
6427.907183754,10075.0,0.0
6427.917709818,10075.0,0.0
6427.928611462,10075.0,0.0
6428.219852626,10075.0,0.0
6428.229200285,10075.0,0.0
6428.239756432,10075.0,0.0
6428.250175831,10075.0,0.0
6428.266031426,10075.0,0.0
6428.273754184,10075.0,0.0
6428.284024251,10075.0,0.0
6428.294740813,10075.0,0.0
6428.304890798,10075.0,0.0
6428.314261957,10075.0,0.0
6428.326241090,10075.0,0.0
6428.545637287,10075.0,0.0
6428.555927270,10075.0,0.0
6428.566143171,10075.0,0.0
6428.576682901,10075.0,0.0
6428.586375307,10075.0,0.0
6428.596960537,10075.0,0.0
6428.606714776,10075.0,0.0
6428.615981102,10075.0,0.0
6428.626214752,10075.0,0.0
6428.636260155,10075.0,0.0
6428.648657617,10075.0,0.0
6428.656690206,10075.0,0.0
6428.670660236,10075.0,0.0
6428.677623502,10075.0,0.0
6428.686969077,10075.0,0.0
6428.697562974,10075.0,0.0
6428.706907800,10075.0,0.0
6428.716521123,10075.0,0.0
6428.740375724,10075.0,0.0
6428.885020482,10075.0,0.0
6428.895819627,10075.0,0.0
6428.945717391,10075.0,0.0
6428.956217456,10075.0,0.0
6428.966476273,10075.0,0.0
6428.976372759,10075.0,0.0
6429.000492525,10075.0,0.0
6429.000665023,10075.0,0.0
6429.005308644,10075.0,0.0
6429.015687460,10075.0,0.0
6429.026059942,10075.0,0.0
6429.035140354,10075.0,0.0
6429.045349171,10075.0,0.0
6429.281197541,10075.0,0.0
6429.291626023,10075.0,0.0
6429.301925756,10075.0,0.0
6429.311201082,10075.0,0.0
6429.322237225,10075.0,0.0
6429.334517022,10075.0,0.0
6429.743304792,10075.0,0.0
6429.753476859,10075.0,0.0
6429.763490012,10075.0,0.0
6429.773630746,10075.0,0.0
6429.784612973,10075.0,0.0
6429.794602209,10075.0,0.0
6429.804511862,10075.0,0.0
6429.815195675,10075.0,10.0
6429.825254160,10075.0,10.0
6429.835404645,10075.0,10.0
6429.845672045,10075.0,10.0
6429.855023370,10075.0,10.0
6429.865405353,10075.0,0.0
6429.876044082,10075.0,0.0
6429.885134911,10075.0,0.0
6429.895444894,10075.0,0.0
6429.905573628,10075.0,0.0
6429.915876778,10075.0,0.0
6429.926105012,10075.0,0.0
6429.936378495,10075.0,0.0
6429.946593145,10075.0,0.0
6429.956875962,10075.0,0.0
6429.966129289,10075.0,0.0
6429.977300680,10075.0,0.0
6429.999041385,10075.0,0.0
6429.999482630,10075.0,0.0
6430.007129723,10075.0,0.0
6430.080338843,10075.0,0.0
6430.090181664,10075.0,0.0
6430.100111651,10075.0,0.0
6430.110180803,10075.0,0.0
6430.120622618,10075.0,0.0
6430.131539011,10075.0,0.0
6430.427552379,10075.0,0.0
6430.437763446,10075.0,0.0
6430.447553851,10075.0,0.0
6430.457495337,10075.0,0.0
6430.468542646,10075.0,0.0
6430.731622335,10075.0,0.0
6430.741982900,10075.0,0.0
6430.751656640,10075.0,0.0
6430.762942363,10075.0,0.0
6430.772740351,10075.0,0.0
6430.782517256,10075.0,0.0
6430.793894562,10075.0,0.0
6431.207591783,10075.0,0.0
6431.215574956,10075.0,0.0
6431.225700190,10075.0,0.0
6431.236213255,10075.0,0.0
6431.246373822,10075.0,0.0
6431.256889053,10075.0,0.0
6431.266065547,10075.0,0.0
6431.407745001,10075.0,0.0
6431.419133724,10075.0,0.0
6431.427910971,10075.0,0.0
6431.439572191,10075.0,0.0
6431.448551687,10075.0,0.0
6431.465293441,10075.0,0.0
6431.467933915,10075.0,0.0
6431.861023421,10075.0,0.0
6431.870770576,10075.0,0.0
6431.880072902,10075.0,0.0
6431.890262803,10075.0,0.0
6431.904531830,10075.0,0.0
6431.914844980,10075.0,0.0
6431.929935416,10075.0,0.0
6432.004891353,10075.0,0.0
6432.013914849,10075.0,0.0
6432.024291498,10075.0,0.0
6432.034555148,10075.0,0.0
6432.045360459,10075.0,0.0
6432.054451037,10075.0,0.0
6432.064592438,10075.0,0.0
6432.075475749,10075.0,0.0
6432.409526496,10075.0,0.0
6432.420340474,10075.0,0.0
6432.429217221,10075.0,0.0
6432.439297540,10075.0,0.0
6432.449646356,10075.0,0.0
6432.460179836,10075.0,0.0
6432.469279581,10075.0,0.0
6432.480376973,10075.0,0.0
6432.489718966,10075.0,0.0
6432.498901876,10075.0,0.0
6432.509281525,10075.0,0.0
6432.523101807,10075.0,0.0
6432.529878574,10075.0,0.0
6432.539666479,10075.0,0.0
6432.550401291,10075.0,0.0
6432.560310611,10075.0,0.0
6432.569812769,10075.0,0.0
6432.579409259,10075.0,0.0
6432.590433235,10075.0,0.0
6432.600192473,10075.0,-10.0
6432.609672048,10075.0,-10.0
6432.947577757,10075.0,-10.0
6432.956834334,10075.0,-10.0
6432.966822570,10075.0,-10.0
6432.976726723,10075.0,-10.0
6432.989632264,10075.0,-10.0
6433.273456751,10075.0,-10.0
6433.283586902,10075.0,-10.0
6433.293524139,10075.0,-10.0
6433.304327950,10075.0,-10.0
6433.314693599,10075.0,-10.0
6433.325013332,10075.0,-10.0
6433.334544906,10075.0,-10.0
6433.345168802,10075.0,-10.0
6433.354810459,10075.0,-10.0
6433.364803028,10075.0,-10.0
6433.375453174,10075.0,-10.0
6433.385406244,10075.0,-10.0
6433.395570062,10075.0,-10.0
6433.406398206,10075.0,-10.0
6433.415282953,10075.0,-10.0
6433.425722435,10075.0,-10.0
6433.435858919,10075.0,-10.0
6433.445974487,10075.0,-10.0
6433.456588634,10075.0,-10.0
6433.467131615,10075.0,-10.0
6433.476116861,10075.0,-10.0
6433.486446760,10075.0,-10.0
6433.497214322,10075.0,-10.0
6433.506368733,10075.0,-10.0
6433.516722965,10075.0,0.0
6433.536208942,10075.0,0.0
6433.536251442,10075.0,0.0
6433.546342927,10075.0,0.0
6433.556665826,10075.0,0.0
6433.566730645,10075.0,0.0
6433.575960388,10075.0,0.0
6433.586449620,10075.0,0.0
6433.596661604,10075.0,0.0
6433.606830838,10075.0,0.0
6433.616127747,10075.0,0.0
6433.626212316,10075.0,0.0
6433.636327884,10075.0,0.0
6433.646648950,10075.0,0.0
6433.656268440,10075.0,0.0
6433.667532663,10075.0,0.0
6433.676800990,10075.0,0.0
6433.686898975,10075.0,0.0
6433.696528131,10075.0,0.0
6433.706760031,10075.0,0.0
6433.716389271,10075.0,0.0
6433.731178460,10075.0,-10.0
6433.745692236,10075.0,-10.0
6434.201709212,10075.0,0.0
6434.204544018,10075.0,0.0
6434.214581587,10075.0,0.0
6434.226146057,10075.0,0.0
6434.234262312,10075.0,0.0
6434.244576211,10075.0,0.0
6434.600584328,10075.0,0.0
6434.610572314,10075.0,0.0
6434.621274210,10075.0,0.0
6434.630365705,10075.0,0.0
6434.640465940,10075.0,0.0
6434.661398819,10075.0,0.0
6434.662326310,10075.0,0.0
6434.805769663,10075.0,0.0
6434.815372237,10075.0,0.0
6434.825553304,10075.0,0.0
6434.836561030,10075.0,0.0
6434.847320592,10075.0,0.0
6434.857418410,10075.0,0.0
6434.871799020,10075.0,0.0
6434.877663380,10075.0,0.0
6434.941741589,10075.0,0.0
6434.949026435,10075.0,0.0
6434.958891756,10075.0,0.0
6434.968966658,10075.0,0.0
6434.978680480,10075.0,0.0
6434.999728025,10075.0,0.0
6435.000088271,10075.0,0.0
6435.345213911,10075.0,0.0
6435.356752632,10075.0,0.0
6435.365815627,10075.0,0.0
6435.375874612,10075.0,0.0
6435.395697502,10075.0,0.0
6435.396974573,10075.0,0.0
6435.668261515,10075.0,0.0
6435.677753339,10075.0,0.0
6435.686878667,10075.0,0.0
6435.698368055,10075.0,0.0
6435.708670538,10075.0,-10.0
6435.718098280,10075.0,-10.0
6435.740017483,10075.0,-10.0
6435.740059399,10075.0,-10.0
6435.812239446,10075.0,0.0
6435.822182100,10075.0,0.0
6435.830008190,10075.0,0.0
6435.839230850,10075.0,0.0
6435.849511000,10075.0,0.0
6435.867314910,10075.0,0.0
6435.870102883,10075.0,0.0
6435.938693132,10075.0,0.0
6435.939804538,10075.0,0.0
6435.949569692,10075.0,0.0
6435.960113756,10075.0,0.0
6435.969497165,10075.0,0.0
6435.980055646,10075.0,0.0
6435.994034426,10075.0,0.0
6436.071582171,10075.0,10.0
6436.079981923,10075.0,10.0
6436.094319450,10075.0,10.0
6436.101371548,10075.0,10.0
6436.110144962,10075.0,10.0
6436.123399250,10075.0,0.0
6436.134216478,10075.0,0.0
6436.222327787,10075.0,0.0
6436.232009776,10075.0,0.0
6436.242418091,10075.0,0.0
6436.252293661,10075.0,0.0
6436.262233315,10075.0,0.0
6436.542120339,10075.0,0.0
6436.552367156,10075.0,0.0
6436.562624556,10075.0,0.0
6436.572962289,10075.0,0.0
6436.582355031,10075.0,0.0
6436.595831316,10075.0,0.0
6436.805634523,10075.0,0.0
6436.815804258,10075.0,0.0
6436.825116500,10075.0,0.0
6436.836702221,10075.0,0.0
6436.846874622,10075.0,0.0
6437.537831394,10075.0,0.0
6437.545018990,10075.0,0.0
6437.554126152,10075.0,0.0
6437.564551467,10075.0,0.0
6437.574751284,10075.0,0.0
6437.584673438,10075.0,0.0
6437.594372760,10075.0,0.0
6438.071373448,10075.0,0.0
6438.079199622,10075.0,0.0
6438.089040193,10075.0,0.0
6438.099431092,10075.0,0.0
6438.109437994,10075.0,0.0
6438.119579562,10075.0,0.0
6438.210400595,10075.0,0.0
6438.220868159,10075.0,0.0
6438.230232235,10075.0,0.0
6438.240533051,10075.0,0.0
6438.258024798,10075.0,0.0
6438.262519754,10075.0,0.0
6438.534785019,10075.0,10.0
6438.538952062,10075.0,10.0
6438.547765226,10075.0,10.0
6438.558802119,10075.0,10.0
6438.567191037,10075.0,10.0
6438.577620352,10075.0,10.0
6438.593576114,10075.0,10.0
6439.004268448,10075.0,0.0
6439.015435256,10075.0,0.0
6439.025115495,10075.0,0.0
6439.036324386,10075.0,0.0
6439.045597879,10075.0,0.0
6439.055941195,10075.0,0.0
6439.066173345,10075.0,0.0
6439.680714278,10075.0,-10.0
6439.688948698,10075.0,-10.0
6439.698582270,10075.0,-10.0
6439.714504449,10075.0,-10.0
6439.719858897,10075.0,-10.0
6439.735151914,10075.0,-10.0
6439.738665463,10075.0,-10.0
6440.082470616,10075.0,-10.0
6440.092928347,10075.0,-10.0
6440.102227840,10075.0,-10.0
6440.112627989,10075.0,-10.0
6440.123541132,10075.0,-10.0
6440.751187938,10075.0,10.0
6440.814090992,10075.0,0.0
6440.823810980,10075.0,0.0
6440.833398554,10075.0,0.0
6440.843642287,10075.0,0.0
6440.854279600,10075.0,0.0
6440.863795508,10075.0,0.0
6441.407013302,9780.0,0.0
6441.416390377,9780.0,0.0
6441.427172439,9780.0,0.0
6441.436051269,9780.0,0.0
6441.446361418,9780.0,0.0
6441.460947276,9780.0,0.0
6441.534455811,9780.0,0.0
6441.538825351,9780.0,0.0
6441.550278073,9780.0,0.0
6441.559843647,9780.0,0.0
6441.568300731,9780.0,0.0
6441.579328874,9780.0,0.0
6441.595184136,9780.0,0.0
6441.600160421,9780.0,0.0
6441.610536986,9780.0,0.0
6441.620330141,9780.0,0.0
6441.630256961,9780.0,0.0
6441.640823275,9780.0,0.0
6441.649968436,9780.0,0.0
6441.660171086,9780.0,0.0
6441.670702484,9780.0,0.0
6441.680763219,9780.0,0.0
6441.689871464,9780.0,0.0
6441.700641859,9780.0,0.0
6441.710424847,9780.0,0.0
6441.721065577,9780.0,0.0
6441.730215571,9780.0,0.0
6441.742096455,9780.0,0.0
6441.752476938,9780.0,0.0
6441.761257935,9780.0,0.0
6441.771937248,9780.0,0.0
6441.782280564,9780.0,0.0
6441.792359466,9780.0,0.0
6441.803141694,9780.0,0.0
6441.811854693,9780.0,0.0
6441.822374924,9780.0,0.0
6441.832955654,9780.0,0.0
6441.843043222,9780.0,0.0
6441.854050532,9780.0,0.0
6441.873295428,9780.0,0.0
6441.873935505,9780.0,0.0
6441.883744743,9780.0,0.0
6441.893649480,9780.0,0.0
6441.904137794,9780.0,0.0
6441.913227956,9780.0,0.0
6441.923579772,9780.0,0.0
6441.936493229,9780.0,0.0
6441.944592150,9780.0,0.0
6441.954625053,9780.0,0.0
6441.965593696,9780.0,0.0
6441.974284111,9780.0,0.0
6441.984822342,9780.0,0.0
6441.995819068,9780.0,0.0
6442.004340818,9780.0,0.0
6442.014371887,9780.0,0.0
6442.024664454,9780.0,0.0
6442.034825022,9780.0,0.0
6442.044598343,9780.0,0.0
6442.054464414,9780.0,0.0
6442.064882146,9780.0,0.0
6442.085336863,9780.0,0.0
6442.085376029,9780.0,0.0
6442.094309526,9780.0,0.0
6442.105635165,9780.0,0.0
6442.116341895,9780.0,0.0
6442.140917905,9780.0,0.0
6442.140964905,9780.0,0.0
6442.145657859,9780.0,0.0
6442.155842593,9780.0,0.0
6442.165124336,9780.0,0.0
6442.175823315,9780.0,0.0
6442.189432933,9780.0,0.0
6442.197755852,9780.0,0.0
6442.205654442,9780.0,0.0
6442.215780676,9780.0,0.0
6442.226306824,9780.0,0.0
6442.236250394,9780.0,0.0
6442.245703968,9780.0,0.0
6442.264827449,9780.0,0.0
6442.269167740,9780.0,0.0
6442.276018340,9780.0,0.0
6442.287207564,9780.0,0.0
6442.297399798,9780.0,0.0
6442.307523450,9780.0,0.0
6442.317898849,9780.0,0.0
6442.328589661,9780.0,0.0
6442.337352159,9780.0,0.0
6442.348373385,9780.0,0.0
6442.357737127,9780.0,0.0
6442.366979287,9780.0,0.0
6442.377221688,9780.0,0.0
6442.388546494,9780.0,0.0
6442.398134817,9780.0,0.0
6442.406937398,9780.0,0.0
6442.417318047,9780.0,0.0
6442.427836195,9780.0,0.0
6442.438665173,9780.0,0.0
6442.447273256,9780.0,0.0
6442.459542636,9780.0,0.0
6442.467624391,9780.0,0.0
6442.478237704,9780.0,0.0
6442.488083358,9780.0,0.0
6442.498342508,9780.0,0.0
6442.509277568,9780.0,0.0
6442.518627727,9780.0,0.0
6442.528928627,9780.0,0.0
6442.539445108,9780.0,0.0
6442.549299345,9780.0,0.0
6442.559441330,9780.0,0.0
6442.569719897,9780.0,0.0
6442.578839558,9780.0,0.0
6442.589052375,9780.0,0.0
6442.599342275,9780.0,0.0
6442.609532342,9780.0,0.0
6442.619669993,9780.0,0.0
6442.629290316,9780.0,0.0
6442.639875047,9780.0,0.0
6442.651108187,9780.0,0.0
6442.660582345,9780.0,0.0
6442.674169379,9780.0,0.0
6442.680015656,9780.0,0.0
6442.690446054,9780.0,0.0
6442.700902452,9780.0,0.0
6442.710777440,9780.0,0.0
6442.733728550,9780.0,0.0
6442.733776049,9780.0,0.0
6442.740041821,9780.0,0.0
6442.750401971,9780.0,0.0
6442.760707203,9780.0,0.0
6442.769923197,9780.0,0.0
6442.780307429,9780.0,0.0
6442.797601594,9780.0,0.0
6442.801710221,9780.0,0.0
6442.810147639,9780.0,0.0
6442.820288123,9780.0,0.0
6442.830933186,9780.0,0.0
6442.841391918,9780.0,0.0
6442.851750067,9780.0,0.0
6442.861721303,9780.0,0.0
6442.872336117,9780.0,0.0
6442.881183864,9780.0,0.0
6442.891694845,9780.0,0.0
6442.903355148,9780.0,0.0
6442.913073887,9780.0,0.0
6442.928096657,9780.0,0.0
6442.934284013,9780.0,0.0
6442.942260019,9780.0,0.0
6442.952428920,9780.0,0.0
6442.963096816,9780.0,0.0
6442.972312476,9780.0,0.0
6442.982566543,9780.0,0.0
6442.993412271,9780.0,0.0
6443.005176240,9780.0,0.0
6443.015208225,9780.0,0.0
6443.023968890,9780.0,0.0
6443.034202624,9780.0,0.0
6443.044423858,9780.0,0.0
6443.055709331,9780.0,0.0
6443.063964084,9780.0,0.0
6443.074114568,9780.0,0.0
6443.085186044,9780.0,0.0
6443.095043781,9780.0,0.0
6443.104316108,9780.0,0.0
6443.114673757,9780.0,0.0
6443.128114626,9780.0,0.0
6443.136457628,9780.0,0.0
6443.146316032,9780.0,0.0
6443.155238445,9780.0,0.0
6443.165929258,9780.0,0.0
6443.177008150,9780.0,0.0
6443.199513347,9780.0,0.0
6443.199556180,9780.0,0.0
6443.209238669,9780.0,0.0
6443.218213165,9780.0,0.0
6443.227878404,9780.0,0.0
6443.237826141,9780.0,0.0
6443.248332205,9780.0,0.0
6443.257743030,9780.0,0.0
6443.276588097,9780.0,0.0
6443.280967221,9780.0,0.0
6443.291094456,9780.0,0.0
6443.301081025,9780.0,0.0
6443.310657098,9780.0,0.0
6443.324559380,9780.0,0.0
6443.333659791,9780.0,0.0
6443.342596037,9780.0,0.0
6443.352215694,9780.0,0.0
6443.362928673,9780.0,0.0
6443.373086074,9780.0,0.0
6443.382351900,9780.0,0.0
6443.392522801,9780.0,0.0
6443.403043949,9780.0,0.0
6443.412647439,9780.0,0.0
6443.424911736,9780.0,0.0
6443.433400820,9780.0,0.0
6443.443770052,9780.0,0.0
6443.455869268,9780.0,0.0
6443.469106722,9780.0,0.0
6443.474584086,9780.0,0.0
6443.484981068,9780.0,0.0
6443.495312550,9780.0,0.0
6443.505510201,9780.0,0.0
6443.516163681,9780.0,0.0
6443.525179260,9780.0,0.0
6443.537930969,9780.0,0.0
6443.546380303,9780.0,0.0
6443.555154551,9780.0,0.0
6443.565780031,9780.0,0.0
6443.576080181,9780.0,0.0
6443.591168284,9780.0,0.0
6443.597641387,9780.0,0.0
6443.607755122,9780.0,0.0
6443.617070531,9780.0,0.0
6443.628306505,9780.0,0.0
6443.638837070,9780.0,0.0
6443.649042137,9780.0,0.0
6443.659166622,9780.0,0.0
6443.669397939,9780.0,0.0
6443.681226407,9780.0,0.0
6443.689785823,9780.0,0.0
6443.699981474,9780.0,0.0
6443.710248707,9780.0,0.0
6443.721603680,9780.0,0.0
6443.731480001,9780.0,0.0
6443.740780244,9780.0,0.0
6443.751099560,9780.0,0.0
6443.761858872,9780.0,0.0
6443.770508704,9780.0,0.0
6443.780866353,9780.0,0.0
6443.801167156,9780.0,0.0
6443.803390634,9780.0,0.0
6443.813815366,9780.0,0.0
6443.824136932,9780.0,0.0
6443.834109168,9780.0,0.0
6443.843686741,9780.0,0.0
6443.853917975,9780.0,0.0
6443.864632204,9780.0,0.0
6443.873824031,9780.0,0.0
6443.884092098,9780.0,0.0
6443.893394257,9780.0,0.0
6443.903728407,9780.0,0.0
6443.914129139,9780.0,0.0
6443.929485989,9780.0,0.0
6443.934227943,9780.0,0.0
6443.943403437,9780.0,0.0
6443.954028250,9780.0,0.0
6443.963543741,9780.0,0.0
6443.975089545,9780.0,0.0
6443.985366112,9780.0,0.0
6443.997184330,9780.0,0.0
6444.005935745,9780.0,0.0
6444.014935407,9780.0,0.0
6444.024567147,9780.0,0.0
6444.035745455,9780.0,0.0
6444.046389184,9780.0,0.0
6444.056844249,9780.0,0.0
6444.074509911,9780.0,0.0
6444.076760722,9780.0,0.0
6444.087174871,9780.0,0.0
6444.096475197,9780.0,0.0
6444.106411267,9780.0,0.0
6444.116735666,9780.0,0.0
6444.130461699,9780.0,0.0
6444.137238216,9780.0,0.0
6444.147441867,9780.0,0.0
6444.158855589,9780.0,0.0
6444.168365247,9780.0,0.0
6444.177700739,9780.0,0.0
6444.190092702,9780.0,0.0
6444.208291858,9780.0,0.0
6444.209512929,9780.0,0.0
6444.221200482,9780.0,0.0
6444.231118386,9780.0,0.0
6444.240278213,9780.0,0.0
6444.252715009,9780.0,0.0
6444.262364748,9780.0,0.0
6444.271944321,9780.0,0.0
6444.282850382,9780.0,0.0
6444.291676796,9780.0,0.0
6444.301777864,9780.0,0.0
6444.313092837,9780.0,0.0
6444.333253641,9780.0,0.0
6444.333300141,9780.0,0.0
6444.342316636,9780.0,0.0
6444.352426204,9780.0,0.0
6444.363279682,9780.0,0.0
6444.373488083,9780.0,0.0
6444.383359153,9780.0,0.0
6444.393306640,9780.0,0.0
6444.404460448,9780.0,0.0
6444.413163863,9780.0,0.0
6444.422342940,9780.0,0.0
6444.432430842,9780.0,0.0
6444.442908323,9780.0,0.0
6444.452407814,9780.0,0.0
6444.462221552,9780.0,0.0
6444.472498619,9780.0,0.0
6444.483161848,9780.0,0.0
6444.493091168,9780.0,0.0
6444.503160570,9780.0,0.0
6444.513227055,9780.0,0.0
6444.524148782,9780.0,0.0
6444.535383256,9780.0,0.0
6444.544494001,9780.0,0.0
6444.554802984,9780.0,0.0
6444.564463890,9780.0,0.0
6444.574359127,9780.0,0.0
6444.584764442,9780.0,0.0
6444.597096572,9780.0,0.0
6444.604878580,9780.0,0.0
6444.616547716,9780.0,0.0
6444.626560952,9780.0,0.0
6444.636650853,9780.0,0.0
6444.647089252,9780.0,0.0
6444.663589841,9780.0,0.0
6444.668148547,9780.0,0.0
6444.678982441,9780.0,0.0
6444.688764429,9780.0,0.0
6444.698929580,9780.0,0.0
6444.710329803,9780.0,0.0
6444.721967689,9780.0,0.0
6444.730805103,9780.0,0.0
6444.739190772,9780.0,0.0
6444.749379589,9780.0,0.0
6444.759634156,9780.0,0.0
6444.770680298,9780.0,0.0
6444.781885273,9780.0,0.0
6444.792020674,9780.0,0.0
6444.801542915,9780.0,0.0
6444.811790898,9780.0,0.0
6444.821228306,9780.0,0.0
6444.830975128,9780.0,0.0
6444.841295111,9780.0,0.0
6444.850763685,9780.0,0.0
6444.860351509,9780.0,0.0
6444.871128904,9780.0,0.0
6444.880837726,9780.0,0.0
6444.891979201,9780.0,0.0
6444.901426942,9780.0,0.0
6444.911880173,9780.0,0.0
6444.922501570,9780.0,0.0
6444.932428057,9780.0,0.0
6444.941628550,9780.0,0.0
6444.951787202,9780.0,0.0
6444.961348692,9780.0,0.0
6444.971572842,9780.0,0.0
6444.981979574,9780.0,0.0
6445.005045600,9780.0,0.0
6445.005227598,9780.0,0.0
6445.012432528,9780.0,0.0
6445.022153850,9780.0,0.0
6445.033130243,9780.0,0.0
6445.041173165,9780.0,0.0
6445.065876674,9780.0,0.0
6445.065917174,9780.0,0.0
6445.071161706,9780.0,0.0
6445.081177108,9780.0,0.0
6445.091399925,9780.0,0.0
6445.101600909,9780.0,0.0
6445.112118057,9780.0,0.0
6445.123134616,9780.0,0.0
6445.132684273,9780.0,0.0
6445.142056766,9780.0,0.0
6445.152219083,9780.0,0.0
6445.162354318,9780.0,0.0
6445.172530969,9780.0,0.0
6445.182762702,9780.0,0.0
6445.192715856,9780.0,0.0
6445.203756498,9780.0,0.0
6445.213219656,9780.0,0.0
6445.222161402,9780.0,0.0
6445.232326137,9780.0,0.0
6445.242951950,9780.0,0.0
6445.259650454,9780.0,0.0
6445.266547887,9780.0,0.0
6445.273117906,9780.0,0.0
6445.283314973,9780.0,0.0
6445.293822371,9780.0,0.0
6445.303157863,9780.0,0.0
6445.313883926,9780.0,0.0
6445.330798761,9780.0,0.0
6445.334101395,9780.0,0.0
6445.344482878,9780.0,0.0
6445.355935433,9780.0,0.0
6445.365476257,9780.0,0.0
6445.375764323,9780.0,0.0
6445.402213816,9780.0,0.0
6445.402279482,9780.0,0.0
6445.405865863,9780.0,0.0
6445.417465750,9780.0,0.0
6445.425273174,9780.0,0.0
6445.435687573,9780.0,0.0
6445.446593133,9780.0,0.0
6445.461845902,9780.0,0.0
6445.465497116,9780.0,0.0
6445.475693017,9780.0,0.0
6445.486314997,9780.0,0.0
6445.496173401,9780.0,0.0
6445.507255293,9780.0,0.0
6445.517236279,9780.0,0.0
6445.527810176,9780.0,0.0
6445.536715339,9780.0,0.0
6445.546972239,9780.0,0.0
6445.557109474,9780.0,0.0
6445.568086367,9780.0,0.0
6445.578048187,9780.0,0.0
6445.587095849,9780.0,0.0
6445.597183000,9780.0,0.0
6445.608266643,9780.0,0.0
6445.617920382,9780.0,0.0
6445.627711120,9780.0,0.0
6445.638062352,9780.0,0.0
6445.648355919,9780.0,0.0
6445.660087138,9780.0,0.0
6445.671407944,9780.0,0.0
6445.677949047,9780.0,0.0
6445.688471612,9780.0,0.0
6445.698653096,9780.0,0.0
6445.708912663,9780.0,0.0
6445.728291557,9780.0,0.0
6445.730290371,9780.0,0.0
6445.739204451,9780.0,0.0
6445.749204604,9780.0,0.0
6445.758927842,9780.0,0.0
6445.768560498,9780.0,0.0
6445.778763899,9780.0,0.0
6445.789169131,9780.0,0.0
6445.803114912,9780.0,0.0
6445.809812013,9780.0,0.0
6445.818981507,9780.0,0.0
6445.829584571,9780.0,0.0
6445.839656639,9780.0,0.0
6445.853334840,9780.0,0.0
6445.860509603,9780.0,0.0
6445.870612338,9780.0,0.0
6445.881167819,9780.0,0.0
6445.891318970,9780.0,0.0
6445.901464538,9780.0,0.0
6445.912164933,9780.0,0.0
6445.921458593,9780.0,0.0
6445.931393079,9780.0,0.0
6445.941944643,9780.0,0.0
6445.951900296,9780.0,0.0
6445.961985615,9780.0,0.0
6445.972278765,9780.0,0.0
6445.982772579,9780.0,0.0
6445.995421039,9780.0,0.0
6446.004293870,9780.0,0.0
6446.015612259,9780.0,0.0
6446.024475590,9780.0,0.0
6446.033906748,9780.0,0.0
6446.043912151,9780.0,0.0
6446.060283741,9780.0,0.0
6446.067159257,9780.0,0.0
6446.073199032,9780.0,0.0
6446.083638430,9780.0,0.0
6446.094038246,9780.0,0.0
6446.103700568,9780.0,0.0
6446.113640305,9780.0,0.0
6446.133186115,9780.0,0.0
6446.135146762,9780.0,0.0
6446.144098842,9780.0,0.0
6446.154361825,9780.0,0.0
6446.164515893,9780.0,0.0
6446.174950458,9780.0,0.0
6446.184867861,9780.0,0.0
6446.194905430,9780.0,0.0
6446.205157580,9780.0,0.0
6446.215772144,9780.0,0.0
6446.224861639,9780.0,0.0
6446.235047123,9780.0,0.0
6446.245989683,9780.0,0.0
6446.255314509,9780.0,0.0
6446.265870323,9780.0,0.0
6446.276128056,9780.0,0.0
6446.286548705,9780.0,0.0
6446.296811021,9780.0,0.0
6446.306213430,9780.0,0.0
6446.316500330,9780.0,0.0
6446.327322641,9780.0,0.0
6446.336448219,9780.0,0.0
6446.346870700,9780.0,0.0
6446.356667355,9780.0,0.0
6446.366863256,9780.0,0.0
6446.377373737,9780.0,0.0
6446.394880900,9780.0,0.0
6446.403659314,9780.0,0.0
6446.408013188,9780.0,0.0
6446.418173506,9780.0,0.0
6446.428807403,9780.0,0.0
6446.438944304,9780.0,0.0
6446.448291630,9780.0,0.0
6446.466709367,9780.0,0.0
6446.468914179,9780.0,0.0
6446.478016090,9780.0,0.0
6446.489369730,9780.0,0.0
6446.499123385,9780.0,0.0
6446.508146463,9780.0,0.0
6446.529250425,9780.0,0.0
6446.529737587,9780.0,0.0
6446.539408826,9780.0,0.0
6446.552812445,9780.0,0.0
6446.560250623,9780.0,0.0
6446.569446950,9780.0,0.0
6446.579785849,9780.0,0.0
6446.590847158,9780.0,0.0
6446.607029917,9780.0,0.0
6446.612147284,9780.0,0.0
6446.622810180,9780.0,0.0
6446.632490586,9780.0,0.0
6446.643149149,9780.0,0.0
6446.652178311,9780.0,0.0
6446.663224203,9780.0,0.0
6446.672739111,9780.0,0.0
6446.681972604,9780.0,0.0
6446.692591584,9780.0,0.0
6446.702614320,9780.0,0.0
6446.712901470,9780.0,0.0
6446.729306060,9780.0,0.0
6446.735008171,9780.0,0.0
6446.743661420,9780.0,0.0
6446.754044902,9780.0,0.0
6446.764963796,9780.0,0.0
6446.774933282,9780.0,0.0
6446.802833927,9780.0,0.0
6446.802879844,9780.0,0.0
6446.806330810,9780.0,0.0
6446.816703876,9780.0,0.0
6446.827099024,9780.0,0.0
6446.837346091,9780.0,0.0
6446.847820656,9780.0,0.0
6446.861140610,9780.0,0.0
6446.871478092,9780.0,0.0
6446.877728948,9780.0,0.0
6446.888377511,9780.0,0.0
6446.897535088,9780.0,0.0
6446.907940737,9780.0,0.0
6446.932890661,9780.0,0.0
6446.932933660,9780.0,0.0
6446.939456764,9780.0,0.0
6446.948783506,9780.0,0.0
6446.958611994,9780.0,0.0
6446.969724052,9780.0,0.0
6446.979934286,9780.0,0.0
6446.995411969,9780.0,0.0
6447.002261069,9780.0,0.0
6447.010619071,9780.0,0.0
6447.019641150,9780.0,0.0
6447.029864050,9780.0,0.0
6447.040717444,9780.0,0.0
6447.050709264,9780.0,0.0
6447.062123819,9780.0,0.0
6447.072864715,9780.0,0.0
6447.081628629,9780.0,0.0
6447.091593116,9780.0,0.0
6447.102336761,9780.0,0.0
6447.112129582,9780.0,0.0
6447.122970893,9780.0,0.0
6447.134103035,9780.0,0.0
6447.142476703,9780.0,0.0
6447.154286338,9780.0,0.0
6447.164248908,9780.0,0.0
6447.176115709,9780.0,0.0
6447.192348468,9780.0,0.0
6447.202722617,9780.0,0.0
6447.205654922,9780.0,0.0
6447.216685814,9780.0,0.0
6447.227887288,9780.0,0.0
6447.236930117,9780.0,0.0
6447.249267830,9780.0,0.0
6447.262567201,9780.0,0.0
6447.271282866,9780.0,0.0
6447.285070398,9780.0,0.0
6447.292458243,9780.0,0.0
6447.302892975,9780.0,0.0
6447.313283374,9780.0,0.0
6447.328991471,9780.0,0.0
6447.340018697,9780.0,0.0
6447.347045961,9780.0,0.0
6447.357521109,9780.0,0.0
6447.367329931,9780.0,0.0
6447.377229168,9780.0,0.0
6447.395346658,9780.0,0.0
6447.396287315,9780.0,0.0
6447.408281115,9780.0,0.0
6447.418717597,9780.0,0.0
6447.427369596,9780.0,0.0
6447.438078992,9780.0,0.0
6447.447712648,9780.0,0.0
6447.461528013,9780.0,0.0
6447.469437936,9780.0,0.0
6447.478859761,9780.0,0.0
6447.488066838,9780.0,0.0
6447.498882900,9780.0,0.0
6447.508960802,9780.0,0.0
6447.518418459,9780.0,0.0
6447.541862898,9780.0,0.0
6447.541939564,9780.0,0.0
6447.548581416,9780.0,0.0
6447.559874222,9780.0,0.0
6447.569750043,9780.0,0.0
6447.579119952,9780.0,0.0
6447.593323897,9780.0,0.0
6447.600783907,9780.0,0.0
6447.609865902,9780.0,0.0
6447.620866545,9780.0,0.0
6447.631139445,9780.0,0.0
6447.640386605,9780.0,0.0
6447.650717588,9780.0,0.0
6447.666121605,9780.0,0.0
6447.670284064,9780.0,0.0
6447.680350883,9780.0,0.0
6447.691043612,9780.0,0.0
6447.700846183,9780.0,0.0
6447.710793170,9780.0,0.0
6447.724708534,9780.0,0.0
6447.732664290,9780.0,0.0
6447.743383519,9780.0,0.0
6447.752204183,9780.0,0.0
6447.762917662,9780.0,0.0
6447.772873898,9780.0,0.0
6447.782527304,9780.0,0.0
6447.798256485,9780.0,0.0
6447.803669265,9780.0,0.0
6447.812793843,9780.0,0.0
6447.822057253,9780.0,0.0
6447.832307486,9780.0,0.0
6447.843199464,9780.0,0.0
6447.853007368,9780.0,0.0
6447.865485330,9780.0,0.0
6447.876543556,9780.0,0.0
6447.884029566,9780.0,0.0
6447.894410882,9780.0,0.0
6447.905099361,9780.0,0.0
6447.914263022,9780.0,0.0
6447.925031250,9780.0,0.0
6447.935131318,9780.0,0.0
6447.944124231,9780.0,0.0
6447.954484130,9780.0,0.0
6447.964934528,9780.0,0.0
6447.974211271,9780.0,0.0
6447.988389216,9780.0,0.0
6447.998510951,9780.0,0.0
6448.004273895,9780.0,0.0
6448.014483296,9780.0,0.0
6448.024703196,9780.0,0.0
6448.033754358,9780.0,0.0
6448.044081674,9780.0,0.0
6448.054432740,9780.0,0.0
6448.064733973,9780.0,0.0
6448.074748876,9780.0,0.0
6448.084111034,9780.0,0.0
6448.094166520,9780.0,0.0
6448.104725250,9780.0,0.0
6448.114597571,9780.0,0.0
6448.123958230,9780.0,0.0
6448.134911956,9780.0,0.0
6448.144432614,9780.0,0.0
6448.154936595,9780.0,0.0
6448.164231171,9780.0,0.0
6448.174408072,9780.0,0.0
6448.187155614,9780.0,0.0
6448.197924426,9780.0,0.0
6448.206950755,9780.0,0.0
6448.216154415,9780.0,0.0
6448.226802062,9780.0,0.0
6448.237205960,9780.0,0.0
6448.246486703,9780.0,0.0
6448.257216515,9780.0,0.0
6448.267377250,9780.0,0.0
6448.276784575,9780.0,0.0
6448.286268316,9780.0,0.0
6448.297040794,9780.0,0.0
6448.306852449,9780.0,0.0
6448.317349430,9780.0,0.0
6448.329745559,9780.0,0.0
6448.337043488,9780.0,0.0
6448.345934402,9780.0,0.0
6448.356577048,9780.0,0.0
6448.366857698,9780.0,0.0
6448.377651509,9780.0,0.0
6448.392504615,9780.0,0.0
6448.399024718,9780.0,0.0
6448.408841706,9780.0,0.0
6448.419138439,9780.0,0.0
6448.428969343,9780.0,0.0
6448.438917413,9780.0,0.0
6448.448256405,9780.0,0.0
6448.463409841,9780.0,0.0
6448.470262691,9780.0,0.0
6448.479474601,9780.0,0.0
6448.489680585,9780.0,0.0
6448.500032234,9780.0,0.0
6448.510752547,9780.0,0.0
6448.525306155,9780.0,0.0
6448.532761666,9780.0,0.0
6448.541887494,9780.0,0.0
6448.551037904,9780.0,0.0
6448.561928715,9780.0,0.0
6448.572483029,9780.0,0.0
6448.582359433,9780.0,0.0
6448.598657191,9780.0,0.0
6448.607433022,9780.0,0.0
6448.612604555,9780.0,0.0
6448.621790049,9780.0,0.0
6448.632639610,9780.0,0.0
6448.642756845,9780.0,0.0
6448.653309992,9780.0,0.0
6448.662645568,9780.0,0.0
6448.673042216,9780.0,0.0
6448.681961130,9780.0,0.0
6448.692676942,9780.0,0.0
6448.702712761,9780.0,0.0
6448.711871922,9780.0,0.0
6448.725911785,9780.0,0.0
6448.732212474,9780.0,0.0
6448.742531540,9780.0,0.0
6448.753805763,9780.0,0.0
6448.764395827,9780.0,0.0
6448.774659144,9780.0,0.0
6448.792076724,9780.0,0.0
6448.795720439,9780.0,0.0
6448.806084588,9780.0,0.0
6448.815698661,9780.0,0.0
6448.825872645,9780.0,0.0
6448.834992306,9780.0,0.0
6448.845636619,9780.0,0.0
6448.857506337,9780.0,0.0
6448.867075077,9780.0,0.0
6448.876926398,9780.0,0.0
6448.886031476,9780.0,0.0
6448.894919389,9780.0,0.0
6448.905523953,9780.0,0.0
6448.915356274,9780.0,0.0
6448.925769256,9780.0,0.0
6448.935363995,9780.0,0.0
6448.946154807,9780.0,0.0
6448.955380384,9780.0,0.0
6448.965789533,9780.0,0.0
6448.975305357,9780.0,0.0
6448.991090453,9780.0,0.0
6449.001876681,9780.0,0.0
6449.005300064,9780.0,0.0
6449.015594548,9780.0,0.0
6449.026110612,9780.0,0.0
6449.036663259,9780.0,0.0
6449.046679412,9780.0,0.0
6449.060687192,9780.0,0.0
6449.068686281,9780.0,0.0
6449.079076763,9780.0,0.0
6449.088571754,9780.0,0.0
6449.098794987,9780.0,0.0
6449.108193979,9780.0,0.0
6449.127761289,9780.0,0.0
6449.130045016,9780.0,0.0
6449.138327352,9780.0,0.0
6449.149553660,9780.0,0.0
6449.159768477,9780.0,0.0
6449.168981137,9780.0,0.0
6449.179646450,9780.0,0.0
6449.194382890,9780.0,0.0
6449.200047001,9780.0,0.0
6449.209206746,9780.0,0.0
6449.220744383,9780.0,0.0
6449.230661453,9780.0,0.0
6449.243142832,9780.0,0.0
6449.250968672,9780.0,0.0
6449.261320655,9780.0,0.0
6449.272117633,9780.0,0.0
6449.281774539,9780.0,0.0
6449.291216530,9780.0,0.0
6449.301576930,9780.0,0.0
6449.312096494,9780.0,0.0
6449.321182155,9780.0,0.0
6449.335349517,9780.0,0.0
6449.342377616,9780.0,0.0
6449.351093197,9780.0,0.0
6449.361764843,9780.0,0.0
6449.371300417,9780.0,0.0
6449.381698816,9780.0,0.0
6449.397395997,9780.0,0.0
6449.403591936,9780.0,0.0
6449.413875753,9780.0,0.0
6449.423303578,9780.0,0.0
6449.433360980,9780.0,0.0
6449.443685712,9780.0,0.0
6449.454331942,9780.0,0.0
6449.470048539,9780.0,0.0
6449.474161916,9780.0,0.0
6449.484533065,9780.0,0.0
6449.494567550,9780.0,0.0
6449.504864117,9780.0,0.0
6449.514352358,9780.0,0.0
6449.527371898,9780.0,0.0
6449.533980167,9780.0,0.0
6449.544276233,9780.0,0.0
6449.554377551,9780.0,0.0
6449.564731534,9780.0,0.0
6449.574157859,9780.0,0.0
6449.594780658,9780.0,0.0
6449.596029812,9780.0,0.0
6449.606443294,9780.0,0.0
6449.616640445,9780.0,0.0
6449.626858012,9780.0,0.0
6449.636368170,9780.0,0.0
6449.646613820,9780.0,0.0
6449.658610120,9780.0,0.0
6449.666615292,9780.0,0.0
6449.677386103,9780.0,0.0
6449.686549014,9780.0,0.0
6449.696960163,9780.0,0.0
6449.706226739,9780.0,0.0
6449.726560625,9780.0,0.0
6449.730637918,9780.0,0.0
6449.737398936,9780.0,0.0
6449.747336506,9780.0,0.0
6449.758172400,9780.0,0.0
6449.767131313,9780.0,0.0
6449.777476962,9780.0,0.0
6449.800074242,9780.0,0.0
6449.800222407,9780.0,0.0
6449.808400994,9780.0,0.0
6449.817050160,9780.0,0.0
6449.827413726,9780.0,0.0
6449.837376129,9780.0,0.0
6449.847850360,9780.0,0.0
6449.865492355,9780.0,0.0
6449.869895729,9780.0,0.0
6449.878115566,9780.0,0.0
6449.887434975,9780.0,0.0
6449.898611949,9780.0,0.0
6449.907057034,9780.0,0.0
6449.917642097,9780.0,0.0
6449.930200475,9780.0,0.0
6449.937860400,9780.0,0.0
6449.948109634,9780.0,0.0
6449.958316201,9780.0,0.0
6449.968448353,9780.0,0.0
6449.978802585,9780.0,0.0
6449.988271493,9780.0,0.0
6449.998723725,9780.0,0.0
6450.009645202,9780.0,0.0
6450.019674104,9780.0,0.0
6450.029741756,9780.0,0.0
6450.039064332,9780.0,0.0
6450.049235483,9780.0,0.0
6450.059431050,9780.0,0.0
6450.069721450,9780.0,0.0
6450.079094275,9780.0,0.0
6450.089395258,9780.0,0.0
6450.099686325,9780.0,0.0
6450.110585219,9780.0,0.0
6450.128406128,9780.0,0.0
6450.131844095,9780.0,0.0
6450.141793581,9780.0,0.0
6450.151002575,9780.0,0.0
6450.161391307,9780.0,0.0
6450.171841289,9780.0,0.0
6450.181132865,9780.0,0.0