%time,field.velocity,field.angle
7176.433906767,9780.0,0.0
7176.442823180,9780.0,0.0
7176.452797416,9780.0,0.0
7176.465018380,9780.0,0.0
7176.475188781,9780.0,0.0
7176.482729875,9780.0,0.0
7176.493511853,9780.0,0.0
7176.504955242,9780.0,0.0
7176.517213789,9780.0,0.0
7176.524476718,9780.0,0.0
7176.535683026,9780.0,0.0
7176.544084194,9780.0,0.0
7176.553355520,9780.0,0.0
7176.570762684,9780.0,0.0
7176.577173205,9780.0,0.0
7176.587862934,9780.0,0.0
7176.594941032,9780.0,0.0
7176.603313201,9780.0,0.0
7176.613550601,9780.0,0.0
7176.624320829,9780.0,0.0
7176.634135234,9780.0,0.0
7176.649301419,9780.0,0.0
7176.655047780,9780.0,0.0
7176.667531659,9780.0,0.0
7176.682142100,9780.0,0.0
7176.688310206,9780.0,0.0
7176.697435534,9780.0,0.0
7176.707645018,9780.0,0.0
7176.721808797,9780.0,0.0
7176.728458149,9780.0,0.0
7176.738472301,9780.0,0.0
7176.749665359,9780.0,0.0
7176.759928842,9780.0,0.0
7176.768403426,9780.0,0.0
7176.779275154,9780.0,0.0
7176.788060318,9780.0,0.0
7176.798311885,9780.0,0.0
7176.808836116,9780.0,0.0
7176.819657927,9780.0,0.0
7176.829143752,9780.0,0.0
7176.839395735,9780.0,0.0
7176.849967882,9780.0,0.0
7176.859372041,9780.0,0.0
7176.881750406,9780.0,0.0
7176.881848738,9780.0,0.0
7176.890855984,9780.0,0.0
7176.900836887,9780.0,0.0
7176.910828206,9780.0,0.0
7176.920225198,9780.0,0.0
7176.930432599,9780.0,0.0
7176.940845497,9780.0,0.0
7176.955172024,9780.0,0.0
7176.961449047,9780.0,0.0
7176.972616271,9780.0,0.0
7176.981615350,9780.0,0.0
7176.992471244,9780.0,0.0
7177.001733904,9780.0,0.0
7177.015465854,9780.0,0.0
7177.021938124,9780.0,0.0
7177.032110692,9780.0,0.0
7177.042242593,9780.0,0.0
7177.052463244,9780.0,0.0
7177.064273629,9780.0,0.0
7177.072456049,9780.0,0.0
7177.082543367,9780.0,0.0
7177.092853267,9780.0,0.0
7177.102023678,9780.0,0.0
7177.112161579,9780.0,0.0
7177.122402646,9780.0,0.0
7177.132582630,9780.0,0.0
7177.143363025,9780.0,0.0
7177.153737758,9780.0,0.0
7177.163936158,9780.0,0.0
7177.174234808,9780.0,0.0
7177.184657790,9780.0,0.0
7177.194327696,9780.0,0.0
7177.213450593,9780.0,0.0
7177.214800330,9780.0,0.0
7177.226299301,9780.0,0.0
7177.237385026,9780.0,0.0
7177.248045256,9780.0,0.0
7177.256656089,9780.0,0.0
7177.266489243,9780.0,0.0
7177.277931132,9780.0,0.0
7177.290090346,9780.0,0.0
7177.297421858,9780.0,0.0
7177.307844924,9780.0,0.0
7177.317878909,9780.0,0.0
7177.327793146,9780.0,0.0
7177.347197624,9780.0,0.0
7177.348799858,9780.0,0.0
7177.356959362,9780.0,0.0
7177.368151003,9780.0,0.0
7177.377699243,9780.0,0.0
7177.388452639,9780.0,0.0
7177.398494124,9780.0,0.0
7177.408646359,9780.0,0.0
7177.421275319,9780.0,0.0
7177.431669218,9780.0,0.0
7177.439626724,9780.0,0.0
7177.449349546,9780.0,0.0
7177.460093024,9780.0,0.0
7177.473319979,9780.0,0.0
7177.480850572,9780.0,0.0
7177.491022057,9780.0,0.0
7177.501337956,9780.0,0.0
7177.511305109,9780.0,0.0
7177.522979245,9780.0,0.0
7177.531722910,9780.0,0.0
7177.559157560,9780.0,0.0
7177.559187560,9780.0,0.0
7177.562843357,9780.0,0.0
7177.572108434,9780.0,0.0
7177.583196909,9780.0,0.0
7177.592293237,9780.0,0.0
7177.602575804,9780.0,0.0
7177.615045099,9780.0,0.0
7177.623958345,9780.0,0.0
7177.632536179,9780.0,0.0
7177.643184408,9780.0,0.0
7177.652683232,9780.0,0.0
7177.662685718,9780.0,0.0
7177.672397957,9780.0,0.0
7177.683386017,9780.0,0.0
7177.693841415,9780.0,0.0
7177.702016169,9780.0,0.0
7177.713370725,9780.0,0.0
7177.722747717,9780.0,0.0
7177.733777193,9780.0,0.0
7177.743454265,9780.0,0.0
7177.756763219,9780.0,0.0
7177.764206230,9780.0,0.0
7177.773955718,9780.0,0.0
7177.784254785,9780.0,0.0
7177.795223928,9780.0,0.0
7177.805778908,9780.0,0.0
7177.825453550,9780.0,0.0
7177.825636715,9780.0,0.0
7177.834538878,9780.0,0.0
7177.845160942,9780.0,0.0
7177.854128104,9780.0,0.0
7177.864516003,9780.0,0.0
7177.878775948,9780.0,0.0
7177.884234311,9780.0,0.0
7177.894438628,9780.0,0.0
7177.905891100,9780.0,0.0
7177.914834930,9780.0,0.0
7177.924410920,9780.0,0.0
7177.942649326,9780.0,0.0
7177.946259290,9780.0,0.0
7177.954898373,9780.0,0.0
7177.964977608,9780.0,0.0
7177.977208489,9780.0,0.0
7177.984202671,9780.0,0.0
7177.994455821,9780.0,0.0
7178.022989293,9780.0,0.0
7178.023145625,9780.0,0.0
7178.025372520,9780.0,0.0
7178.035623920,9780.0,0.0
7178.045668739,9780.0,0.0
7178.055780307,9780.0,0.0
7178.066724284,9780.0,0.0
7178.076859185,9780.0,0.0
7178.086667840,9780.0,0.0
7178.096245663,9780.0,0.0
7178.107175474,9780.0,0.0
7178.116327051,9780.0,0.0
7178.130913242,9780.0,0.0
7178.148340406,9780.0,0.0
7178.153846186,9780.0,0.0
7178.163585091,9780.0,0.0
7178.173737659,9780.0,0.0
7178.182951652,9780.0,0.0
7178.193149886,9780.0,0.0
7178.203587368,9780.0,0.0
7178.213714436,9780.0,0.0
7178.224153668,9780.0,0.0
7178.234266236,9780.0,0.0
7178.244413471,9780.0,0.0
7178.254839786,9780.0,0.0
7178.264386026,9780.0,0.0
7178.274539927,9780.0,0.0
7178.284766911,9780.0,0.0
7178.293888155,9780.0,0.0
7178.304418970,9780.0,0.0
7178.314817535,9780.0,0.0
7178.324950353,9780.0,0.0
7178.348598039,9780.0,0.0
7178.348643039,9780.0,0.0
7178.356890709,9780.0,0.0
7178.366360616,9780.0,0.0
7178.377158678,9780.0,0.0
7178.387349495,9780.0,0.0
7178.396417074,9780.0,0.0
7178.410451854,9780.0,0.0
7178.416423129,9780.0,0.0
7178.427214607,9780.0,0.0
7178.437384675,9780.0,0.0
7178.448737648,9780.0,0.0
7178.457299481,9780.0,0.0
7178.474917226,9780.0,0.0
7178.481755243,9780.0,0.0
7178.491369233,9780.0,0.0
7178.507065330,9780.0,0.0
7178.512185947,9780.0,0.0
7178.521410023,9780.0,0.0
7178.531592424,9780.0,0.0
7178.542196321,9780.0,0.0
7178.552821384,9780.0,0.0
7178.563184950,9780.0,0.0
7178.573274852,9780.0,0.0
7178.583579835,9780.0,0.0
7178.594261897,9780.0,0.0
7178.603361975,9780.0,0.0
7178.615953686,9780.0,0.0
7178.624563019,9780.0,0.0
7178.634066593,9780.0,0.0
7178.644751322,9780.0,0.0
7178.654985556,9780.0,0.0
7178.664337382,9780.0,0.0
7178.675224442,9780.0,0.0
7178.685601425,9780.0,0.0
7178.695764659,9780.0,0.0
7178.705119151,9780.0,0.0
7178.715416634,9780.0,0.0
7178.726031698,9780.0,0.0
7178.743530194,9780.0,0.0
7178.748545312,9780.0,0.0
7178.757718139,9780.0,0.0
7178.768270370,9780.0,0.0
7178.778247939,9780.0,0.0
7178.787669681,9780.0,0.0
7178.797696500,9780.0,0.0
7178.812711020,9780.0,0.0
7178.817380058,9780.0,0.0
7178.827812956,9780.0,0.0
7178.837924941,9780.0,0.0
7178.847226017,9780.0,0.0
7178.857384169,9780.0,0.0
7178.867758818,9780.0,0.0
7178.884929067,9780.0,0.0
7178.888689197,9780.0,0.0
7178.898912764,9780.0,0.0
7178.908260923,9780.0,0.0
7178.918550906,9780.0,0.0
7178.928831306,9780.0,0.0
7178.966825936,9780.0,0.0
7178.966913852,9780.0,0.0
7178.975090606,9780.0,0.0
7178.985388172,9780.0,0.0
7178.995424574,9780.0,0.0
7179.010121265,9780.0,0.0
7179.019131427,9780.0,0.0
7179.026545688,9780.0,0.0
7179.035682516,9780.0,0.0
7179.047029322,9780.0,0.0
7179.056556562,9780.0,0.0
7179.065472392,9780.0,0.0
7179.085559197,9780.0,0.0
7179.093146456,9780.0,0.0
7179.095990845,9780.0,0.0
7179.106300745,9780.0,0.0
7179.116677894,9780.0,0.0
7179.126917961,9780.0,0.0
7179.138896177,9780.0,0.0
7179.148452251,9780.0,0.0
7179.159334145,9780.0,0.0
7179.168386974,9780.0,0.0
7179.178354793,9780.0,0.0
7179.188892107,9780.0,0.0
7179.197809770,9780.0,0.0
7179.208355168,9780.0,0.0
7179.218337237,9780.0,0.0
7179.228401722,9780.0,0.0
7179.238795538,9780.0,0.0
7179.247954949,9780.0,0.0
7179.258493846,9780.0,0.0
7179.276823751,9780.0,0.0
7179.280027886,9780.0,0.0
7179.288846134,9780.0,0.0
7179.299158617,9780.0,0.0
7179.309208269,9780.0,0.0
7179.319306087,9780.0,0.0
7179.329572071,9780.0,0.0
7179.343680017,9780.0,0.0
7179.349130130,9780.0,0.0
7179.359424197,9780.0,0.0
7179.369684013,9780.0,0.0
7179.379814081,9780.0,0.0
7179.390061898,9780.0,0.0
7179.404362009,9780.0,0.0
7179.410821863,9780.0,0.0
7179.421351177,9780.0,0.0
7179.431591911,9780.0,0.0
7179.441731062,9780.0,0.0
7179.451866130,9780.0,0.0
7179.460943625,9780.0,0.0
7179.471276274,9780.0,0.0
7179.481622507,9780.0,0.0
7179.492741149,9780.0,0.0
7179.501091317,9780.0,0.0
7179.512170709,9780.0,0.0
7179.521919531,9780.0,0.0
7179.531410022,9780.0,0.0
7179.542848494,9780.0,0.0
7179.552111070,9780.0,0.0
7179.561898975,9780.0,0.0
7179.573022450,9780.0,0.0
7179.582121528,9780.0,0.0
7179.592411845,9780.0,0.0
7179.603292155,9780.0,0.0
7179.621909974,9780.0,0.0
7179.624573532,9780.0,0.0
7179.634728849,9780.0,0.0
7179.644699252,9780.0,0.0
7179.654468074,9780.0,0.0
7179.664840473,9780.0,0.0
7179.674268631,9780.0,0.0
7179.684259034,9780.0,0.0
7179.694721515,9780.0,0.0
7179.704452587,9780.0,0.0
7179.714432490,9780.0,0.0
7179.724591974,9780.0,0.0
7179.736136945,9780.0,0.0
7179.744640029,9780.0,0.0
7179.754855180,9780.0,0.0
7179.765559409,9780.0,0.0
7179.776273888,9780.0,0.0
7179.785920210,9780.0,0.0
7179.795126454,9780.0,0.0
7179.810230140,9780.0,0.0
7179.816635245,9780.0,0.0
7179.826930228,9780.0,0.0
7179.836167554,9780.0,0.0
7179.846349872,9780.0,0.0
7179.857614846,9780.0,0.0
7179.866729590,9780.0,0.0
7179.875985417,9780.0,0.0
7179.886222567,9780.0,0.0
7179.896653716,9780.0,0.0
7179.906809450,9780.0,0.0
7179.916011110,9780.0,0.0
7179.926237844,9780.0,0.0
7179.936412412,9780.0,0.0
7179.947656469,9780.0,0.0
7179.957241959,9780.0,0.0
7179.967711774,9780.0,0.0
7179.977126515,9780.0,0.0
7179.987393499,9780.0,0.0
7179.997679482,9780.0,0.0
7180.007878299,9780.0,0.0
7180.020715257,9780.0,0.0
7180.027647023,9780.0,0.0
7180.036926766,9780.0,0.0
7180.047522996,9780.0,0.0
7180.057689897,9780.0,0.0
7180.091346236,9780.0,0.0
7180.091370986,9780.0,0.0
7180.092269061,9780.0,0.0
7180.098338085,9780.0,0.0
7180.108824150,9780.0,0.0
7180.119342380,9780.0,0.0
7180.128790872,9780.0,0.0
7180.138604443,9780.0,0.0
7180.149774084,9780.0,0.0
7180.158522916,9780.0,0.0
7180.168347903,9780.0,0.0
7180.178864218,9780.0,0.0
7180.189391032,9780.0,0.0
7180.200289092,9780.0,0.0
7180.215838774,9780.0,0.0
7180.222444543,9780.0,0.0
7180.232619861,9780.0,0.0
7180.242988593,9780.0,0.0
7180.252819164,9780.0,0.0
7180.263159980,9780.0,0.0
7180.283544948,9780.0,0.0
7180.283621697,9780.0,0.0
7180.294339510,9780.0,0.0
7180.303326172,9780.0,0.0
7180.313604572,9780.0,0.0
7180.323710807,9780.0,0.0
7180.333944124,9780.0,0.0
7180.349594555,9780.0,0.0
7180.353816764,9780.0,0.0
7180.363888749,9780.0,0.0
7180.373305824,9780.0,0.0
7180.383764222,9780.0,0.0
7180.393928873,9780.0,0.0
7180.403294282,9780.0,0.0
7180.419168628,9780.0,0.0
7180.423157589,9780.0,0.0
7180.433337823,9780.0,0.0
7180.443811054,9780.0,0.0
7180.454068121,9780.0,0.0
7180.464791017,9780.0,0.0
7180.477343894,9780.0,0.0
7180.485014820,9780.0,0.0
7180.494220063,9780.0,0.0
7180.504451714,9780.0,0.0
7180.514960945,9780.0,0.0
7180.526437666,9780.0,0.0
7180.550650681,9780.0,0.0
7180.550687180,9780.0,0.0
7180.560263087,9780.0,0.0
7180.569974242,9780.0,0.0
7180.581275216,9780.0,0.0
7180.590976621,9780.0,0.0
7180.601611851,9780.0,0.0
7180.614972388,9780.0,0.0
7180.621060412,9780.0,0.0
7180.631396978,9780.0,0.0
7180.640056643,9780.0,0.0
7180.650274044,9780.0,0.0
7180.661221854,9780.0,0.0
7180.670255183,9780.0,0.0
7180.684908040,9780.0,0.0
7180.692792963,9780.0,0.0
7180.700065142,9780.0,0.0
7180.711226117,9780.0,0.0
7180.721442768,9780.0,0.0
7180.730910675,9780.0,0.0
7180.746122944,9780.0,0.0
7180.751191478,9780.0,0.0
7180.761081465,9780.0,0.0
7180.770557456,9780.0,0.0
7180.780776023,9780.0,0.0
7180.790920508,9780.0,0.0
7180.801760569,9780.0,0.0
7180.811726888,9780.0,0.0
7180.820885883,9780.0,0.0
7180.831125283,9780.0,0.0
7180.841571181,9780.0,0.0
7180.851469835,9780.0,0.0
7180.861825651,9780.0,0.0
7180.872092551,9780.0,0.0
7180.884614845,9780.0,0.0
7180.892136772,9780.0,0.0
7180.902598004,9780.0,0.0
7180.913044069,9780.0,0.0
7180.923519883,9780.0,0.0
7180.934574026,9780.0,0.0
7180.945217422,9780.0,0.0
7180.956313564,9780.0,0.0
7180.967868785,9780.0,0.0
7180.976586367,9780.0,0.0
7180.989080662,9780.0,0.0
7180.997600579,9780.0,0.0
7181.007925061,9780.0,0.0
7181.017977380,9780.0,0.0
7181.027910950,9780.0,0.0
7181.038264683,9780.0,0.0
7181.048429834,9780.0,0.0
7181.058779733,9780.0,0.0
7181.068519888,9780.0,0.0
7181.078952120,9780.0,0.0
7181.088694108,9780.0,0.0
7181.097953851,9780.0,0.0
7181.108403583,9780.0,0.0
7181.119304310,9780.0,0.0
7181.128833967,9780.0,0.0
7181.138287042,9780.0,0.0
7181.151132000,9780.0,0.0
7181.158796592,9780.0,0.0
7181.168618497,9780.0,0.0
7181.178553483,9780.0,0.0
7181.189265129,9780.0,0.0
7181.198568788,9780.0,0.0
7181.209042436,9780.0,0.0
7181.220419159,9780.0,0.0
7181.228287499,9780.0,0.0
7181.239143727,9780.0,0.0
7181.248683884,9780.0,0.0
7181.257879877,9780.0,0.0
7181.270747335,9780.0,0.0
7181.279058338,9780.0,0.0
7181.288462413,9780.0,0.0
7181.298678647,9780.0,0.0
7181.309004963,9780.0,0.0
7181.318377872,9780.0,0.0
7181.332040739,9780.0,0.0
7181.342900966,9780.0,0.0
7181.351393634,9780.0,0.0
7181.362201278,9780.0,0.0
7181.370906277,9780.0,0.0
7181.381563590,9780.0,0.0
7181.392365568,9780.0,0.0
7181.406722595,9780.0,0.0
7181.411888044,9780.0,0.0
7181.422141861,9780.0,0.0
7181.432347929,9780.0,0.0
7181.442429747,9780.0,0.0
7181.452671147,9780.0,0.0
7181.461892474,9780.0,0.0
7181.472033959,9780.0,0.0
7181.482394358,9780.0,0.0
7181.492593092,9780.0,0.0
7181.502860159,9780.0,0.0
7181.512510231,9780.0,0.0
7181.523602290,9780.0,0.0
7181.532206373,9780.0,0.0
7181.552459259,9780.0,0.0
7181.553070336,9780.0,0.0
7181.563461319,9780.0,0.0
7181.573824968,9780.0,0.0
7181.583126127,9780.0,0.0
7181.593485193,9780.0,0.0
7181.608549880,9780.0,0.0
7181.620742261,9780.0,0.0
7181.630234835,9780.0,0.0
7181.640683483,9780.0,0.0
7181.651214214,9780.0,0.0
7181.663220931,9780.0,0.0
7181.680103183,9780.0,0.0
7181.681855999,9780.0,0.0
7181.692727727,9780.0,0.0
7181.703149375,9780.0,0.0
7181.712267120,9780.0,0.0
7181.723041848,9780.0,0.0
7181.732148343,9780.0,0.0
7181.747138280,9780.0,0.0
7181.751536071,9780.0,0.0
7181.762797128,9780.0,0.0
7181.771753874,9780.0,0.0
7181.781006534,9780.0,0.0
7181.791419182,9780.0,0.0
7181.802468908,9780.0,0.0
7181.822590212,9780.0,0.0
7181.822991708,9780.0,0.0
7181.831451459,9780.0,0.0
7181.841487278,9780.0,0.0
7181.852228507,9780.0,0.0
7181.861212419,9780.0,0.0
7181.872293478,9780.0,0.0
7181.882397046,9780.0,0.0
7181.894274014,9780.0,0.0
7181.901750275,9780.0,0.0
7181.911634178,9780.0,0.0
7181.921425750,9780.0,0.0
7181.931562234,9780.0,0.0
7181.943194371,9780.0,0.0
7181.952361282,9780.0,0.0
7181.962462600,9780.0,0.0
7181.973067580,9780.0,0.0
7181.982234074,9780.0,0.0
7181.992265393,9780.0,0.0
7182.005090685,9780.0,0.0
7182.013110190,9780.0,0.0
7182.024721744,9780.0,0.0
7182.033200828,9780.0,0.0
7182.044332553,9780.0,0.0
7182.054529954,9780.0,0.0
7182.065136600,9780.0,0.0
7182.079740375,9780.0,0.0
7182.084834242,9780.0,0.0
7182.096095549,9780.0,0.0
7182.105382458,9780.0,0.0
7182.115762357,9780.0,0.0
7182.126131090,9780.0,0.0
7182.137108316,9780.0,0.0
7182.146835471,9780.0,0.0
7182.156438711,9780.0,0.0
7182.166957692,9780.0,0.0
7182.176526432,9780.0,0.0
7182.186865415,9780.0,0.0
7182.196338906,9780.0,0.0
7182.207723962,9780.0,0.0
7182.219802594,9780.0,0.0
7182.229165503,9780.0,0.0
7182.239762067,9780.0,0.0
7182.249861552,9780.0,0.0
7182.259473791,9780.0,0.0
7182.276880205,9780.0,0.0
7182.280848000,9780.0,0.0
7182.289053587,9780.0,0.0
7182.299242654,9780.0,0.0
7182.309959966,9780.0,0.0
7182.320271866,9780.0,0.0
7182.330204019,9780.0,0.0
7182.346695442,9780.0,0.0
7182.351366730,9780.0,0.0
7182.361319883,9780.0,0.0
7182.371604699,9780.0,0.0
7182.382091181,9780.0,0.0
7182.391244842,9780.0,0.0
7182.401578324,9780.0,0.0
7182.421643212,9780.0,0.0
7182.425522424,9780.0,0.0
7182.437077395,9780.0,0.0
7182.446271056,9780.0,0.0
7182.455893212,9780.0,0.0
7182.466075446,9780.0,0.0
7182.477325753,9780.0,0.0
7182.485860254,9780.0,0.0
7182.495193413,9780.0,0.0
7182.505321147,9780.0,0.0
7182.515610047,9780.0,0.0
7182.526267527,9780.0,0.0
7182.536198513,9780.0,0.0
7182.545714754,9780.0,0.0
7182.556567148,9780.0,0.0
7182.567614707,9780.0,0.0
7182.576727035,9780.0,0.0
7182.586008278,9780.0,0.0
7182.597284502,9780.0,0.0
7182.607068657,9780.0,0.0
7182.623938659,9780.0,0.0
7182.626503217,9780.0,0.0
7182.637056531,9780.0,0.0
7182.646681854,9780.0,0.0
7182.656460342,9780.0,0.0
7182.669681630,9780.0,0.0
7182.677537970,9780.0,0.0
7182.686217886,9780.0,0.0
7182.696108790,9780.0,0.0
7182.706707603,9780.0,0.0
7182.717719996,9780.0,0.0
7182.726357745,9780.0,0.0
7182.736747394,9780.0,0.0
7182.751665415,9780.0,0.0
7182.759677087,9780.0,0.0
7182.766537687,9780.0,0.0
7182.776581506,10580.0,0.0
7182.786872239,10580.0,0.0
7182.796907391,10580.0,0.0
7182.807502538,10580.0,0.0
7182.817483774,10580.0,0.0
7182.827698092,10580.0,0.0
7182.837085917,10580.0,0.0
7182.847188485,10580.0,0.0
7182.857374719,10580.0,0.0
7182.867036375,10580.0,0.0
7182.877296025,10580.0,0.0
7182.887575509,10580.0,0.0
7182.897820409,10580.0,0.0
7182.907502148,10580.0,0.0
7182.917511050,10580.0,0.0
7182.928128864,10580.0,0.0
7182.937733520,10580.0,0.0
7182.948771913,10580.0,0.0
7182.957028499,10580.0,0.0
7182.967152400,10580.0,0.0
7182.977271052,10580.0,0.0
7182.987593285,10580.0,0.0
7182.997912768,10580.0,0.0
7183.007521424,10580.0,0.0
7183.017646325,10580.0,0.0
7183.027861726,10580.0,0.0
7183.037017637,10580.0,0.0
7183.047289870,10580.0,0.0
7183.057499104,10580.0,0.0
7183.067650338,10075.0,0.0
7183.076968914,10075.0,0.0
7183.087503228,10075.0,0.0
7183.098048542,10075.0,0.0
7183.108260026,10075.0,0.0
7183.117229772,10075.0,0.0
7183.127925835,10075.0,0.0
7183.141128206,10075.0,0.0
7183.150943944,10075.0,0.0
7183.158774451,10075.0,0.0
7183.169973592,10075.0,0.0
7183.179508833,10075.0,0.0
7183.189810066,10075.0,0.0
7183.201153205,10075.0,0.0
7183.211060775,10075.0,0.0
7183.225486552,10075.0,0.0
7183.232160153,10075.0,0.0
7183.241966724,10075.0,0.0
7183.251938377,10075.0,0.0
7183.261539284,10075.0,0.0
7183.272530927,10075.0,0.0
7183.281881836,10075.0,0.0
7183.291793073,10075.0,0.0
7183.301692810,10075.0,0.0
7183.311840377,10075.0,0.0
7183.322329775,10075.0,0.0
7183.332703841,10075.0,0.0
7183.342216415,10075.0,0.0
7183.353035893,10075.0,0.0
7183.362218053,10075.0,0.0
7183.372354788,10075.0,0.0
7183.382553272,10075.0,0.0
7183.392719590,10075.0,0.0
7183.402161665,10075.0,0.0
7183.412471731,10075.0,0.0
7183.422810047,10075.0,0.0
7183.433355861,10075.0,0.0
7183.442676687,10075.0,0.0
7183.452532924,10075.0,0.0
7183.462961239,10075.0,0.0
7183.473156973,10075.0,0.0
7183.492324537,10075.0,0.0
7183.492835865,10075.0,0.0
7183.501972359,10075.0,0.0
7183.512717505,10075.0,0.0
7183.522824990,10075.0,0.0
7183.533112806,10075.0,0.0
7183.544250864,10075.0,0.0
7183.553337859,10075.0,0.0
7183.563482010,10075.0,0.0
7183.573715244,10075.0,0.0
7183.582834655,10075.0,0.0
7183.593033056,10075.0,0.0
7183.603407788,10075.0,0.0
7183.614475514,10075.0,0.0
7183.623841089,10075.0,0.0
7183.634587485,10075.0,0.0
7183.645017133,10075.0,0.0
7183.655000536,10075.0,0.0
7183.664481027,10075.0,0.0
7183.674960508,10075.0,0.0
7183.686139649,10075.0,0.0
7183.695458392,10075.0,0.0
7183.706286703,10075.0,0.0
7183.714896619,10075.0,0.0
7183.725265435,10075.0,0.0
7183.736877322,10075.0,0.0
7183.745599904,10075.0,0.0
7183.755301559,10075.0,0.0
7183.768668262,10075.0,0.0
7183.775159366,10075.0,0.0
7183.785325684,10075.0,0.0
7183.795452418,10075.0,0.0
7183.805668652,10075.0,0.0
7183.815468723,10075.0,0.0
7183.825443460,10075.0,10.0
7183.835307780,10075.0,10.0
7183.845584847,10075.0,10.0
7183.855674165,10075.0,10.0
7183.865756150,10075.0,10.0
7183.878421360,10075.0,0.0
7183.888725177,10075.0,0.0
7183.896981180,10075.0,0.0
7183.906541087,10075.0,0.0
7183.916704988,10075.0,0.0
7183.926949221,10075.0,0.0
7183.936246964,10075.0,0.0
7183.946778778,10075.0,0.0
7183.956809347,10075.0,0.0
7183.966240255,10075.0,0.0
7183.976980317,10075.0,0.0
7183.987015386,10075.0,0.0
7183.998306693,10075.0,0.0
7184.010016996,10075.0,0.0
7184.017275258,10075.0,0.0
7184.028106153,10075.0,0.0
7184.037817392,10075.0,0.0
7184.047371215,10075.0,0.0
7184.057735614,10075.0,0.0
7184.068129430,10075.0,0.0
7184.077799086,10075.0,0.0
7184.104413743,10075.0,0.0
7184.104649324,10075.0,0.0
7184.109854357,10075.0,0.0
7184.119265432,10075.0,0.0
7184.128678007,10075.0,0.0
7184.138989906,10075.0,0.0
7184.152438859,10075.0,0.0
7184.159662122,10075.0,0.0
7184.169664774,10075.0,0.0
7184.180527669,10075.0,0.0
7184.190534655,10075.0,0.0
7184.200921137,10075.0,0.0
7184.217224561,10075.0,0.0
7184.221218439,10075.0,0.0
7184.230870345,10075.0,0.0
7184.241555908,10075.0,0.0
7184.250330489,10075.0,0.0
7184.260782471,10075.0,0.0
7184.278482882,10075.0,0.0
7184.280591694,10075.0,0.0
7184.291197341,10075.0,0.0
7184.300271419,10075.0,0.0
7184.310799317,10075.0,0.0
7184.320974134,10075.0,0.0
7184.330297544,10075.0,0.0
7184.346583135,10075.0,0.0
7184.353454568,10075.0,0.0
7184.360632415,10075.0,0.0
7184.371212645,10075.0,0.0
7184.380780719,10075.0,0.0
7184.390624206,10075.0,0.0
7184.401324019,10075.0,0.0
7184.416013042,10075.0,0.0
7184.421726153,10075.0,0.0
7184.431904221,10075.0,0.0
7184.441866291,10075.0,0.0
7184.451622529,10075.0,0.0
7184.462205509,10075.0,0.0
7184.472718240,10075.0,0.0
7184.482629227,10075.0,0.0
7184.492216634,10075.0,0.0
7184.502759531,10075.0,0.0
7184.512583519,10075.0,0.0
7184.522101093,10075.0,0.0
7184.532578324,10075.0,0.0
7184.542867890,10075.0,0.0
7184.553150374,10075.0,0.0
7184.563500690,10075.0,0.0
7184.573725840,10075.0,0.0
7184.583460829,10075.0,0.0
7184.594010809,10075.0,0.0
7184.603911629,10075.0,0.0
7184.613914199,10075.0,0.0
7184.623357107,10075.0,0.0
7184.633622507,10075.0,0.0
7184.644202737,10075.0,0.0
7184.654401804,10075.0,0.0
7184.665325198,10075.0,0.0
7184.675669681,10075.0,0.0
7184.685733333,10075.0,0.0
7184.695893317,10075.0,0.0
7184.706234633,10075.0,0.0
7184.716947445,10075.0,0.0
7184.727296261,10075.0,0.0
7184.737563411,10075.0,0.0
7184.749839292,10075.0,0.0
7184.763063163,10075.0,0.0
7184.766831793,10075.0,0.0
7184.777988351,10075.0,0.0
7184.787578591,10075.0,10.0
7184.797842908,10075.0,0.0
7184.817554299,10075.0,0.0
7184.818858786,10075.0,0.0
7184.827604118,10075.0,0.0
7184.837891934,10075.0,0.0
7184.848015252,10075.0,0.0
7184.856906499,10075.0,0.0
7184.867639311,10075.0,0.0
7184.877977461,10075.0,0.0
7184.886911207,10075.0,0.0
7184.897180857,10075.0,0.0
7184.907419257,10075.0,0.0
7184.917856906,10075.0,0.0
7184.926980150,10075.0,0.0
7184.938158458,10075.0,0.0
7184.947600949,10075.0,0.0
7184.957776934,10075.0,0.0
7184.967069843,10075.0,0.0
7184.977412242,10075.0,0.0
7184.987843224,10075.0,0.0
7184.997682378,10075.0,0.0
7185.009591012,10075.0,0.0
7185.017522269,10075.0,0.0
7185.027752002,10075.0,0.0
7185.037556157,10075.0,0.0
7185.048418718,10075.0,0.0
7185.057366214,10075.0,0.0
7185.068708020,10075.0,0.0
7185.078331426,10075.0,10.0
7185.089376069,10075.0,10.0
7185.098803977,10075.0,10.0
7185.109612789,10075.0,10.0
7185.120205019,10075.0,10.0
7185.129502928,10075.0,10.0
7185.144131536,10075.0,10.0
7185.149173987,10075.0,0.0
7185.159559552,10075.0,0.0
7185.169695953,10075.0,0.0
7185.179938020,10075.0,0.0
7185.189455178,10075.0,0.0
7185.202104221,10075.0,0.0
7185.210234725,10075.0,0.0
7185.219871965,10075.0,0.0
7185.238821364,10075.0,0.0
7185.241951500,10075.0,0.0
7185.251846654,10075.0,0.0
7185.262248886,10075.0,0.0
7185.272867616,10075.0,0.0
7185.282847768,10075.0,0.0
7185.292378509,10075.0,0.0
7185.302876407,10075.0,0.0
7185.312433314,10075.0,0.0
7185.323158876,10075.0,0.0
7185.333033946,10075.0,0.0
7185.343052182,10075.0,0.0
7185.355144314,10075.0,0.0
7185.363701064,10075.0,0.0
7185.373158889,10075.0,0.0
7185.383388623,10075.0,0.0
7185.393586440,10075.0,0.0
7185.409226288,10075.0,0.0
7185.413965075,10075.0,0.0
7185.424949468,10075.0,0.0
7185.434609791,10075.0,0.0
7185.445440268,10075.0,0.0
7185.455767835,10075.0,0.0
7185.465777820,10075.0,0.0
7185.478630779,10075.0,0.0
7185.485720876,10075.0,0.0
7185.495672946,10075.0,0.0
7185.504982772,10075.0,0.0
7185.515354921,10075.0,0.0
7185.525569155,10075.0,0.0
7185.536294134,10075.0,0.0
7185.554090460,10075.0,0.0
7185.556453187,10075.0,0.0
7186.019666260,10075.0,0.0
7186.029882828,10075.0,0.0
7186.040095395,10075.0,0.0
7186.050176547,10075.0,0.0
7186.060536529,10075.0,0.0
7186.074457310,10075.0,0.0
7186.080089172,10075.0,0.0
7186.091787558,10075.0,0.0
7186.102770451,10075.0,0.0
7186.110104380,10075.0,0.0
7186.120267281,10075.0,0.0
7186.130974010,10075.0,0.0
7186.140947996,10075.0,0.0
7186.151926556,10075.0,0.0
7186.161607712,10075.0,0.0
7186.173146349,10075.0,0.0
7186.181363686,10075.0,0.0
7186.191811834,10075.0,0.0
7186.207105269,10075.0,0.0
7186.211243478,10075.0,0.0
7186.492716987,10075.0,0.0
7186.502038980,10075.0,0.0
7186.512110299,10075.0,0.0
7186.522970360,10075.0,0.0
7186.534106168,10075.0,0.0
7186.542359004,10075.0,0.0
7186.552661154,10075.0,0.0
7186.562588890,10075.0,0.0
7186.572792958,10075.0,0.0
7186.584021515,10075.0,0.0
7186.594694161,10075.0,0.0
7186.608205280,10075.0,0.0
7186.615736873,10075.0,0.0
7186.626666016,10075.0,0.0
7186.636386588,10075.0,0.0
7186.646969152,10075.0,0.0
7186.656465976,10075.0,0.0
7186.667818199,10075.0,0.0
7186.679265838,10075.0,0.0
7187.021965417,10075.0,0.0
7187.022116083,10075.0,0.0
7187.031389659,10075.0,0.0
7187.044271450,10075.0,0.0
7187.052734201,10075.0,0.0
7187.062606772,10075.0,0.0
7187.073732580,10075.0,0.0
7187.083294570,10075.0,0.0
7187.094695876,10075.0,0.0
7187.558035614,10075.0,0.0
7187.568509595,10075.0,0.0
7187.578397249,10075.0,0.0
7187.588549900,10075.0,0.0
7187.599075048,10075.0,0.0
7187.609178616,10075.0,0.0
7187.618446609,10075.0,0.0
7187.628716509,10075.0,0.0
7187.639220740,10075.0,0.0
7187.648191153,10075.0,0.0
7187.659187546,10075.0,0.0
7187.668240874,10075.0,0.0
7187.678271443,10075.0,0.0
7187.688769508,10075.0,0.0
7187.698761660,10075.0,0.0
7187.708162652,10075.0,0.0
7187.718461969,10075.0,0.0
7187.728855034,10075.0,0.0
7187.739399931,10075.0,0.0
7187.750147577,10075.0,0.0
7187.899824203,10075.0,0.0
7187.909285027,10075.0,0.0
7187.919409012,10075.0,0.0
7187.929903660,10075.0,0.0
7187.942778618,10075.0,0.0
7187.950471709,10075.0,0.0
7188.306579242,10075.0,0.0
7188.316944224,10075.0,0.0
7188.326392716,10075.0,0.0
7188.336412035,10075.0,0.0
7188.352251047,10075.0,0.0
7188.428153558,10075.0,0.0
7188.437217720,10075.0,0.0
7188.447297455,10075.0,0.0
7188.457777270,10075.0,0.0
7188.474474940,10075.0,0.0
7188.826181016,10075.0,0.0
7188.836238334,10075.0,0.0
7188.846414402,10075.0,0.0
7188.856927300,10075.0,0.0
7188.869411595,10075.0,0.0
7188.877361684,10075.0,0.0
7188.898402896,10075.0,0.0
7189.164905634,10075.0,0.0
7189.175033785,10075.0,0.0
7189.185498100,10075.0,0.0
7189.195762500,10075.0,0.0
7189.205098743,10075.0,0.0
7189.481807048,10075.0,0.0
7189.481859298,10075.0,0.0
7189.491094958,10075.0,0.0
7189.500234286,10075.0,0.0
7189.510521185,10075.0,0.0
7189.520624504,10075.0,0.0
7189.531045736,10075.0,0.0
7189.546816165,10075.0,0.0
7189.551924866,10075.0,0.0
7190.016084179,10075.0,0.0
7190.026935074,10075.0,0.0
7190.036911560,10075.0,0.0
7190.046544133,10075.0,0.0
7190.056831366,10075.0,0.0
7190.066291607,10075.0,0.0
7190.083776437,10075.0,0.0
7190.299044591,10075.0,0.0
7190.309415073,10075.0,0.0
7190.319518558,10075.0,0.0
7190.329800041,10075.0,0.0
7190.348514942,10075.0,0.0
7190.349444267,10075.0,0.0
7190.422670470,10075.0,0.0
7190.432725289,10075.0,0.0
7190.446739069,10075.0,0.0
7190.452985175,10075.0,0.0
7190.462199002,10075.0,0.0
7190.473598141,10075.0,0.0
7190.483269047,10075.0,0.0
7190.567036981,10075.0,0.0
7190.576439723,10075.0,0.0
7190.586518208,10075.0,0.0
7190.596782108,10075.0,0.0
7190.606826177,10075.0,-10.0
7190.620294379,10075.0,-10.0
7191.279161214,10075.0,0.0
7191.286545475,10075.0,0.0
7191.296399046,10075.0,0.0
7191.306858777,10075.0,0.0
7191.316217686,10075.0,10.0
7191.326447836,10075.0,10.0
7191.343988416,10075.0,10.0
7191.348084292,10075.0,10.0
7191.548674173,10075.0,0.0
7191.558610659,10075.0,0.0
7191.568900642,10075.0,0.0
7191.578732797,10075.0,0.0
7191.588628950,10075.0,0.0
7191.598778351,10075.0,0.0
7191.608113427,10075.0,0.0
7191.770336764,10075.0,0.0
7191.781187409,10075.0,0.0
7191.790106155,10075.0,0.0
7191.802330703,10075.0,0.0
7191.811630112,10075.0,0.0
7191.960688244,10075.0,0.0
7191.970704146,10075.0,0.0
7191.980688049,10075.0,0.0
7191.990882783,10075.0,0.0
7192.000790104,10075.0,0.0
7192.013369064,10075.0,0.0
7192.231679522,10075.0,0.0
7192.241285345,10075.0,0.0
7192.250617671,10075.0,0.0
7192.262090309,10075.0,0.0
7192.270786558,10075.0,0.0
7192.287572978,10075.0,0.0
7192.302897495,10075.0,0.0
7192.311251497,10075.0,0.0
7192.321764311,10075.0,0.0
7192.332158710,10075.0,0.0
7192.350364283,10075.0,0.0
7192.355869646,10075.0,0.0
7192.488174108,10075.0,0.0
7192.495249289,10075.0,0.0
7192.505913435,10075.0,0.0
7192.515933671,10075.0,0.0
7192.526271820,10075.0,0.0
7192.537739625,10075.0,0.0
7192.554318547,10075.0,0.0
7192.700714455,10075.0,0.0
7192.710503859,10075.0,0.0
7192.721053507,10075.0,0.0
7192.731239241,10075.0,0.0
7192.744467195,10075.0,0.0
7192.750915966,10075.0,0.0
7192.821901358,10075.0,0.0
7192.831933677,10075.0,10.0
7192.841059422,10075.0,10.0
7192.851376488,10075.0,10.0
7192.862221632,10075.0,10.0
7192.881170614,10075.0,10.0
7192.888972538,10075.0,10.0
7193.019771515,10075.0,0.0
7193.028203099,10075.0,0.0
7193.038493999,10075.0,0.0
7193.048707900,10075.0,0.0
7193.059052882,10075.0,0.0
7193.072372919,10075.0,0.0
7193.084069639,10075.0,0.0
7193.352208361,10075.0,0.0
7193.362168264,10075.0,0.0
7193.372563746,10075.0,0.0
7193.382950978,10075.0,0.0
7193.393427043,10075.0,0.0
7193.409973798,10075.0,0.0
7193.416787982,10075.0,0.0
7193.485295648,10075.0,0.0
7193.495332551,10075.0,0.0
7193.503892717,10075.0,0.0
7193.514086285,10075.0,0.0
7193.524285019,10075.0,0.0
7193.535095247,10075.0,0.0
7193.545297564,10075.0,0.0
7193.554887054,10075.0,0.0
7193.565423618,10075.0,0.0
7193.576384678,10075.0,0.0
7193.585481423,10075.0,0.0
7193.596463483,10075.0,0.0
7193.606806299,10075.0,0.0
7193.616408705,10075.0,-10.0
7193.625784447,10075.0,-10.0
7193.634982107,10075.0,-10.0
7193.645778669,10075.0,-10.0
7193.655723822,10075.0,-10.0
7193.665219646,10075.0,-10.0
7193.676772284,10075.0,-10.0
7194.231414050,10075.0,-10.0
7194.241712366,10075.0,-10.0
7194.253386503,10075.0,-10.0
7194.261558090,10075.0,-10.0
7194.272027321,10075.0,-10.0
7194.282268721,10075.0,-10.0
7194.296660998,10075.0,-10.0
7194.563983062,10075.0,-10.0
7194.573358387,10075.0,-10.0
7194.583358623,10075.0,-10.0
7194.593907853,10075.0,-10.0
7194.618892194,10075.0,-10.0
7194.618921193,10075.0,-10.0
7194.625492379,10075.0,-10.0
7194.885350349,10075.0,0.0
7194.895446917,10075.0,0.0
7194.907632549,10075.0,0.0
7194.915935551,10075.0,0.0
7194.926418949,10075.0,-10.0
7194.944226692,10075.0,-10.0
7194.948363402,10075.0,-10.0
7195.213566403,10075.0,0.0
7195.222987395,10075.0,0.0
7195.231973557,10075.0,0.0
7195.243002533,10075.0,0.0
7195.253294183,10075.0,0.0
7195.263538500,10075.0,0.0
7195.353109211,10075.0,0.0
7195.369421302,10075.0,0.0
7195.373580928,10075.0,0.0
7195.383814245,10075.0,0.0
7195.393374152,10075.0,0.0
7195.412348467,10075.0,0.0
7195.413909869,10075.0,0.0
7195.556874560,10075.0,0.0
7195.566682965,10075.0,0.0
7195.576334871,10075.0,0.0
7195.587092849,10075.0,0.0
7195.596833588,10075.0,0.0
7195.612923098,10075.0,0.0
7195.687693536,10075.0,0.0
7195.698258850,10075.0,0.0
7195.708852830,10075.0,0.0
7195.719591559,10075.0,0.0
7195.730604535,10075.0,0.0
7195.741483762,10075.0,0.0
7195.751125585,10075.0,0.0
7195.759358588,10075.0,0.0
7195.769859569,10075.0,0.0
7195.779446726,10075.0,0.0
7195.790261787,10075.0,0.0
7195.802756582,10075.0,0.0
7195.813975890,10075.0,0.0
7195.964394425,10075.0,10.0
7195.973911083,10075.0,10.0
7195.983609571,10075.0,10.0
7195.994020470,10075.0,10.0
7196.008551329,10075.0,10.0
7196.013384282,10075.0,0.0
7196.084867669,10075.0,0.0
7196.094764656,10075.0,0.0
7196.104492061,10075.0,0.0
7196.114771128,10075.0,0.0
7196.125242776,10075.0,0.0
7196.135170762,10075.0,0.0
7196.146200905,10075.0,0.0
7196.419508660,10075.0,0.0
7196.429410564,10075.0,0.0
7196.439967294,10075.0,0.0
7196.449414786,10075.0,0.0
7196.459685936,10075.0,0.0
7196.470165500,10075.0,0.0
7196.480230819,10075.0,0.0
7196.820568588,10075.0,0.0
7196.830842738,10075.0,0.0
7196.840803975,10075.0,0.0
7196.850256466,10075.0,0.0
7196.860544366,10075.0,0.0
7196.870828016,10075.0,0.0
7196.883625141,10075.0,0.0
7197.023692110,10075.0,0.0
7197.033406933,10075.0,0.0
7197.043730915,10075.0,0.0
7197.053874650,10075.0,0.0
7197.063190559,10075.0,0.0
7197.288652280,10075.0,0.0
7197.301007744,10075.0,0.0
7197.308799168,10075.0,0.0
7197.318545406,10075.0,0.0
7197.328753140,10075.0,0.0
7197.345527560,10075.0,0.0
7197.349451355,10075.0,0.0
7197.414983467,10075.0,0.0
7197.424094878,10075.0,0.0
7197.434639359,10075.0,0.0
7197.443759603,10075.0,0.0
7197.453811422,10075.0,0.0
7197.462974000,10075.0,0.0
7197.477865271,10075.0,0.0
7197.897190855,10075.0,0.0
7197.907614170,10075.0,0.0
7197.918146401,10075.0,0.0
7197.928235969,10075.0,0.0
7197.938545786,10075.0,0.0
7197.952201319,10075.0,0.0
7198.019550997,10075.0,0.0
7198.029920813,10075.0,0.0
7198.039718300,10075.0,0.0
7198.049986200,10075.0,0.0
7198.060298517,10075.0,0.0
7198.070853997,10075.0,0.0
7198.084146868,10075.0,0.0
7198.090835219,10075.0,0.0
7198.100261128,10075.0,0.0
7198.110832691,10075.0,0.0
7198.122643243,10075.0,0.0
7198.136602690,10075.0,0.0
7198.143182126,10075.0,0.0
7198.233210916,10075.0,0.0
7198.244033811,10075.0,0.0
7198.253831049,10075.0,0.0
7198.263301457,10075.0,0.0
7198.282118940,10075.0,0.0
7198.286156817,10075.0,0.0
7198.754251259,10075.0,0.0
7198.764827990,10075.0,0.0
7198.774919142,10075.0,0.0
7198.784139385,10075.0,0.0
7198.794761615,10075.0,0.0
7198.809886384,10075.0,0.0
7198.950694763,10075.0,0.0
7198.961133745,10075.0,0.0
7198.970201323,10075.0,0.0
7198.980392141,10075.0,0.0
7198.991263035,10075.0,0.0
7199.093182126,10075.0,0.0
7199.103565775,10075.0,0.0
7199.114147922,10075.0,0.0
7199.123288249,10075.0,0.0
7199.143725300,10075.0,0.0
7199.143779800,10075.0,0.0
7199.620444325,10075.0,0.0
7199.628916076,10075.0,0.0
7199.638967728,10075.0,0.0
7199.649734207,10075.0,0.0
7199.660062939,10075.0,0.0
7199.669370765,10075.0,0.0
7199.680167910,10075.0,0.0
7199.689970231,10075.0,0.0
7199.700171465,10075.0,0.0
7199.710449032,10075.0,0.0
7199.720446768,10075.0,0.0
7199.730666252,10075.0,0.0
7199.740283741,10075.0,0.0
7199.750586724,10075.0,0.0
7199.760528128,10075.0,0.0
7199.770866277,10075.0,0.0
7199.780301935,10075.0,0.0
7199.790559919,10075.0,0.0
7199.809197154,10075.0,0.0
7199.813980441,10075.0,0.0
7199.893249169,10075.0,0.0
7199.903333154,10075.0,0.0
7199.913455889,10075.0,0.0
7199.923610456,10075.0,0.0
7199.933930356,10075.0,0.0
7199.943644428,10075.0,0.0
7199.953903411,10075.0,0.0
7199.966964034,10075.0,0.0
7199.973119974,10075.0,0.0
7199.983127710,10075.0,0.0
7199.993349777,10075.0,0.0
7200.003631427,10075.0,0.0
7200.013904494,10075.0,0.0
7200.023209653,10075.0,0.0
7200.033141056,10075.0,0.0
7200.043760370,10075.0,0.0
7200.054089686,10075.0,0.0
7200.064239920,10075.0,0.0
7200.078225201,10075.0,0.0
7200.083847063,10075.0,0.0
7200.410932294,10075.0,0.0
7200.496954624,10075.0,0.0
7200.507678269,10075.0,0.0
7200.517693838,10075.0,0.0
7200.527921572,10075.0,0.0
7200.555558470,10075.0,0.0
7200.555593386,10075.0,0.0
7200.559032769,10075.0,0.0
7200.683018645,10075.0,0.0
7200.692077390,10075.0,0.0
7200.702185125,10075.0,0.0
7200.712278360,10075.0,0.0
7200.723301003,10075.0,0.0
7200.733300072,10075.0,0.0
7200.743217976,10075.0,0.0
7200.753911371,10075.0,-10.0
7200.763791275,10075.0,-10.0
7200.772966269,10075.0,-10.0
7200.783385418,10075.0,-10.0
7200.793713984,10075.0,-10.0
7200.804612544,10075.0,-10.0
7200.814941527,10075.0,-10.0
7200.828029400,10075.0,-10.0
7200.833932342,10075.0,-10.0
7200.844545739,10075.0,-10.0
7200.854741723,10075.0,-10.0
7200.866229861,10075.0,-10.0
7200.876740425,10075.0,-10.0
7201.099116927,10075.0,-10.0
7201.108003424,10075.0,-10.0
7201.118402489,10075.0,-10.0
7201.128635056,10075.0,-10.0
7201.139069038,10075.0,-10.0
7201.151066838,10075.0,-10.0
7201.422029782,10075.0,-10.0
7201.432764595,10075.0,-10.0
7201.442435917,10075.0,-10.0
7201.452696567,10075.0,-10.0
7201.461834728,10075.0,-10.0
7201.472143044,10075.0,-10.0
7201.482360695,10075.0,-10.0
7201.492715927,10075.0,-10.0
7201.502595248,10075.0,-10.0
7201.512842148,10075.0,-10.0
7201.522070058,10075.0,-10.0
7201.532585539,10075.0,-10.0
7201.542695774,10075.0,-10.0
7201.552816259,10075.0,-10.0
7201.562057669,10075.0,-10.0
7201.572462484,10075.0,-10.0
7201.582787800,10075.0,0.0
7201.596706082,10075.0,0.0
7201.767868832,10075.0,-10.0
7201.778167148,10075.0,-10.0
7201.787106811,10075.0,-10.0
7201.797442377,10075.0,-10.0
7201.807815026,10075.0,-10.0
7201.818021093,10075.0,-10.0
7202.030137444,10075.0,-10.0
7202.040614426,10075.0,-10.0
7202.050864493,10075.0,-10.0
7202.060132736,10075.0,0.0
7202.071019630,10075.0,0.0
7202.083449425,10075.0,0.0
7202.091245599,10075.0,0.0
7202.414040206,10075.0,0.0
7202.416789179,10075.0,0.0
7202.426408586,10075.0,0.0
7202.436821651,10075.0,0.0
7202.447184300,10075.0,0.0
7202.457408534,10075.0,0.0
7202.560054118,10075.0,0.0
7202.570413017,10075.0,0.0
7202.581107829,10075.0,0.0
7202.590269490,10075.0,0.0
7202.600505807,10075.0,0.0
7202.616291237,10075.0,0.0
7202.822664061,10075.0,0.0
7202.822797726,10075.0,0.0
7202.833310040,10075.0,0.0
7202.844865011,10075.0,0.0
7202.852945932,10075.0,0.0
7202.863800660,10075.0,0.0
7202.878496184,10075.0,0.0
7202.890254986,10075.0,0.0
7202.894264030,10075.0,0.0
7203.149473545,10075.0,0.0
7203.159608780,10075.0,0.0
7203.170435674,10075.0,0.0
7203.180690408,10075.0,0.0
7203.190686394,10075.0,0.0
7203.201198041,10075.0,0.0
7203.214172415,10075.0,0.0
7203.553561444,10075.0,0.0
7203.563646095,10075.0,0.0
7203.573146003,10075.0,0.0
7203.583581401,10075.0,0.0
7203.593927717,10075.0,0.0
7203.603152044,10075.0,0.0
7203.615572090,10075.0,0.0
7203.965867262,10075.0,0.0
7203.977787896,10075.0,0.0
7203.988310127,10075.0,0.0
7203.997364039,10075.0,0.0
7204.012235394,10075.0,0.0
7204.018057754,10075.0,0.0
7204.090074053,10075.0,0.0
7204.100287620,10075.0,0.0
7204.111222264,10075.0,0.0
7204.120004761,10075.0,0.0
7204.130603908,10075.0,0.0
7204.140651560,10075.0,0.0
7204.559247068,10075.0,0.0
7204.569681966,10075.0,0.0
7204.579375122,10075.0,0.0
7204.589885186,10075.0,0.0
7204.599889839,10075.0,0.0
7204.609180831,10075.0,0.0
7204.619476148,10075.0,0.0
7204.630145711,10075.0,0.0
7204.639173039,10075.0,0.0
7204.649845435,10075.0,0.0
7204.659134345,10075.0,0.0
7204.669269830,10075.0,0.0
7204.679805227,10075.0,0.0
7204.690393541,10075.0,10.0
7204.699249038,10075.0,10.0
7204.709265690,10075.0,10.0
7204.719690672,10075.0,10.0
7204.730084404,10075.0,10.0
7204.755680905,10075.0,10.0
7204.755892069,10075.0,10.0
7204.760735022,10075.0,10.0
7205.175172903,10075.0,0.0
7205.183071577,10075.0,0.0
7205.193279727,10075.0,0.0
7205.206112519,10075.0,0.0
7205.219286641,10075.0,0.0
7205.486911035,10075.0,0.0
7205.487043283,10075.0,0.0
7205.494920123,10075.0,0.0
7205.504559779,10075.0,0.0
7205.514719264,10075.0,0.0
7205.525416160,10075.0,0.0
7205.535666560,10075.0,0.0
7205.550464749,10075.0,0.0
7205.696182830,10075.0,0.0
7205.706343315,10075.0,0.0
7205.715969304,10075.0,10.0
7205.726262371,10075.0,10.0
7205.736985683,10075.0,10.0
7205.747303499,10075.0,10.0
7205.757462400,10075.0,10.0
7205.767662634,10075.0,10.0
7205.777772702,10075.0,10.0
7205.788070435,10075.0,10.0
7205.798282003,10075.0,0.0
7205.808460320,10075.0,0.0
7205.818721304,10075.0,0.0
7205.827922381,10075.0,0.0
7205.840047179,10075.0,0.0
7205.850435245,10075.0,0.0
7205.860801477,10075.0,0.0
7205.879693627,10075.0,0.0
7205.882051770,10075.0,0.0
7206.350036213,10075.0,0.0
7206.360450445,10075.0,0.0
7206.370466848,10075.0,0.0
7206.381143661,10075.0,0.0
7206.390566485,10075.0,0.0
7206.400888052,10075.0,0.0
7206.414455503,10075.0,0.0
7206.420733608,10075.0,0.0
7206.826008162,10075.0,0.0
7206.835520403,10075.0,0.0
7206.845467639,10075.0,0.0
7206.855525291,10075.0,0.0
7206.866378102,10075.0,0.0
7206.875212850,10075.0,0.0
7206.885093670,10075.0,0.0
7206.895798983,10075.0,0.0
7206.905709469,10075.0,0.0
7206.914868880,10075.0,0.0
7206.925329278,10075.0,0.0
7206.935491596,10075.0,0.0
7206.945501415,10075.0,0.0
7206.956318893,10075.0,0.0
7206.965897300,10075.0,0.0
7206.975674288,10075.0,0.0
7206.986482099,10075.0,0.0
7206.997101079,10075.0,0.0
7207.012483180,10075.0,0.0
7207.019330196,10075.0,0.0
7207.251427686,10075.0,0.0
7207.254240992,10075.0,0.0
7207.279397997,10075.0,0.0
7207.279472913,10075.0,0.0
7207.286753759,10075.0,0.0
7207.297485321,10075.0,0.0
7207.571571486,10075.0,0.0
7207.579909404,10075.0,0.0
7207.589455478,10075.0,0.0
7207.599708462,10075.0,0.0
7207.609905112,10075.0,0.0
7207.618980441,10075.0,0.0
7207.629211924,10075.0,0.0
7207.639574823,10075.0,0.0
7207.649608142,10075.0,0.0
7207.659967875,10075.0,0.0
7207.669360700,10075.0,0.0
7207.679520934,10075.0,0.0
7207.689457254,10075.0,0.0
7207.699798154,10075.0,0.0
7207.709106230,10075.0,0.0
7207.719290464,10075.0,0.0
7207.729609947,10075.0,0.0
7207.740889337,10075.0,0.0
7207.754475455,10075.0,0.0
7208.158405688,10075.0,10.0
7208.167255019,10075.0,10.0
7208.177340837,10075.0,10.0
7208.187879984,10075.0,0.0
7208.196896730,10075.0,0.0
7208.207343878,10075.0,0.0
7208.218320438,10075.0,0.0
7208.228336757,10075.0,0.0
7208.238496658,10075.0,0.0
7208.249337469,10075.0,0.0
7208.258296132,10075.0,0.0
7208.269789354,10075.0,0.0
7208.278422353,10075.0,0.0
7208.289224581,10075.0,0.0
7208.298937403,10075.0,0.0
7208.310287542,10075.0,0.0
7208.320477693,10075.0,0.0
7208.329407606,10075.0,0.0
7208.354009033,10075.0,0.0
7208.354102616,10075.0,0.0
7208.360952216,10075.0,0.0
7208.481241878,10075.0,0.0
7208.491761942,10075.0,0.0
7208.501786261,10075.0,0.0
7208.512000245,10075.0,0.0
7208.522551809,10075.0,0.0
7208.532959958,10075.0,0.0
7208.542010869,10075.0,0.0
7208.553617256,10075.0,0.0
7208.562738584,10075.0,0.0
7208.572871319,10075.0,0.0
7208.583430966,10075.0,0.0
7208.593807782,10075.0,0.0
7208.603845517,10075.0,0.0
7208.614565746,10075.0,0.0
7208.625134727,10075.0,0.0
7208.636173703,10075.0,0.0
7208.646179355,10075.0,0.0
7208.655369266,10075.0,0.0
7208.665860413,10075.0,0.0
7208.678452458,10075.0,0.0
7208.685357640,10075.0,0.0
7209.029240708,10075.0,0.0
7209.039486609,10075.0,0.0
7209.049669093,10075.0,0.0
7209.058885170,10075.0,0.0
7209.069145987,10075.0,0.0
7209.079433720,10075.0,0.0
7209.089699286,10075.0,0.0
7209.099766855,10075.0,0.0
7209.108930183,10075.0,0.0
7209.119089584,10075.0,0.0
7209.131961208,10075.0,0.0
7209.139906131,10075.0,0.0
7209.148933793,10075.0,0.0
7209.159864770,10075.0,0.0
7209.169861256,10075.0,0.0
7209.180072323,10075.0,0.0
7209.189904727,10075.0,0.0
7209.201159534,10075.0,0.0
7209.211213603,10075.0,0.0
7209.640966002,10075.0,0.0
7209.650883739,10075.0,0.0
7209.660941974,10075.0,0.0
7209.670210884,10075.0,0.0
7209.841313718,10075.0,0.0
7209.851868615,10075.0,0.0
7209.862028433,10075.0,0.0
7209.872247500,10075.0,0.0
7209.882540900,10075.0,0.0
7210.498531318,10075.0,0.0
7210.508900051,10075.0,0.0
7210.518558706,10075.0,0.0
7210.529371935,10075.0,0.0
7210.541247402,10075.0,0.0
7210.548846578,10075.0,0.0
7210.558757482,10075.0,0.0
7210.639228031,10075.0,0.0
7210.649377349,10075.0,0.0
7210.659396752,10075.0,0.0
7210.683819931,10075.0,0.0
7210.683933846,10075.0,0.0
7211.035766420,10075.0,0.0
7211.045142079,10075.0,0.0
7211.056094222,10075.0,0.0
7211.066503121,10075.0,0.0
7211.076210943,10075.0,0.0
7211.085257272,10075.0,0.0
7211.166591480,10075.0,0.0
7211.171831345,10075.0,0.0
7211.181394086,10075.0,0.0
7211.191484571,10075.0,0.0
7211.202425464,10075.0,0.0
7211.226874726,10075.0,0.0
7211.226917226,10075.0,0.0
7211.231587263,10075.0,0.0
7211.373205135,10075.0,-10.0
7211.383302620,10075.0,-10.0
7211.392414364,10075.0,-10.0
7211.403277258,10075.0,-10.0
7211.413222662,10075.0,-10.0
7211.425020463,10075.0,-10.0
7211.707457296,10075.0,-10.0
7211.717814446,10075.0,-10.0
7211.727087605,10075.0,-10.0
7211.737241840,10075.0,-10.0
7211.748006235,10075.0,-10.0
7211.758013721,10075.0,-10.0
7211.767951291,10075.0,-10.0
7211.777466365,10075.0,-10.0
7211.787254769,10075.0,-10.0
7211.797359004,10075.0,-10.0
7211.808230732,10075.0,-10.0
7211.818076303,10075.0,-10.0
7211.828294453,10075.0,-10.0
7211.838931350,10075.0,-10.0
7211.848992085,10075.0,-10.0
7211.858190745,10075.0,-10.0
7211.869024223,10075.0,-10.0
7211.892286247,10075.0,-10.0
7211.892339496,10075.0,-10.0
7211.899512510,10075.0,-10.0
7211.909687077,10075.0,-10.0
7211.919862978,10075.0,-10.0
7211.930345876,10075.0,-10.0
7211.947183212,10075.0,-10.0
7211.952930240,10075.0,-10.0
7212.164156349,10075.0,-10.0
7212.175248575,10075.0,-10.0
7212.185738389,10075.0,-10.0
7212.194825717,10075.0,-10.0
7212.205306199,10075.0,-10.0
7212.494853879,10075.0,0.0
7212.504058623,10075.0,0.0
7212.514368523,10075.0,0.0
7212.525218584,10075.0,0.0
7212.534643742,10075.0,0.0
7212.893550164,10075.0,0.0
7212.901647585,10075.0,0.0
7212.910464582,10075.0,0.0
7212.920703316,10075.0,0.0
7212.930877384,10075.0,0.0
7212.940534956,10075.0,0.0
7212.962463326,10075.0,0.0
7212.962506242,10075.0,0.0
7213.247475301,10075.0,0.0
7213.256838876,10075.0,10.0
7213.266905778,10075.0,10.0
7213.280249648,10075.0,10.0
7213.504061552,10075.0,0.0
7213.511432647,10075.0,10.0
7213.521764213,10075.0,10.0
7213.532672107,10075.0,10.0
7213.547432213,10075.0,10.0
7213.557092536,10075.0,10.0
7213.725332648,10075.0,0.0
7213.735882045,10075.0,0.0
7213.752811130,10075.0,0.0
7213.756080848,10075.0,0.0
7213.887404320,10075.0,0.0
7213.896685896,10075.0,0.0
7213.906323135,10075.0,10.0
7213.916526369,10075.0,10.0
7213.926749353,10075.0,10.0
7213.935938014,10075.0,10.0
7213.946218747,10075.0,10.0
7213.956447897,10075.0,10.0
7213.966590632,10075.0,10.0
7213.976676867,10075.0,10.0
7213.986114942,10075.0,10.0
7213.996197677,10075.0,10.0
7214.007144404,10075.0,0.0
7214.016757643,10075.0,0.0
7214.026049053,10075.0,0.0
7214.036298370,10075.0,0.0
7214.046666185,10075.0,0.0
7214.056822753,10075.0,0.0
7214.066430410,10075.0,0.0
7214.086070135,10075.0,0.0
7214.091168419,10075.0,0.0
7214.162315226,10075.0,0.0
7214.172791207,10075.0,0.0
7214.182522946,10075.0,0.0
7214.192940428,10075.0,0.0
7214.205699970,10075.0,0.0
7214.225380279,10075.0,0.0
7214.225421362,10075.0,0.0
7214.233907362,10075.0,0.0
7214.566169044,10075.0,0.0
7214.576881106,10075.0,0.0
7214.587395087,10075.0,0.0
7214.596707580,10075.0,0.0
7214.607960470,10075.0,0.0
7214.620834095,10075.0,0.0
7215.047464857,10075.0,0.0
7215.055669444,10075.0,0.0
7215.066886085,10075.0,0.0
7215.075321502,10075.0,0.0
7215.100561507,10075.0,0.0
7215.100797921,10075.0,0.0
7215.105307127,10075.0,0.0
7215.116149355,10075.0,0.0
7215.125027185,10075.0,0.0
7215.135679248,10075.0,0.0
7215.145821816,10075.0,0.0
7215.161450747,10075.0,0.0
7215.166894111,10075.0,0.0
7215.176918346,10075.0,0.0
7215.187326078,10075.0,0.0
7215.197497813,10075.0,0.0
7215.213385908,10075.0,0.0
7215.217515035,10075.0,0.0
7215.228499844,10075.0,0.0
7215.418440911,10075.0,0.0
7215.430024215,10075.0,0.0
7215.438416717,10075.0,0.0
7215.448305371,10075.0,0.0
7215.459521678,10075.0,0.0
7215.468887253,10075.0,0.0
7215.480222976,10075.0,0.0
7215.490125963,10075.0,0.0
7215.499422873,10075.0,0.0
7215.509634107,10075.0,0.0
7215.520034172,10075.0,0.0
7215.530229240,10075.0,0.0
7215.540467556,10075.0,0.0
7215.553253765,10075.0,0.0
7215.560521528,10075.0,0.0
7215.642367398,10075.0,0.0
7215.652561382,10075.0,0.0
7215.662796699,10075.0,0.0
7215.673009933,10075.0,0.0
7215.683168500,10075.0,0.0
7215.692491576,10075.0,0.0
7215.703840299,10075.0,0.0
7215.712101885,10075.0,0.0
7215.722548117,10075.0,0.0
7215.733007682,10075.0,0.0
7215.742347757,10075.0,0.0
7215.757575026,10075.0,0.0
7216.228556190,10075.0,0.0
7216.238183679,10075.0,0.0
7216.248300664,10075.0,0.0
7216.258630814,10075.0,0.0
7216.268792298,10075.0,0.0
7216.277975542,10075.0,0.0
7216.288513856,10075.0,0.0
7216.298523342,10075.0,0.0
7216.308560744,10075.0,0.0
7216.318842311,10075.0,0.0
7216.328040054,10075.0,0.0
7216.338253122,10075.0,0.0
7216.348567771,10075.0,0.0
7216.359169418,10075.0,0.0
7216.368672325,10075.0,0.0
7216.378914559,10075.0,0.0
7216.388746797,10075.0,0.0
7216.413523889,10075.0,0.0
7216.414222548,10075.0,0.0
7216.633845077,10075.0,0.0
7216.643657564,10075.0,0.0
7216.652833808,10075.0,0.0
7216.663381956,10075.0,0.0
7216.673343025,10075.0,0.0
7216.683447927,10075.0,0.0
7216.694176989,10075.0,0.0
7216.703202735,10075.0,0.0
7216.713337136,10075.0,0.0
7216.723804367,10075.0,0.0
7216.733411024,10075.0,0.0
7216.743836756,10075.0,0.0
7216.753555078,10075.0,0.0
7216.764096808,10075.0,0.0
7216.773504217,10075.0,0.0
7216.783806033,10075.0,0.0
7216.793088526,10075.0,0.0
7216.811243516,10075.0,0.0
7216.816300217,10075.0,0.0
7216.824608219,10075.0,0.0
7216.834930619,10075.0,0.0
7216.844370777,10075.0,0.0
7216.854513345,10075.0,0.0
7216.865868484,10075.0,0.0
7216.876980042,10075.0,0.0
7216.891767315,10075.0,0.0
7217.180343172,10075.0,0.0
7217.190844403,10075.0,0.0
7217.200205562,10075.0,0.0
7217.222271764,10075.0,0.0
7217.222322930,10075.0,0.0
7217.545299285,10075.0,0.0
7217.548890666,10075.0,0.0
7217.559749311,10075.0,0.0
7217.568455059,10075.0,0.0
7217.579182788,10075.0,0.0
7217.589861268,10075.0,0.0
7217.599851920,10075.0,0.0
7217.614131281,10075.0,0.0
7217.619478479,10075.0,0.0
7217.629563048,10075.0,0.0
7217.639957196,10075.0,0.0
7217.650487094,10075.0,0.0
7217.660475747,10075.0,0.0
7217.676644672,10075.0,0.0
7217.684530429,10075.0,0.0
7217.884632314,10075.0,0.0
7217.894648550,10075.0,0.0
7217.904808451,10075.0,0.0
7217.914031528,10075.0,0.0
7217.925684414,10075.0,0.0
7217.934673327,10075.0,0.0
7217.944168151,10075.0,0.0
7217.954155304,10075.0,0.0
7217.964747367,10075.0,0.0
7217.974761020,10075.0,0.0
7217.984792255,10075.0,0.0
7217.994106748,10075.0,0.0
7218.004276899,10075.0,0.0
7218.014605048,10075.0,0.0
7218.024960031,10075.0,0.0
7218.034219691,10075.0,0.0
7218.044538090,10075.0,0.0
7218.055195736,10075.0,0.0
7218.065084140,10075.0,0.0
7218.082345722,10075.0,0.0
7218.085933937,10075.0,0.0
7218.494587791,10075.0,-10.0
7218.505142022,10075.0,-10.0
7218.514520264,10075.0,-10.0
7218.524815080,10075.0,-10.0
7218.541062005,10075.0,-10.0
7218.546840199,10075.0,-10.0
7218.889700777,10075.0,-10.0
7218.898901021,10075.0,-10.0
7218.909978663,10075.0,-10.0
7218.920517810,10075.0,-10.0
7218.929682971,10075.0,-10.0
7218.953851903,10075.0,-10.0
7218.953915569,10075.0,-10.0
7218.961007250,10075.0,-10.0
7219.034480784,10075.0,-10.0
7219.045129514,10075.0,-10.0
7219.054265008,10075.0,-10.0
7219.066217642,10075.0,-10.0
7219.076550291,10075.0,-10.0
7219.084039802,10075.0,-10.0
7219.094272452,10075.0,-10.0
7219.104402687,10075.0,-10.0
7219.114490255,10075.0,-10.0
7219.125063319,10075.0,-10.0
7219.134350895,10075.0,-10.0
7219.144515629,10075.0,-10.0
7219.154477282,10075.0,-10.0
7219.164864431,10075.0,-10.0
7219.175205997,10075.0,-10.0
7219.184556073,10075.0,-10.0
7219.194216312,10075.0,-10.0
7219.204438879,10075.0,-10.0
7219.215067026,10075.0,-10.0
7219.224736098,10075.0,0.0
7219.234724918,10075.0,0.0
7219.245537062,10075.0,0.0
7219.256683704,10075.0,0.0
7219.265811032,10075.0,0.0
7219.275957183,10075.0,0.0
7219.285109510,10075.0,0.0
7219.296364401,10075.0,0.0
7219.306495385,10075.0,0.0
7219.315196967,10075.0,0.0
7219.325578616,10075.0,0.0
7219.335872349,10075.0,0.0
7219.345693837,10075.0,0.0
7219.356585231,10075.0,0.0
7219.365642976,10075.0,0.0
7219.376233956,10075.0,0.0
7219.386124360,10075.0,0.0
7219.395406186,10075.0,10.0
7219.405725086,10075.0,10.0
7219.417558304,10075.0,10.0
7219.425624142,10075.0,10.0
7219.435966375,10075.0,10.0
7219.446256025,10075.0,10.0
7219.455376019,10075.0,10.0
7219.465920833,10075.0,10.0
7219.478076215,10075.0,10.0
7219.485215729,10075.0,10.0
7219.496026623,10075.0,0.0
7219.506309856,10075.0,0.0
7219.516527257,10075.0,0.0
7219.526857573,10075.0,0.0
7219.538886956,10075.0,0.0
7219.555305963,10075.0,0.0
7219.556496284,10075.0,0.0
7219.566578520,10075.0,0.0
7219.577120167,10075.0,0.0
7219.586577992,10075.0,0.0
7219.596568478,10075.0,0.0
7219.606785795,10075.0,0.0
7219.622759139,10075.0,0.0
7219.626031857,10075.0,0.0
7219.636257508,10075.0,0.0
7219.646588240,10075.0,0.0
7219.657773965,10075.0,0.0
7219.666352881,10075.0,0.0
7219.678369598,10075.0,0.0
7219.687635091,10075.0,0.0
7219.697311830,10075.0,0.0
7219.709524044,10075.0,0.0
7219.717155387,10075.0,0.0
7219.727335204,10075.0,0.0
7219.744056375,10075.0,0.0
7219.751852632,10075.0,0.0
7219.761153125,10075.0,0.0
7219.771415108,10075.0,0.0
7219.782453501,10075.0,0.0
7219.791617328,10075.0,0.0
7219.801146152,10075.0,0.0
7219.813427866,10075.0,0.0
7219.821625036,10075.0,0.0
7219.832319765,10075.0,0.0
7219.841517592,10075.0,0.0
7219.851141749,10075.0,0.0
7219.863022966,10075.0,0.0
7219.871683132,10075.0,0.0
7219.881767700,10075.0,0.0
7219.892022101,10075.0,0.0
7219.902254918,10075.0,0.0
7219.912421569,10075.0,0.0
7219.922687302,10075.0,0.0
7219.932915619,10075.0,0.0
7219.943017687,10075.0,0.0
7219.953890748,10075.0,0.0
7219.963988483,10075.0,0.0
7219.973678556,10075.0,0.0
7219.983281379,10075.0,0.0
7219.993241615,10075.0,0.0
7220.003580014,10075.0,0.0
7220.013660250,10075.0,0.0
7220.023980316,10075.0,0.0
7220.033887303,10075.0,0.0
7220.045212276,10075.0,-10.0
7220.055768340,10075.0,-10.0
7220.065508828,10075.0,-10.0
7220.075877810,10075.0,-10.0
7220.087616946,10075.0,-10.0
7220.097349768,10075.0,-10.0
7220.107277921,10075.0,0.0
7220.117230658,10075.0,0.0
7220.127152728,10075.0,0.0
7220.152986226,10075.0,0.0
7220.153046309,10075.0,0.0
7220.160657735,10075.0,0.0
7220.173838690,10075.0,0.0
7220.182851519,10075.0,0.0
7220.193024336,10075.0,0.0
7220.204026563,10075.0,0.0
7220.214562793,10075.0,0.0
7220.222708631,10075.0,0.0
7220.233449859,10075.0,0.0
7220.242768602,10075.0,0.0
7220.253213834,10075.0,0.0
7220.266112375,10075.0,0.0
7220.275992528,10075.0,0.0
7220.298233562,10075.0,0.0
7220.298278061,10075.0,0.0
7220.306981477,10075.0,0.0
7220.316574217,10075.0,0.0
7220.326742034,10075.0,0.0
7220.337620595,10075.0,0.0
7220.360732370,10075.0,0.0
7220.360840536,10075.0,0.0
7220.367068642,10075.0,0.0
7220.377497540,10075.0,0.0
7220.387747690,10075.0,0.0
7220.397354430,10075.0,0.0
7220.407903244,10075.0,0.0
7220.418786805,10075.0,0.0
7220.428340878,10075.0,0.0
7220.437096710,10075.0,0.0
7220.447918021,10075.0,0.0
7220.457515844,10075.0,0.0
7220.467866077,10075.0,0.0
7220.478077227,10075.0,0.0
7220.487288221,10075.0,0.0
7220.497413622,10075.0,0.0
7220.508226850,9780.0,0.0
7220.518330585,9780.0,0.0
7220.527955992,9780.0,0.0
7220.548122379,9780.0,0.0
7220.548378793,9780.0,0.0
7220.561457415,9780.0,0.0
7220.570384495,9780.0,0.0
7220.581104641,9780.0,0.0
7220.590255635,9780.0,0.0
7220.600479119,9780.0,0.0
7220.611033349,9780.0,0.0
7220.620107511,9780.0,0.0
7220.630821573,9780.0,0.0
7220.640989891,9780.0,0.0
7220.650227718,9780.0,0.0
7220.660601783,9780.0,0.0
7220.670950599,9780.0,0.0
7220.682693818,9780.0,0.0
7220.690553492,9780.0,0.0
7220.701607551,9780.0,0.0
7220.711860868,9780.0,0.0
7220.721358442,9780.0,0.0
7220.731802923,9780.0,0.0
7220.741089083,9780.0,0.0
7220.751288400,9780.0,0.0
7220.761827131,9780.0,0.0
7220.770935626,9780.0,0.0
7220.781607938,9780.0,0.0
7220.791440343,9780.0,0.0
7220.801958407,9780.0,0.0
7220.812724052,9780.0,0.0
7220.823106534,9780.0,0.0
7220.833497183,9780.0,0.0
7220.843863416,9780.0,0.0
7220.853401989,9780.0,0.0
7220.864036719,9780.0,0.0
7220.880381893,9780.0,0.0
7220.885528260,9780.0,0.0
7220.893768513,9780.0,0.0
7220.903088089,9780.0,0.0
7220.913740068,9780.0,0.0
7220.923877053,9780.0,0.0
7220.933951872,9780.0,0.0
7220.947662322,9780.0,0.0
7220.953786345,9780.0,0.0
7220.963022089,9780.0,0.0
7220.973245822,9780.0,0.0
7220.983373390,9780.0,0.0
7220.993639290,9780.0,0.0
7221.004112522,9780.0,0.0
7221.013074518,9780.0,0.0
7221.023405501,9780.0,0.0
7221.034063064,9780.0,0.0
7221.043554221,9780.0,0.0
7221.053875287,9780.0,0.0
7221.064119271,9780.0,0.0
7221.074272255,9780.0,0.0
7221.084463156,9780.0,0.0
7221.094798389,9780.0,0.0
7221.104687626,9780.0,0.0
7221.114311115,9780.0,0.0
7221.124709931,9780.0,0.0
7221.136349984,9780.0,0.0
7221.154626723,9780.0,0.0
7221.154732805,9780.0,0.0
7221.164934289,9780.0,0.0
7221.175764850,9780.0,0.0
7221.185767086,9780.0,0.0
7221.195309160,9780.0,0.0
7221.205817141,9780.0,0.0
7221.217193447,9780.0,0.0
7221.226949185,9780.0,0.0
7221.237241002,9780.0,0.0
7221.245122758,9780.0,0.0
7221.255408825,9780.0,0.0
7221.265749891,9780.0,0.0
7221.276506369,9780.0,0.0
7221.288409004,9780.0,0.0
7221.296720756,9780.0,0.0
7221.307161904,9780.0,0.0
7221.317083641,9780.0,0.0
7221.327362208,9780.0,0.0
7221.337625274,9780.0,0.0
7221.347941674,9780.0,0.0
7221.357183584,9780.0,0.0
7221.367724565,9780.0,0.0
7221.377650801,9780.0,0.0
7221.388137199,9780.0,0.0
7221.398325183,9780.0,0.0
7221.408207004,9780.0,0.0
7221.421482541,9780.0,0.0
7221.429682128,9780.0,0.0
7221.438187212,9780.0,0.0
7221.449155605,9780.0,0.0
7221.459066425,9780.0,0.0
7221.469838237,9780.0,0.0
7221.486371243,9780.0,0.0
7221.490344121,9780.0,0.0
7221.500124359,9780.0,0.0
7221.510221677,9780.0,0.0
7221.520563243,9780.0,0.0
7221.530974892,9780.0,0.0
7221.539936054,9780.0,0.0
7221.550770282,9780.0,0.0
7221.560941600,9780.0,0.0
7221.569911179,9780.0,0.0
7221.580901822,9780.0,0.0
7221.590435896,9780.0,0.0
7221.600635630,9780.0,0.0
7221.610491701,9780.0,0.0
7221.620483937,9780.0,0.0
7221.630599755,9780.0,0.0
7221.641378150,9780.0,0.0
7221.651520801,9780.0,0.0
7221.662273530,9780.0,0.0
7221.680041690,9780.0,0.0
7221.683916069,9780.0,0.0
7221.692493819,9780.0,0.0
7221.702875218,9780.0,0.0
7221.712072878,9780.0,0.0
7221.722334528,9780.0,0.0
7221.732547679,9780.0,0.0
7221.742700247,9780.0,0.0
7221.752083489,9780.0,0.0
7221.762260139,9780.0,0.0
7221.772392041,9780.0,0.0
7221.782577108,9780.0,0.0
7221.792910841,9780.0,0.0
7221.803450238,9780.0,0.0
7221.813635389,9780.0,0.0
7221.824165537,9780.0,0.0
7221.834481436,9780.0,0.0
7221.844883502,9780.0,0.0
7221.854186744,9780.0,0.0
7221.865667966,9780.0,0.0
7221.875071791,9780.0,0.0
7221.886454764,9780.0,0.0
7221.895563675,9780.0,0.0
7221.905986490,9780.0,0.0
7221.915250733,9780.0,0.0
7221.926541290,9780.0,0.0
7221.937098020,9780.0,0.0
7221.949811897,9780.0,0.0
7221.956826995,9780.0,0.0
7221.965380578,9780.0,0.0
7221.975446980,9780.0,0.0
7221.987815943,9780.0,0.0
7221.995088789,9780.0,0.0
7222.013591109,9780.0,0.0
7222.017911900,9780.0,0.0
7222.025679491,9780.0,0.0
7222.036194639,9780.0,0.0
7222.045669380,9780.0,0.0
7222.055677449,9780.0,0.0
7222.066274179,9780.0,0.0
7222.076064251,9780.0,0.0
7222.085889405,9780.0,0.0
7222.096543718,9780.0,0.0
7222.105389382,9780.0,0.0
7222.115929196,9780.0,0.0
7222.125851516,9780.0,0.0
7222.135245674,9780.0,0.0
7222.147515221,9780.0,0.0
7222.159268274,9780.0,0.0
7222.165655295,9780.0,0.0
7222.175285618,9780.0,0.0
7222.186128929,9780.0,0.0
7222.196148915,9780.0,0.0
7222.206396648,9780.0,0.0
7222.222268244,9780.0,0.0
7222.226529285,9780.0,0.0
7222.237677010,9780.0,0.0
7222.248330656,9780.0,0.0
7222.259868044,9780.0,0.0
7222.268713958,9780.0,0.0
7222.278816026,9780.0,0.0
7222.292401727,9780.0,0.0
7222.299547158,9780.0,0.0
7222.310108472,9780.0,0.0
7222.319455297,9780.0,0.0
7222.330329358,9780.0,0.0
7222.344909799,9780.0,0.0
7222.352281894,9780.0,0.0
7222.362430545,9780.0,0.0
7222.373531354,9780.0,0.0
7222.382925763,9780.0,0.0
7222.393744241,9780.0,0.0
7222.409128507,9780.0,0.0
7222.414105376,9780.0,0.0
7222.423679032,9780.0,0.0
7222.433758601,9780.0,0.0
7222.444410081,9780.0,0.0
7222.454484482,9780.0,0.0
7222.464822882,9780.0,0.0
7222.486287673,9780.0,0.0
7222.486404672,9780.0,0.0
7222.496967985,9780.0,0.0
7222.505344821,9780.0,0.0
7222.515497388,9780.0,0.0
7222.525815038,9780.0,0.0
7222.535321695,9780.0,0.0
7222.545298348,9780.0,0.0
7222.555592165,9780.0,0.0
7222.572108087,9780.0,0.0
7222.577216204,9780.0,0.0
7222.586112367,9780.0,0.0
7222.598156667,9780.0,0.0
7222.606757583,9780.0,0.0
7222.620564282,9780.0,0.0
7222.630261937,9780.0,0.0
7222.639043852,9780.0,0.0
7222.649162587,9780.0,0.0
7222.659981398,9780.0,0.0
7222.669845802,9780.0,0.0
7222.679487625,9780.0,0.0
7222.689777191,9780.0,0.0
7222.700208840,9780.0,0.0
7222.708822589,9780.0,0.0
7222.719113239,9780.0,0.0
7222.729674386,9780.0,0.0
7222.739692622,9780.0,0.0
7222.750379101,9780.0,0.0
7222.760696334,9780.0,0.0
7222.771110316,9780.0,0.0
7222.780021063,9780.0,0.0
7222.791428535,9780.0,0.0
7222.819772259,9780.0,0.0
7222.819897758,9780.0,0.0
7222.824269632,9780.0,0.0
7222.833804039,9780.0,0.0
7222.844243437,9780.0,0.0
7222.853693679,9780.0,0.0
7222.864285992,9780.0,0.0
7222.881833738,9780.0,0.0
7222.885844615,9780.0,0.0
7222.897936748,9780.0,0.0
7222.909297054,9780.0,0.0
7222.914850000,9780.0,0.0
7222.925229815,9780.0,0.0
7222.939282345,9780.0,0.0
7222.947479765,9780.0,0.0
7222.954203616,9780.0,0.0
7222.964883512,9780.0,0.0
7222.974933165,9780.0,0.0
7222.984654403,9780.0,0.0
7222.994929637,9780.0,0.0
7223.004435711,9780.0,0.0
7223.015200689,9780.0,0.0
7223.025407756,9780.0,0.0
7223.035576907,9780.0,0.0
7223.046122555,9780.0,0.0
7223.056834784,9780.0,0.0
7223.066364774,9780.0,0.0
7223.076683674,9780.0,0.0
7223.087849815,9780.0,0.0
7223.096233650,9780.0,0.0
7223.106100221,9780.0,0.0
7223.116427620,9780.0,0.0
7223.126653354,9780.0,0.0
7223.137171835,9780.0,0.0
7223.147755482,9780.0,0.0
7223.158331545,9780.0,0.0
7223.168686195,9780.0,0.0
7223.179161759,9780.0,0.0
7223.188911831,9780.0,0.0
7223.199239230,9780.0,0.0
7223.219602116,9780.0,0.0
7223.220806520,9780.0,0.0
7223.231032921,9780.0,0.0
7223.240986991,9780.0,0.0
7223.251565054,9780.0,0.0
7223.261041712,9780.0,0.0
7223.270973282,9780.0,0.0
7223.287099875,9780.0,0.0
7223.291287668,9780.0,0.0
7223.301579484,9780.0,0.0
7223.312115715,9780.0,0.0
7223.321530706,9780.0,0.0
7223.331717274,9780.0,0.0
7223.342168505,9780.0,0.0
7223.364484538,9780.0,0.0
7223.364569537,9780.0,0.0
7223.371924632,9780.0,0.0
7223.381432706,9780.0,0.0
7223.394238832,9780.0,0.0
7223.403701573,9780.0,0.0
7223.416541781,9780.0,0.0
7223.426546017,9780.0,0.0
7223.436432254,9780.0,0.0
7223.446461657,9780.0,0.0
7223.457088970,9780.0,0.0
7223.466237297,9780.0,0.0
7223.476298866,9780.0,0.0
7223.486724431,9780.0,0.0
7223.496928748,9780.0,0.0
7223.507017317,9780.0,0.0
7223.517822378,9780.0,0.0
7223.526929623,9780.0,0.0
7223.537298772,9780.0,0.0
7223.548098084,9780.0,0.0
7223.558339984,9780.0,0.0
7223.567559727,9780.0,0.0
7223.578398538,9780.0,0.0
7223.587857863,9780.0,0.0
7223.598353261,9780.0,0.0
7223.608940574,9780.0,0.0
7223.623533182,9780.0,0.0
7223.628365802,9780.0,0.0
7223.638380038,9780.0,0.0
7223.648934435,9780.0,0.0
7223.658756673,9780.0,0.0
7223.669638483,9780.0,0.0
7223.679177557,9780.0,0.0
7223.688706798,9780.0,0.0
7223.698575035,9780.0,0.0
7223.707934194,9780.0,0.0
7223.717988096,9780.0,0.0
7223.728311412,9780.0,0.0
7223.738730477,9780.0,0.0
7223.748115053,9780.0,0.0
7223.758330453,9780.0,0.0
7223.768672519,9780.0,0.0
7223.778957836,9780.0,0.0
7223.789273985,9780.0,0.0
7223.800021547,9780.0,0.0
7223.809372956,9780.0,0.0
7223.828501186,9780.0,0.0
7223.830061838,9780.0,0.0
7223.839296665,9780.0,0.0
7223.849880145,9780.0,0.0
7223.859274554,9780.0,0.0
7223.869617703,9780.0,0.0
7223.882411328,9780.0,0.0
7223.889651591,9780.0,0.0
7223.899630744,9780.0,0.0
7223.910297973,9780.0,0.0
7223.919230803,9780.0,0.0
7223.929443787,9780.0,0.0
7223.951483322,9780.0,0.0
7223.951538738,9780.0,0.0
7223.961496808,9780.0,0.0
7223.971511377,9780.0,0.0
7223.982206523,9780.0,0.0
7223.993898659,9780.0,0.0
7224.001474836,9780.0,0.0
7224.011861818,9780.0,0.0
7224.021322559,9780.0,0.0
7224.037860398,9780.0,0.0
7224.041876859,9780.0,0.0
7224.051458849,9780.0,0.0
7224.061568084,9780.0,0.0
7224.073273386,9780.0,0.0
7224.082012385,9780.0,0.0
7224.097152404,9780.0,0.0
7224.108837707,9780.0,0.0
7224.115599391,9780.0,0.0
7224.125646043,9780.0,0.0
7224.137118598,9780.0,0.0
7224.146978169,9780.0,0.0
7224.174372152,9780.0,0.0
7224.174698899,9780.0,0.0
7224.180115763,9780.0,0.0
7224.188955177,9780.0,0.0
7224.202923124,9780.0,0.0
7224.212255700,9780.0,0.0
7224.252137978,9780.0,0.0
7224.252260394,9780.0,0.0
7224.252515558,9780.0,0.0
7224.252550057,9780.0,0.0
7224.273006192,9780.0,0.0
7224.273178523,9780.0,0.0
7224.306913945,9780.0,0.0
7224.306945111,9780.0,0.0
7224.307437523,9780.0,0.0
7224.313453048,9780.0,0.0
7224.323596699,9780.0,0.0
7224.335691831,9780.0,0.0
7224.344392913,9780.0,0.0
7224.359952345,9780.0,0.0
7224.371257735,9780.0,0.0
7224.377712839,9780.0,0.0
7224.388086654,9780.0,0.0
7224.401187027,9780.0,0.0
7224.409344281,9780.0,0.0
7224.419645764,9780.0,0.0
7224.430047662,9780.0,0.0
7224.439900983,9780.0,0.0
7224.450195133,9780.0,0.0
7224.460337867,9780.0,0.0
7224.470515518,9780.0,0.0
7224.481329330,9780.0,0.0
7224.490067995,9780.0,0.0
7224.500376561,9780.0,0.0
7224.511186789,9780.0,0.0
7224.520732863,9780.0,0.0
7224.529854857,9780.0,0.0
7224.540301172,9780.0,0.0
7224.550695404,9780.0,0.0
7224.561437550,9780.0,0.0
7224.570217381,9780.0,0.0
7224.580754028,9780.0,0.0
7224.590838180,9780.0,0.0
7224.600336588,9780.0,0.0
7224.617585753,9780.0,0.0
7224.621692796,9780.0,0.0
7224.630924956,9780.0,0.0
7224.641153107,9780.0,0.0
7224.651706754,9780.0,0.0
7224.661093496,9780.0,0.0
7224.671625977,9780.0,0.0
7224.681416298,9780.0,0.0
7224.691926029,9780.0,0.0
7224.700922608,9780.0,0.0
7224.711430506,9780.0,0.0
7224.721422575,9780.0,0.0
7224.731981389,9780.0,0.0
7224.742106040,9780.0,0.0
7224.751450449,9780.0,0.0
7224.761445102,9780.0,0.0
7224.771731169,9780.0,0.0
7224.782090318,9780.0,0.0
7224.793718705,9780.0,0.0
7224.814271254,9780.0,0.0
7224.815875489,9780.0,0.0
7224.826386303,9780.0,0.0
7224.835667963,9780.0,0.0
7224.846224027,9780.0,0.0
7224.855528019,9780.0,0.0
7224.865839336,9780.0,0.0
7224.875149328,9780.0,0.0
7224.892631658,9780.0,0.0
7224.895628796,9780.0,0.0
7224.906083027,9780.0,0.0
7224.916308677,9780.0,0.0
7224.926588911,9780.0,0.0
7224.940175695,9780.0,0.0
7224.947523540,9780.0,0.0
7224.962803891,9780.0,0.0
7224.967885009,9780.0,0.0
7224.977070419,9780.0,0.0
7224.987205487,9780.0,0.0
7224.997580469,9780.0,0.0
7225.008356448,9780.0,0.0
7225.017244778,9780.0,0.0
7225.027240597,9780.0,0.0
7225.037417832,9780.0,0.0
7225.047482734,9780.0,0.0
7225.057868382,9780.0,0.0
7225.067151042,9780.0,0.0
7225.077381192,9780.0,0.0
7225.088104921,9780.0,0.0
7225.098080908,9780.0,0.0
7225.108352307,9780.0,0.0
7225.117919798,9780.0,0.0
7225.127427372,9780.0,0.0
7225.140962490,9780.0,0.0
7225.151048808,9780.0,0.0
7225.159935805,9780.0,0.0
7225.170254371,9780.0,0.0
7225.180421689,9780.0,0.0
7225.190649756,9780.0,0.0
7225.200878240,9780.0,0.0
7225.210135066,9780.0,0.0
7225.220242635,9780.0,0.0
7225.231544775,9780.0,0.0
7225.241782675,9780.0,0.0
7225.251082418,9780.0,0.0
7225.261129403,9780.0,0.0
7225.271980714,9780.0,0.0
7225.282331613,9780.0,0.0
7225.291195110,9780.0,0.0
7225.301405011,9780.0,0.0
7225.311611495,9780.0,0.0
7225.321891812,9780.0,0.0
7225.331419635,9780.0,0.0
7225.341860117,9780.0,0.0
7225.365731801,9780.0,0.0
7225.365773551,9780.0,0.0
7225.373883472,9780.0,0.0
7225.382882968,9780.0,0.0
7225.393027452,9780.0,0.0
7225.402331695,9780.0,0.0
7225.420885264,9780.0,0.0
7225.423885402,9780.0,0.0
7225.433607390,9780.0,0.0
7225.443599543,9780.0,0.0
7225.453787111,9780.0,0.0
7225.463027521,9780.0,0.0
7225.473245004,9780.0,0.0
7225.483586987,9780.0,0.0
7225.493688639,9780.0,0.0
7225.502782217,9780.0,0.0
7225.513007451,9780.0,0.0
7225.523227684,9780.0,0.0
7225.533864581,9780.0,0.0
7225.544118064,9780.0,0.0
7225.554462964,9780.0,0.0
7225.563923455,9780.0,0.0
7225.574637184,9780.0,0.0
7225.584225507,9780.0,0.0
7225.595184734,9780.0,0.0
7225.620161824,9780.0,0.0
7225.620336489,9780.0,0.0
7225.624857278,9780.0,0.0
7225.635413925,9780.0,0.0
7225.644175507,9780.0,0.0
7225.654193742,9780.0,0.0
7225.667164033,9780.0,0.0
7225.675560118,9780.0,0.0
7225.685900934,9780.0,0.0
7225.697529737,9780.0,0.0
7225.705558659,9780.0,0.0
7225.715722060,9780.0,0.0
7225.725112052,9780.0,0.0
7225.737623347,9780.0,0.0
7225.750494305,9780.0,0.0
7225.757906983,9780.0,0.0
7225.767906802,9780.0,0.0
7225.777559208,9780.0,0.0
7225.788804515,9780.0,0.0
7225.803939034,9780.0,0.0
7225.815519255,9780.0,0.0
7225.821700945,9780.0,0.0
7225.832206259,9780.0,0.0
7225.842362827,9780.0,0.0
7225.852636310,9780.0,0.0
7225.862794128,9780.0,0.0
7225.872137037,9780.0,0.0
7225.891583348,9780.0,0.0
7225.893753910,9780.0,0.0
7225.903915227,9780.0,0.0
7225.914621957,9780.0,0.0
7225.924691775,9780.0,0.0
7225.935133257,9780.0,0.0
7225.951862094,9780.0,0.0
7225.956481132,9780.0,0.0
7225.965394546,9780.0,0.0
7225.976027192,9780.0,0.0
7225.985165603,9780.0,0.0
7225.995608168,9780.0,0.0
7226.021264168,9780.0,0.0
7226.021302918,9780.0,0.0
7226.026413368,9780.0,0.0
7226.037312595,9780.0,0.0
7226.047637411,9780.0,0.0
7226.057389150,9780.0,0.0
7226.068557041,9780.0,0.0
7226.077643953,9780.0,0.0
7226.087496023,9780.0,0.0
7226.098037921,9780.0,0.0
7226.108315154,9780.0,0.0
7226.118322556,9780.0,0.0
7226.129045452,9780.0,0.0
7226.138306278,9780.0,0.0
7226.161404804,9780.0,0.0
7226.161450636,9780.0,0.0
7226.170617547,9780.0,0.0
7226.181114028,9780.0,0.0
7226.190701102,9780.0,0.0
7226.200633255,9780.0,0.0
7226.211791646,9780.0,0.0
7226.221460719,9780.0,0.0
7226.231781535,9780.0,0.0
7226.241456441,9780.0,0.0
7226.251705508,9780.0,0.0
7226.262439570,9780.0,0.0
7226.277983752,9780.0,0.0
7226.282955287,9780.0,0.0
7226.294482924,9780.0,0.0
7226.304077331,9780.0,0.0
7226.314718477,9780.0,0.0
7226.323359310,9780.0,0.0
7226.332329556,9780.0,0.0
7226.343983276,9780.0,0.0
7226.354820754,9780.0,0.0
7226.362338847,9780.0,0.0
7226.372344916,9780.0,0.0
7226.383011146,9780.0,0.0
7226.392693301,9780.0,0.0
7226.402440123,9780.0,0.0
7226.412597108,9780.0,0.0
7226.422812841,9780.0,0.0
7226.432497997,9780.0,0.0
7226.443108561,9780.0,0.0
7226.452726050,9780.0,0.0
7226.463735110,9780.0,0.0
7226.473405016,9780.0,0.0
7226.484044412,9780.0,0.0
7226.494316562,9780.0,0.0
7226.505870699,9780.0,0.0
7226.514118786,9780.0,0.0
7226.524877098,9780.0,0.0
7226.540204115,9780.0,0.0
7226.546782301,9780.0,0.0
7226.556035878,9780.0,0.0
7226.566300111,9780.0,0.0
7226.576482928,9780.0,0.0
7226.586785911,9780.0,0.0
7226.596104154,9780.0,0.0
7226.606283055,9780.0,0.0
7226.617686194,9780.0,0.0
7226.627677763,9780.0,0.0
7226.636860257,9780.0,0.0
7226.647303489,9780.0,0.0
7226.657434140,9780.0,0.0
7226.667581708,9780.0,0.0
7226.677924441,9780.0,0.0
7226.688116175,9780.0,0.0
7226.698581490,9780.0,0.0
7226.709344718,9780.0,0.0
7226.719606951,9780.0,0.0
7226.730105266,9780.0,0.0
7226.741819735,9780.0,0.0
7226.749779491,9780.0,0.0
7226.759714978,9780.0,0.0
7226.771338948,9780.0,0.0
7226.780586691,9780.0,0.0
7226.790964423,9780.0,0.0
7226.814514027,9780.0,0.0
7226.814633443,9780.0,0.0
7226.823293359,9780.0,0.0
7226.833545759,9780.0,0.0
7226.844190405,9780.0,0.0
7226.853263067,9780.0,0.0
7226.866229024,9780.0,0.0
7226.881910954,9780.0,0.0
7226.883690020,9780.0,0.0
7226.894173502,9780.0,0.0
7226.903300746,9780.0,0.0
7226.913462397,9780.0,0.0
7226.924205543,9780.0,0.0
7226.933093706,9780.0,0.0
7226.943118442,9780.0,0.0
7226.953927753,9780.0,0.0
7226.964675482,9780.0,0.0
7226.974268305,9780.0,0.0
7226.984395956,9780.0,0.0
7226.994574441,9780.0,0.0
7227.004944840,9780.0,0.0
7227.015424321,9780.0,0.0
7227.027409204,9780.0,0.0
7227.035269128,9780.0,0.0
7227.045717276,9780.0,0.0
7227.056408589,9780.0,0.0
7227.068532554,9780.0,0.0
7227.086782460,9780.0,0.0
7227.087126956,9780.0,0.0
7227.099300421,9780.0,0.0
7227.107403675,9780.0,0.0
7227.117421828,9780.0,0.0
7227.127699561,9780.0,0.0
7227.138024877,9780.0,0.0
7227.154770381,9780.0,0.0
7227.159571501,9780.0,0.0
7227.172590124,9780.0,0.0
7227.182347029,9780.0,0.0
7227.191447440,9780.0,0.0
7227.201832839,9780.0,0.0
7227.216275449,9780.0,0.0
7227.222813552,9780.0,0.0
7227.233006702,9780.0,0.0
7227.242166446,9780.0,0.0
7227.252343347,9780.0,0.0
7227.262615997,9780.0,0.0
7227.275361707,9780.0,0.0
7227.284357536,9780.0,0.0
7227.294779768,9780.0,0.0
7227.304645505,9780.0,0.0
7227.315010821,9780.0,0.0
7227.325474469,9780.0,0.0
7227.335696202,9780.0,0.0
7227.345886020,9780.0,0.0
7227.355951839,9780.0,0.0
7227.365155999,9780.0,0.0
7227.375186651,9780.0,0.0
7227.385512551,9780.0,0.0
7227.395670452,9780.0,0.0
7227.404933195,9780.0,0.0
7227.415240595,9780.0,0.0
7227.425796158,9780.0,0.0
7227.435945976,9780.0,0.0
7227.446209126,9780.0,0.0
7227.456507359,9780.0,0.0
7227.467896332,9780.0,0.0
7227.480980788,9780.0,0.0
7227.487474141,9780.0,0.0
7227.497160380,9780.0,0.0
7227.508230356,9780.0,0.0
7227.518012677,9780.0,0.0
7227.607523806,9780.0,0.0
7227.607668971,9780.0,0.0
7227.615559477,9780.0,0.0
7227.625479714,9780.0,0.0
7227.635691448,9780.0,0.0
7227.646261428,9780.0,0.0
7227.656521745,9780.0,0.0
7227.669432703,9780.0,0.0
7227.679296023,9780.0,0.0
7227.688931680,9780.0,0.0
7227.697895092,9780.0,0.0
7227.708031494,9780.0,0.0
7227.718584974,9780.0,0.0
7227.728675293,9780.0,0.0
7227.739184440,9780.0,0.0
7227.749196176,9780.0,0.0
7227.759359660,9780.0,0.0
7227.769470729,9780.0,0.0
7227.780381039,9780.0,0.0
7227.790103694,9780.0,0.0
7227.800209596,9780.0,0.0
7227.810934658,9780.0,0.0
7227.820221068,9780.0,0.0
7227.830402802,9780.0,0.0
7227.840770201,9780.0,0.0
7227.850402524,9780.0,0.0
7227.860447676,9780.0,0.0
7227.875771027,9780.0,0.0
7227.881270807,9780.0,0.0
7227.890586133,9780.0,0.0
7227.901586859,9780.0,0.0
7227.912617835,9780.0,0.0
7227.921838412,9780.0,0.0
7227.932066229,9780.0,0.0
7227.941310972,9780.0,0.0
7227.953697768,9780.0,0.0
7227.961977354,9780.0,0.0
7227.972036923,9780.0,0.0
7227.981762245,9780.0,0.0
7227.991512150,9780.0,0.0
7228.001856382,9780.0,0.0
7228.028271125,9780.0,0.0
7228.028309542,9780.0,0.0
7228.031698009,9780.0,0.0
7228.042262322,9780.0,0.0
7228.053081550,9780.0,0.0
7228.062153545,9780.0,0.0
7228.072629943,9780.0,0.0
7228.087583298,9780.0,0.0
7228.095708302,9780.0,0.0
7228.106107951,9780.0,0.0
7228.116559849,9780.0,0.0
7228.127529492,9780.0,0.0
7228.137126482,9780.0,0.0
7228.155062474,9780.0,0.0
7228.157455867,9780.0,0.0
7228.167535769,9780.0,0.0
7228.178165832,9780.0,0.0
7228.187862405,9780.0,0.0
7228.197537477,9780.0,0.0
7228.208121124,9780.0,0.0
7228.223031895,9780.0,0.0
7228.227879682,9780.0,0.0
7228.237957167,9780.0,0.0
7228.247370408,9780.0,0.0
7228.257458394,9780.0,0.0
7228.267579045,9780.0,0.0
7228.278195025,9780.0,0.0
7228.287132855,9780.0,0.0
7228.297366922,9780.0,0.0
7228.307661738,9780.0,0.0
7228.316866648,9780.0,0.0
7228.327101799,9780.0,0.0
7228.337440948,9780.0,0.0
7228.347494350,9780.0,0.0
7228.357625918,9780.0,0.0
7228.367348990,9780.0,0.0
7228.378002803,9780.0,0.0
7228.388180787,9780.0,0.0
7228.398462937,9780.0,0.0
7228.409743827,9780.0,0.0
7228.418918571,9780.0,0.0
7228.429458719,9780.0,0.0
7228.439724785,9780.0,0.0
7228.449737855,9780.0,0.0
7228.460101920,9780.0,0.0
7228.470147656,9780.0,0.0
7228.480315974,9780.0,0.0
7228.491091869,9780.0,0.0
7228.500757858,9780.0,0.0
7228.510896592,9780.0,0.0
7228.521290658,9780.0,0.0
7228.531544391,9780.0,0.0
7228.541686209,9780.0,0.0
7228.550991369,9780.0,0.0
7228.561660348,9780.0,0.0
7228.572183246,9780.0,0.0
7228.582355647,9780.0,0.0
7228.593131292,9780.0,0.0
7228.602288203,9780.0,0.0
7228.621780096,9780.0,0.0
7228.622611588,9780.0,0.0
7228.633021737,9780.0,0.0
7228.643437135,9780.0,0.0
7228.653528787,9780.0,0.0
7228.665674919,9780.0,0.0
7228.680588523,9780.0,0.0
7228.685286811,9780.0,0.0
7228.695814042,9780.0,0.0
7228.707869091,9780.0,0.0
7228.717138251,9780.0,0.0
7228.727482317,9780.0,0.0
7228.737884049,9780.0,0.0
7228.747236041,9780.0,0.0
7228.757499941,9780.0,0.0
7228.769747989,9780.0,0.0
7228.778602986,9780.0,0.0
7228.789750794,9780.0,0.0
7228.799267618,9780.0,0.0
7228.808273780,9780.0,0.0
7228.818682595,9780.0,0.0
7228.831317222,9780.0,0.0
7228.838699484,9780.0,0.0
7228.849302297,9780.0,0.0
7228.858259043,9780.0,0.0
7228.868406445,9780.0,0.0
7228.885730943,9780.0,0.0
7228.889941818,9780.0,0.0
7228.899640724,9780.0,0.0