%time,field.velocity,field.angle
6470.381092088,9780.0,0.0
6470.392285979,9780.0,0.0
6470.401952218,9780.0,0.0
6470.415834583,9780.0,0.0
6470.423861588,9780.0,0.0
6470.432779168,9780.0,0.0
6470.441881746,9780.0,0.0
6470.452082563,9780.0,0.0
6470.462577961,9780.0,0.0
6470.472135618,9780.0,0.0
6470.488152795,9780.0,0.0
6470.492120007,9780.0,0.0
6470.504513803,9780.0,0.0
6470.512256727,9780.0,0.0
6470.521723719,9780.0,0.0
6470.534011849,9780.0,0.0
6470.542883429,9780.0,0.0
6470.552771166,9780.0,0.0
6470.562070742,9780.0,0.0
6470.573226300,9780.0,0.0
6470.583338952,9780.0,0.0
6470.593281022,9780.0,0.0
6470.603249008,9780.0,0.0
6470.613468825,9780.0,0.0
6470.627647354,9780.0,0.0
6470.634478787,9780.0,0.0
6470.643360784,9780.0,0.0
6470.656264825,9780.0,0.0
6470.674253650,9780.0,0.0
6470.677440869,9780.0,0.0
6470.685212543,9780.0,0.0
6470.694981532,9780.0,0.0
6470.717670727,9780.0,0.0
6470.717707810,9780.0,0.0
6470.726303310,9780.0,0.0
6470.736610209,9780.0,0.0
6470.747170940,9780.0,0.0
6470.756261351,9780.0,0.0
6470.766219838,9780.0,0.0
6470.776450738,9780.0,0.0
6470.786978386,9780.0,0.0
6470.796382794,9780.0,0.0
6470.806588778,9780.0,0.0
6470.816715596,9780.0,0.0
6470.826372085,9780.0,0.0
6470.836798234,9780.0,0.0
6470.847434797,9780.0,0.0
6470.857453033,9780.0,0.0
6470.866715609,9780.0,0.0
6470.876258850,9780.0,0.0
6470.886749414,9780.0,0.0
6470.899539123,9780.0,0.0
6470.906908218,9780.0,0.0
6470.916600624,9780.0,0.0
6470.929213334,9780.0,0.0
6470.936787844,9780.0,0.0
6470.946654581,9780.0,0.0
6470.957138062,9780.0,0.0
6470.967155048,9780.0,0.0
6470.977878944,9780.0,0.0
6470.990540237,9780.0,0.0
6470.997257921,9780.0,0.0
6471.008294564,9780.0,0.0
6471.017670473,9780.0,0.0
6471.026735551,9780.0,0.0
6471.036976285,9780.0,0.0
6471.047788596,9780.0,0.0
6471.058046080,9780.0,0.0
6471.067629236,9780.0,0.0
6471.077608222,9780.0,0.0
6471.087296711,9780.0,0.0
6471.097488695,9780.0,0.0
6471.107922344,9780.0,0.0
6471.117013422,9780.0,0.0
6471.127050491,9780.0,0.0
6471.138200216,9780.0,0.0
6471.148182369,9780.0,0.0
6471.158444935,9780.0,0.0
6471.168725585,9780.0,0.0
6471.177988578,9780.0,0.0
6471.188459976,9780.0,0.0
6471.198756543,9780.0,0.0
6471.208358783,9780.0,0.0
6471.218331435,9780.0,0.0
6471.229479994,9780.0,0.0
6471.238502072,9780.0,0.0
6471.259221454,9780.0,0.0
6471.259353203,9780.0,0.0
6471.268219783,9780.0,0.0
6471.278357184,9780.0,0.0
6471.289899239,9780.0,0.0
6471.299512645,9780.0,0.0
6471.308500641,9780.0,0.0
6471.319446034,9780.0,0.0
6471.339821002,9780.0,0.0
6471.339877835,9780.0,0.0
6471.349419659,9780.0,0.0
6471.359322229,9780.0,0.0
6471.369259383,9780.0,0.0
6471.379794780,9780.0,0.0
6471.394386721,9780.0,0.0
6471.399464422,9780.0,0.0
6471.409784321,9780.0,0.0
6471.419144397,9780.0,0.0
6471.429278215,9780.0,0.0
6471.440091776,9780.0,0.0
6471.450443259,9780.0,0.0
6471.460773825,9780.0,0.0
6471.471135307,9780.0,0.0
6471.480019804,9780.0,0.0
6471.490429536,9780.0,0.0
6471.502280587,9780.0,0.0
6471.511457331,9780.0,0.0
6471.520458410,9780.0,0.0
6471.533548616,9780.0,0.0
6471.541420039,9780.0,0.0
6471.550719116,9780.0,0.0
6471.563339826,9780.0,0.0
6471.571674078,9780.0,0.0
6471.581928728,9780.0,0.0
6471.591228388,9780.0,0.0
6471.602238614,9780.0,0.0
6471.611441608,9780.0,0.0
6471.622289002,9780.0,0.0
6471.631724827,9780.0,0.0
6471.642051643,9780.0,0.0
6471.653148202,9780.0,0.0
6471.666889901,9780.0,0.0
6471.673874333,9780.0,0.0
6471.683701987,9780.0,0.0
6471.692920898,9780.0,0.0
6471.703099298,9780.0,0.0
6471.713319199,9780.0,0.0
6471.724105594,9780.0,0.0
6471.732880258,9780.0,0.0
6471.743230158,9780.0,0.0
6471.753401892,9780.0,0.0
6471.763450211,9780.0,0.0
6471.775597176,9780.0,0.0
6471.784526256,9780.0,0.0
6471.794370660,9780.0,0.0
6471.804700226,9780.0,0.0
6471.814871960,9780.0,0.0
6471.825466274,9780.0,0.0
6471.836188169,9780.0,0.0
6471.846574985,9780.0,0.0
6471.864284312,9780.0,0.0
6471.866976453,9780.0,0.0
6471.877218936,9780.0,0.0
6471.886772760,9780.0,0.0
6471.897547488,9780.0,0.0
6471.906500401,9780.0,0.0
6471.922100249,9780.0,0.0
6471.929293679,9780.0,0.0
6471.940586319,9780.0,0.0
6471.950871219,9780.0,0.0
6471.961420366,9780.0,0.0
6471.971644017,9780.0,0.0
6471.982327496,9780.0,0.0
6471.992746728,9780.0,0.0
6472.001972305,9780.0,0.0
6472.011943291,9780.0,0.0
6472.022855768,9780.0,0.0
6472.032180927,9780.0,0.0
6472.042484827,9780.0,0.0
6472.061186478,9780.0,0.0
6472.067918829,9780.0,0.0
6472.073350777,9780.0,0.0
6472.083975006,9780.0,0.0
6472.094176074,9780.0,0.0
6472.102908572,9780.0,0.0
6472.113346554,9780.0,0.0
6472.123895701,9780.0,0.0
6472.133943103,9780.0,0.0
6472.143570759,9780.0,0.0
6472.153422580,9780.0,0.0
6472.163612148,9780.0,0.0
6472.173760632,9780.0,0.0
6472.182918043,9780.0,0.0
6472.193600856,9780.0,0.0
6472.203885922,9780.0,0.0
6472.214593401,9780.0,0.0
6472.224655137,9780.0,0.0
6472.233971629,9780.0,0.0
6472.245625849,9780.0,0.0
6472.256677241,9780.0,0.0
6472.264639497,9780.0,0.0
6472.275823722,9780.0,0.0
6472.285390545,9780.0,0.0
6472.295315782,9780.0,0.0
6472.305815096,9780.0,0.0
6472.315817666,9780.0,0.0
6472.326070982,9780.0,0.0
6472.335690222,9780.0,0.0
6472.345589542,9780.0,0.0
6472.356321188,9780.0,0.0
6472.366266924,9780.0,0.0
6472.376650240,9780.0,0.0
6472.387322636,9780.0,0.0
6472.396633295,9780.0,0.0
6472.449222367,9780.0,0.0
6472.449410365,10580.0,0.0
6472.459646265,10580.0,0.0
6472.469895249,10580.0,0.0
6472.489042479,10580.0,0.0
6472.490055886,10580.0,0.0
6472.499931289,10580.0,0.0
6472.508989701,10580.0,0.0
6472.520252925,10580.0,0.0
6472.530803155,10580.0,0.0
6472.539304239,10580.0,0.0
6472.549831054,10580.0,0.0
6472.560553616,10580.0,0.0
6472.569383030,10580.0,0.0
6472.579727596,10580.0,0.0
6472.594935364,10580.0,0.0
6472.601717382,10580.0,0.0
6472.611965532,10580.0,0.0
6472.620965611,10580.0,0.0
6472.631234594,10580.0,0.0
6472.641844324,10580.0,0.0
6472.652148557,10580.0,0.0
6472.661140886,10580.0,0.0
6472.674248425,10580.0,0.0
6472.681846351,10580.0,0.0
6472.690942846,10580.0,0.0
6472.701300662,10580.0,0.0
6472.711850309,10580.0,0.0
6472.722508539,10580.0,0.0
6472.731791532,10580.0,0.0
6472.741706185,10075.0,0.0
6472.751618005,10075.0,0.0
6472.762051570,10075.0,0.0
6472.772112056,10075.0,0.0
6472.782292207,10075.0,0.0
6472.792753605,10075.0,0.0
6472.802875340,10075.0,0.0
6472.812143499,10075.0,0.0
6472.822245984,10075.0,0.0
6472.832527051,10075.0,0.0
6472.842907950,10075.0,0.0
6472.858740962,10075.0,0.0
6472.863165003,10075.0,0.0
6472.872645827,10075.0,0.0
6472.882922477,10075.0,0.0
6472.893987286,10075.0,0.0
6472.903208946,10075.0,0.0
6472.913028100,10075.0,0.0
6472.923946994,10075.0,0.0
6472.932412995,10075.0,0.0
6472.943320222,10075.0,0.0
6472.952851546,10075.0,0.0
6472.962969281,10075.0,0.0
6472.973271930,10075.0,0.0
6472.984332906,10075.0,0.0
6472.994081728,10075.0,0.0
6473.005596782,10075.0,0.0
6473.015877432,10075.0,0.0
6473.025923251,10075.0,0.0
6473.035647240,10075.0,0.0
6473.046104305,10075.0,0.0
6473.056303372,10075.0,0.0
6473.066496939,10075.0,0.0
6473.078445740,10075.0,0.0
6473.086412245,10075.0,0.0
6473.096488481,10075.0,0.0
6473.106859796,10075.0,0.0
6473.120100167,10075.0,0.0
6473.127446512,10075.0,0.0
6473.137442998,10075.0,0.0
6473.147595150,10075.0,0.0
6473.158051464,10075.0,0.0
6473.168242615,10075.0,0.0
6473.178792262,10075.0,0.0
6473.198400988,10075.0,0.0
6473.198451154,10075.0,0.0
6473.208543639,10075.0,0.0
6473.218958705,10075.0,0.0
6473.228549611,10075.0,0.0
6473.238521931,10075.0,0.0
6473.249496324,10075.0,0.0
6473.258649318,10075.0,0.0
6473.268662554,10075.0,0.0
6473.278984037,10075.0,0.0
6473.288034115,10075.0,0.0
6473.298298599,10075.0,0.0
6473.308505749,10075.0,0.0
6473.327231817,10075.0,0.0
6473.330853115,10075.0,0.0
6473.339143784,10075.0,0.0
6473.349493100,10075.0,0.0
6473.358428013,10075.0,0.0
6473.368870245,10075.0,0.0
6473.378068989,10075.0,0.0
6473.393244008,10075.0,0.0
6473.398510040,10075.0,0.0
6473.408720774,10075.0,0.0
6473.418212431,10075.0,0.0
6473.428718079,10075.0,0.0
6473.438400485,10075.0,0.0
6473.448767384,10075.0,0.0
6473.458789953,10075.0,0.0
6473.469035520,10075.0,0.0
6473.478938090,10075.0,0.0
6473.487764921,10075.0,0.0
6473.498267568,10075.0,0.0
6473.508461802,10075.0,0.0
6473.518632287,10075.0,0.0
6473.529270683,10075.0,0.0
6473.539382585,10075.0,0.0
6473.549554486,10075.0,0.0
6473.559660137,10075.0,0.0
6473.569863538,10075.0,0.0
6473.579050365,10075.0,0.0
6473.595548038,10075.0,0.0
6473.601662395,10075.0,0.0
6473.611337634,10075.0,0.0
6473.621766532,10075.0,0.0
6473.631841768,10075.0,0.0
6473.641188343,10075.0,0.0
6473.652055487,10075.0,0.0
6473.661899142,10075.0,0.0
6473.674024024,10075.0,0.0
6473.681438368,10075.0,0.0
6473.692470511,10075.0,0.0
6473.701700254,10075.0,0.0
6473.711613158,10075.0,0.0
6473.727506086,10075.0,0.0
6473.732103625,10075.0,0.0
6473.741874780,10075.0,0.0
6473.752414677,10075.0,0.0
6473.761545588,10075.0,0.0
6473.771851904,10075.0,0.0
6473.786341180,10075.0,0.0
6473.797426989,10075.0,0.0
6473.801559865,10075.0,0.0
6473.811877181,10075.0,0.0
6473.821258423,10075.0,0.0
6473.831411074,10075.0,0.0
6473.842747297,10075.0,0.0
6473.851890792,10075.0,0.0
6473.868552463,10075.0,0.0
6473.872591673,10075.0,0.0
6473.882260329,10075.0,0.0
6473.891558322,10075.0,0.0
6473.901694223,10075.0,0.0
6473.911956207,10075.0,0.0
6473.926320984,10075.0,0.0
6473.932530090,10075.0,0.0
6473.942953738,10075.0,0.0
6473.953599551,10075.0,0.0
6473.963530705,10075.0,0.0
6473.973683189,10075.0,0.0
6473.983934589,10075.0,0.0
6473.993206916,10075.0,0.0
6474.005837709,10075.0,0.0
6474.013175721,10075.0,0.0
6474.023434205,10075.0,0.0
6474.033936269,10075.0,0.0
6474.043036264,10075.0,0.0
6474.054784316,10075.0,0.0
6474.063887061,10075.0,0.0
6474.074796538,10075.0,0.0
6474.084271529,10075.0,0.0
6474.094863759,10075.0,0.0
6474.104915578,10075.0,0.0
6474.114499735,10075.0,0.0
6474.125990039,10075.0,0.0
6474.152828028,10075.0,0.0
6474.153221441,10075.0,0.0
6474.155769749,10075.0,0.0
6474.165556904,10075.0,0.0
6474.176049885,10075.0,0.0
6474.192607141,10075.0,0.0
6474.195702694,10075.0,0.0
6474.206059510,10075.0,0.0
6474.215136421,10075.0,0.0
6474.225339239,10075.0,0.0
6474.235583639,10075.0,0.0
6474.245909538,10075.0,0.0
6474.260466563,10075.0,0.0
6474.266770002,10075.0,0.0
6474.275929496,10075.0,0.0
6474.286269479,10075.0,0.0
6474.296433630,10075.0,0.0
6474.307122609,10075.0,0.0
6474.316823681,10075.0,0.0
6474.328184320,10075.0,0.0
6474.340408118,10075.0,0.0
6474.351977339,10075.0,0.0
6474.359903678,10075.0,0.0
6474.369148922,10075.0,0.0
6474.379304406,10075.0,0.0
6474.390847877,10075.0,0.0
6474.399919372,10075.0,0.0
6474.410364270,10075.0,0.0
6474.420712003,10075.0,0.0
6474.430839238,10075.0,0.0
6474.441034305,10075.0,0.0
6474.455847661,10075.0,0.0
6474.464607575,10075.0,0.0
6474.474794060,10075.0,0.0
6474.485751536,10075.0,0.0
6474.495948604,10075.0,0.0
6474.506003339,10075.0,0.0
6474.521951017,10075.0,0.0
6474.528120874,10075.0,0.0
6474.540669918,10075.0,0.0
6474.547147272,10075.0,0.0
6474.557814668,10075.0,0.0
6474.568742645,10075.0,0.0
6474.577242312,10075.0,0.0
6474.587881958,10075.0,0.0
6474.600921331,10075.0,0.0
6474.611289980,10075.0,0.0
6474.621462715,10075.0,0.0
6474.632329276,10075.0,0.0
6474.642738091,10075.0,0.0
6474.653815900,10075.0,0.0
6474.662900811,10075.0,0.0
6474.672563467,10075.0,0.0
6474.682690702,10075.0,0.0
6474.693361931,10075.0,0.0
6474.702557092,10075.0,0.0
6474.712987657,10075.0,0.0
6474.730277738,10075.0,0.0
6474.733226043,10075.0,0.0
6474.742648785,10075.0,0.0
6474.752974017,10075.0,0.0
6474.763374083,10075.0,0.0
6474.772197330,10075.0,0.0
6474.785097288,10075.0,0.0
6474.803248445,10075.0,0.0
6474.804732263,10075.0,0.0
6474.814606417,10075.0,0.0
6474.823766578,10075.0,0.0
6474.834278476,10075.0,0.0
6474.844289962,10075.0,0.0
6474.863073612,10075.0,0.0
6474.866246498,10075.0,0.0
6474.876357816,10075.0,0.0
6474.885854390,10075.0,0.0
6474.896545536,10075.0,0.0
6474.906598438,10075.0,0.0
6474.916796506,10075.0,0.0
6474.932745184,10075.0,0.0
6474.937041892,10075.0,0.0
6474.947550873,10075.0,0.0
6474.958137936,10075.0,0.0
6474.968050340,10075.0,0.0
6474.978420239,10075.0,-10.0
6474.997330888,10075.0,-10.0
6474.998329712,10075.0,-10.0
6475.008569529,10075.0,-10.0
6475.018626097,10075.0,-10.0
6475.028967913,10075.0,-10.0
6475.038336239,10075.0,-10.0
6475.059024621,10075.0,-10.0
6475.059570365,10075.0,0.0
6475.068732776,10075.0,0.0
6475.078698262,10075.0,0.0
6475.088854580,10075.0,0.0
6475.098038574,10075.0,0.0
6475.108590055,10075.0,0.0
6475.119360617,10075.0,0.0
6475.133957224,10075.0,0.0
6475.138534680,10075.0,0.0
6475.148713247,10075.0,0.0
6475.159429726,10075.0,0.0
6475.168358389,10075.0,0.0
6475.178718705,10075.0,0.0
6475.195812539,10075.0,0.0
6475.199699668,10075.0,0.0
6475.209991567,10075.0,0.0
6475.219286560,10075.0,0.0
6475.229775875,10075.0,0.0
6475.239880526,10075.0,0.0
6475.249389934,10075.0,0.0
6475.259588834,10075.0,0.0
6475.271716466,10075.0,0.0
6475.280332216,10075.0,0.0
6475.290771364,10075.0,0.0
6475.300573602,10075.0,0.0
6475.311050000,10075.0,0.0
6475.320383242,10075.0,0.0
6475.335231931,10075.0,0.0
6475.344138011,10075.0,0.0
6475.350886779,10075.0,0.0
6475.360714850,10075.0,0.0
6475.371287247,10075.0,0.0
6475.381838061,10075.0,0.0
6475.395269180,10075.0,10.0
6475.402346278,10075.0,10.0
6475.412649011,10075.0,10.0
6475.422908661,10075.0,10.0
6475.432283069,10075.0,10.0
6475.443458127,10075.0,10.0
6475.459163974,10075.0,10.0
6475.464591838,10075.0,10.0
6475.475553398,10075.0,10.0
6475.483264406,10075.0,10.0
6475.493767971,10075.0,10.0
6475.503408044,10075.0,10.0
6475.513874358,10075.0,0.0
6475.527650891,10075.0,0.0
6475.534377242,10075.0,0.0
6475.543785234,10075.0,0.0
6475.553476056,10075.0,0.0
6475.563824622,10075.0,0.0
6475.573980190,10075.0,0.0
6475.584345255,10075.0,0.0
6475.595582396,10075.0,0.0
6475.604392977,10075.0,0.0
6475.615270038,10075.0,0.0
6475.625018193,10075.0,0.0
6475.634948429,10075.0,0.0
6475.645631659,10075.0,0.0
6475.656590302,10075.0,0.0
6475.665624131,10075.0,0.0
6475.678360007,10075.0,0.0
6475.685823101,10075.0,0.0
6475.695403757,10075.0,0.0
6475.705802323,10075.0,0.0
6475.716798132,10075.0,0.0
6475.728952764,10075.0,0.0
6475.735311035,10075.0,0.0
6475.745752184,10075.0,0.0
6475.756054167,10075.0,0.0
6475.765275827,10075.0,0.0
6475.775942556,10075.0,0.0
6475.785953126,10075.0,0.0
6475.800054072,10075.0,0.0
6475.805349187,10075.0,-10.0
6475.815582004,10075.0,-10.0
6475.826287983,10075.0,-10.0
6475.835369145,10075.0,-10.0
6475.845885792,10075.0,-10.0
6475.865507184,10075.0,0.0
6475.867610081,10075.0,0.0
6475.877006906,10075.0,0.0
6475.887235639,10075.0,0.0
6475.898384031,10075.0,0.0
6475.908051020,10075.0,0.0
6475.918758666,10075.0,0.0
6475.929250147,10075.0,0.0
6475.939324216,10075.0,0.0
6475.951186933,10075.0,0.0
6475.960138930,10075.0,0.0
6475.969973334,10075.0,0.0
6475.979190161,10075.0,0.0
6475.989404895,10075.0,0.0
6476.000132957,10075.0,0.0
6476.009966611,10075.0,0.0
6476.020263594,10075.0,0.0
6476.030824825,10075.0,0.0
6476.040939059,10075.0,0.0
6476.050460467,10075.0,0.0
6476.063835920,10075.0,0.0
6476.292387361,10075.0,0.0
6476.301906185,10075.0,0.0
6476.312147169,10075.0,0.0
6476.333139131,10075.0,0.0
6476.333176131,10075.0,0.0
6476.342739704,10075.0,0.0
6476.352420860,10075.0,0.0
6476.363254838,10075.0,0.0
6476.372902160,10075.0,0.0
6476.400446725,10075.0,0.0
6476.400484808,10075.0,0.0
6476.889813044,10075.0,0.0
6476.899536699,10075.0,0.0
6476.910349344,10075.0,0.0
6476.919385839,10075.0,0.0
6476.937124333,10075.0,0.0
6476.941801704,10075.0,0.0
6476.949161132,10075.0,0.0
6476.959563281,10075.0,0.0
6476.970042179,10075.0,0.0
6476.979139674,10075.0,0.0
6476.990233149,10075.0,0.0
6477.000291218,10075.0,0.0
6477.081494344,10075.0,0.0
6477.091793994,10075.0,0.0
6477.101429983,10075.0,0.0
6477.111702716,10075.0,0.0
6477.131795937,10075.0,0.0
6477.132125768,10075.0,0.0
6477.141502926,10075.0,0.0
6477.213055896,10075.0,0.0
6477.222169641,10075.0,0.0
6477.232421374,10075.0,0.0
6477.242978271,10075.0,0.0
6477.252512762,10075.0,0.0
6477.263101159,10075.0,0.0
6477.336333862,10075.0,0.0
6477.345450940,10075.0,0.0
6477.356092587,10075.0,0.0
6477.365360996,10075.0,0.0
6477.375563480,10075.0,0.0
6477.389674426,10075.0,0.0
6477.397881263,10075.0,0.0
6477.409687232,10075.0,0.0
6477.419135223,10075.0,0.0
6477.430374113,10075.0,0.0
6477.439181861,10075.0,0.0
6477.449546177,10075.0,0.0
6477.803338982,10075.0,0.0
6477.812511892,10075.0,0.0
6477.822585461,10075.0,0.0
6477.833340190,10075.0,0.0
6477.842236853,10075.0,0.0
6477.871157321,10075.0,0.0
6477.871334820,10075.0,0.0
6478.065235265,10075.0,0.0
6478.079472710,10075.0,0.0
6478.086529391,10075.0,0.0
6478.096207880,10075.0,0.0
6478.106514530,10075.0,0.0
6478.117207425,10075.0,0.0
6478.127043080,10075.0,0.0
6478.268554368,10075.0,0.0
6478.276974370,10075.0,0.0
6478.289817161,10075.0,0.0
6478.298716408,10075.0,0.0
6478.307262658,10075.0,0.0
6478.317888138,10075.0,0.0
6478.331495006,10075.0,0.0
6478.337306949,10075.0,0.0
6478.347302435,10075.0,0.0
6478.357565252,10075.0,0.0
6478.367823235,10075.0,0.0
6478.377123728,10075.0,0.0
6478.391079675,10075.0,0.0
6478.620174361,10075.0,0.0
6478.629348355,10075.0,0.0
6478.639604922,10075.0,0.0
6478.656409092,10075.0,0.0
6478.662325784,10075.0,0.0
6478.672947014,10075.0,0.0
6478.681916593,10075.0,0.0
6478.692173410,10075.0,0.0
6478.702039564,10075.0,0.0
6478.713170206,10075.0,0.0
6478.728872136,10075.0,0.0
6478.732453101,10075.0,0.0
6478.743414495,10075.0,0.0
6478.753378898,10075.0,0.0
6478.763328801,10075.0,0.0
6478.774009863,10075.0,0.0
6478.787342567,10075.0,0.0
6479.080290381,10075.0,0.0
6479.091069443,10075.0,0.0
6479.100684849,10075.0,0.0
6479.118402093,10075.0,0.0
6479.121540063,10075.0,0.0
6479.132953785,10075.0,0.0
6479.142654357,10075.0,10.0
6479.267200144,10075.0,0.0
6479.276275473,10075.0,0.0
6479.286324625,10075.0,0.0
6479.297424433,10075.0,0.0
6479.306257347,10075.0,0.0
6479.316700829,10075.0,0.0
6479.327360308,10075.0,0.0
6479.338162787,10075.0,0.0
6479.346892202,10075.0,0.0
6479.360381820,10075.0,0.0
6479.367762665,10075.0,0.0
6479.377862817,10075.0,0.0
6479.399286441,10075.0,0.0
6479.400928259,10075.0,0.0
6479.462578075,10075.0,0.0
6479.470907994,10075.0,0.0
6479.480721065,10075.0,0.0
6479.490593636,10075.0,0.0
6479.500937535,10075.0,0.0
6479.510656357,10075.0,0.0
6479.523967311,10075.0,0.0
6479.530258083,10075.0,0.0
6479.540458900,10075.0,0.0
6479.551590292,10075.0,0.0
6479.560416789,10075.0,0.0
6479.570423942,10075.0,0.0
6479.593639299,10075.0,0.0
6479.593677049,10075.0,0.0
6479.818412694,10075.0,0.0
6479.828778426,10075.0,0.0
6479.837038262,10075.0,0.0
6479.847537493,10075.0,0.0
6479.861193444,10075.0,0.0
6480.080698223,10075.0,0.0
6480.090627043,10075.0,0.0
6480.101004109,10075.0,0.0
6480.111275675,10075.0,0.0
6480.121021414,10075.0,0.0
6480.130442322,10075.0,0.0
6480.140908553,10075.0,0.0
6480.151762531,10075.0,0.0
6480.161331188,10075.0,0.0
6480.171702337,10075.0,0.0
6480.181915321,10075.0,0.0
6480.192418802,10075.0,0.0
6480.202379788,10075.0,0.0
6480.212940019,10075.0,0.0
6480.225844976,10075.0,0.0
6480.233785232,10075.0,0.0
6480.243335973,10075.0,0.0
6480.259362150,10075.0,0.0
6480.536601867,10075.0,0.0
6480.546573437,10075.0,0.0
6480.557659829,10075.0,0.0
6480.566373077,10075.0,0.0
6480.576469979,10075.0,0.0
6480.594479720,10075.0,0.0
6480.597024779,10075.0,0.0
6480.931268524,10075.0,0.0
6480.932357847,10075.0,0.0
6480.942320250,10075.0,0.0
6480.952650649,10075.0,0.0
6480.964036622,10075.0,0.0
6480.972503789,10075.0,0.0
6480.987611809,10075.0,0.0
6481.408195963,10075.0,0.0
6481.416854796,10075.0,0.0
6481.427039363,10075.0,0.0
6481.437264930,10075.0,0.0
6481.447734412,10075.0,0.0
6481.457649648,10075.0,0.0
6481.470093111,10075.0,0.0
6481.480276428,10075.0,0.0
6481.490216331,10075.0,0.0
6481.500565064,10075.0,0.0
6481.510707465,10075.0,0.0
6481.520282372,10075.0,0.0
6481.530559189,10075.0,0.0
6481.540574508,10075.0,0.0
6481.550852074,10075.0,0.0
6481.561386138,10075.0,0.0
6481.571387791,10075.0,0.0
6481.581664524,10075.0,0.0
6481.596892876,10075.0,0.0
6481.736737514,10075.0,0.0
6481.737041678,10075.0,0.0
6481.742740456,10075.0,0.0
6481.754033596,10075.0,0.0
6481.763210506,10075.0,0.0
6481.772783580,10075.0,0.0
6481.784689214,10075.0,0.0
6481.792602637,10075.0,0.0
6481.813090437,10075.0,0.0
6481.813243019,10075.0,0.0
6481.822456596,10075.0,0.0
6482.282518783,10075.0,0.0
6482.291194865,10075.0,0.0
6482.300369109,10075.0,0.0
6482.311304336,10075.0,0.0
6482.321400571,10075.0,0.0
6482.337122835,10075.0,0.0
6482.342431366,10075.0,0.0
6482.815363511,10075.0,0.0
6482.825511496,10075.0,0.0
6482.835705730,10075.0,0.0
6482.845277387,10075.0,0.0
6482.855226873,10075.0,0.0
6482.865532689,10075.0,0.0
6482.877336741,10075.0,0.0
6482.886307404,10075.0,0.0
6482.896063392,10075.0,0.0
6482.906841371,10075.0,0.0
6482.918306259,10075.0,0.0
6482.926233432,10075.0,0.0
6482.936562998,10075.0,0.0
6482.946923147,10075.0,0.0
6482.957158797,10075.0,0.0
6482.967854693,10075.0,0.0
6482.977565765,10075.0,0.0
6482.987389086,10075.0,0.0
6482.999776716,10075.0,0.0
6483.089769673,10075.0,0.0
6483.100434235,10075.0,0.0
6483.109424315,10075.0,0.0
6483.121090618,10075.0,0.0
6483.130185112,10075.0,0.0
6483.142109080,10075.0,0.0
6483.233444274,10075.0,0.0
6483.243889839,10075.0,0.0
6483.254095656,10075.0,0.0
6483.263731229,10075.0,0.0
6483.274010295,10075.0,0.0
6483.734425145,10075.0,-10.0
6483.744653963,10075.0,-10.0
6483.754818864,10075.0,-10.0
6483.765631925,10075.0,0.0
6483.775801659,10075.0,0.0
6483.784942320,10075.0,0.0
6483.795810548,10075.0,0.0
6483.805857367,10075.0,0.0
6483.815920435,10075.0,0.0
6483.826781329,10075.0,0.0
6483.836239487,10075.0,0.0
6483.846302806,10075.0,0.0
6483.856688955,10075.0,0.0
6483.867777014,10075.0,0.0
6483.876212431,10075.0,0.0
6483.886442415,10075.0,0.0
6483.897224144,10075.0,0.0
6483.905975558,10075.0,0.0
6483.917065867,10075.0,0.0
6483.936223597,10075.0,0.0
6484.152392992,10075.0,0.0
6484.158742764,10075.0,0.0
6484.168054840,10075.0,0.0
6484.178038076,10075.0,0.0
6484.187317152,10075.0,0.0
6484.197589802,10075.0,0.0
6484.211971829,10075.0,0.0
6484.217943604,10075.0,0.0
6484.409550905,10075.0,-10.0
6484.419462975,10075.0,-10.0
6484.430276703,10075.0,-10.0
6484.439490197,10075.0,-10.0
6484.450680338,10075.0,-10.0
6484.459471585,10075.0,-10.0
6484.486392823,10075.0,-10.0
6484.486643821,10075.0,-10.0
6484.492143684,10075.0,-10.0
6484.702396220,10075.0,-10.0
6484.712775369,10075.0,-10.0
6484.725666327,10075.0,0.0
6484.733634082,10075.0,0.0
6484.749887008,10075.0,0.0
6484.754202049,10075.0,0.0
6484.949690312,10075.0,-10.0
6484.953523608,10075.0,-10.0
6484.963888090,10075.0,-10.0
6484.974439571,10075.0,-10.0
6484.984906302,10075.0,-10.0
6484.998039258,10075.0,-10.0
6485.419872817,10075.0,-10.0
6485.429108144,10075.0,-10.0
6485.439702457,10075.0,-10.0
6485.451535425,10075.0,-10.0
6485.459395765,10075.0,0.0
6485.470055662,10075.0,0.0
6485.491287455,10075.0,0.0
6485.491319455,10075.0,0.0
6485.568954532,10075.0,0.0
6485.568989948,10075.0,0.0
6485.569061364,10075.0,0.0
6485.578965268,10075.0,0.0
6485.589259751,10075.0,0.0
6485.597502171,10075.0,0.0
6485.609206640,10075.0,0.0
6486.412347736,10075.0,0.0
6486.422640219,10075.0,0.0
6486.432514040,10075.0,0.0
6486.443388351,10075.0,0.0
6486.453337337,10075.0,0.0
6486.463317323,10075.0,0.0
6486.474133051,10075.0,0.0
6486.483216380,10075.0,0.0
6486.493255698,10075.0,0.0
6486.503706097,10075.0,0.0
6486.513496585,10075.0,0.0
6486.523358489,10075.0,0.0
6486.535240790,10075.0,0.0
6486.545689938,10075.0,0.0
6486.555696424,10075.0,0.0
6486.566491235,10075.0,0.0
6486.577114799,10075.0,0.0
6486.598462341,10075.0,0.0
6486.928130631,10075.0,0.0
6486.938362198,10075.0,0.0
6486.948673764,10075.0,0.0
6486.958750916,10075.0,0.0
6486.968454321,10075.0,0.0
6486.978462474,10075.0,0.0
6486.988698874,10075.0,0.0
6486.998215198,10075.0,0.0
6487.009200675,10075.0,0.0
6487.019648323,10075.0,0.0
6487.029209480,10075.0,0.0
6487.039153633,10075.0,0.0
6487.049268368,10075.0,0.0
6487.060089429,10075.0,0.0
6487.071373569,10075.0,0.0
6487.081174390,10075.0,0.0
6487.091841870,10075.0,0.0
6487.102379351,10075.0,0.0
6487.111401096,10075.0,0.0
6487.218431721,10075.0,0.0
6487.228747953,10075.0,0.0
6487.239161852,10075.0,0.0
6487.248610927,10075.0,0.0
6487.263669780,10075.0,0.0
6487.269555723,10075.0,0.0
6487.400833444,10075.0,0.0
6487.410590433,10075.0,0.0
6487.420910832,10075.0,0.0
6487.430636321,10075.0,0.0
6487.440919304,10075.0,0.0
6487.450904124,10075.0,0.0
6487.557437253,10075.0,0.0
6487.564703265,10075.0,0.0
6487.573965925,10075.0,0.0
6487.584978068,10075.0,0.0
6487.594965221,10075.0,0.0
6487.616286180,10075.0,0.0
6487.617042922,10075.0,0.0
6487.947799618,10075.0,0.0
6487.958503681,10075.0,0.0
6487.967556259,10075.0,0.0
6487.977873242,10075.0,0.0
6487.987595148,10075.0,0.0
6487.998359043,10075.0,0.0
6488.290352700,10075.0,0.0
6488.301183677,10075.0,0.0
6488.309918592,10075.0,0.0
6488.320285658,10075.0,0.0
6488.330655390,10075.0,0.0
6488.340843875,10075.0,0.0
6488.351087108,10075.0,0.0
6488.360713598,10075.0,0.0
6488.371282745,10075.0,0.0
6488.380637904,10075.0,0.0
6488.390987470,10075.0,0.0
6488.401080455,10075.0,0.0
6488.411339938,10075.0,0.0
6488.421584755,10075.0,0.0
6488.431858988,10075.0,0.0
6488.445830019,10075.0,0.0
6488.461218702,10075.0,0.0
6488.465205580,10075.0,0.0
6488.475875810,10075.0,0.0
6488.484970638,10075.0,0.0
6488.495290954,10075.0,0.0
6488.508146245,10075.0,0.0
6488.515546840,10075.0,0.0
6488.525726074,10075.0,0.0
6488.535060900,10075.0,0.0
6488.545220218,10075.0,0.0
6488.555424368,10075.0,0.0
6488.565764851,10075.0,0.0
6488.575731421,10075.0,0.0
6488.585985821,10075.0,0.0
6488.596310637,10075.0,0.0
6488.606573120,10075.0,0.0
6488.616798604,10075.0,0.0
6488.626280012,10075.0,0.0
6488.636875075,10075.0,0.0
6488.647022143,10075.0,0.0
6488.666470870,10075.0,0.0
6488.667879857,10075.0,0.0
6489.004173915,10075.0,0.0
6489.004211082,10075.0,0.0
6489.010211023,10075.0,0.0
6489.020529256,10075.0,0.0
6489.031415484,10075.0,0.0
6489.040513145,10075.0,0.0
6489.050803711,10075.0,0.0
6489.070818017,10075.0,0.0
6489.071038014,10075.0,0.0
6489.335075527,10075.0,0.0
6489.342879284,10075.0,0.0
6489.352156694,10075.0,0.0
6489.362781340,10075.0,0.0
6489.413304932,10075.0,0.0
6489.423558915,10075.0,0.0
6489.433901314,10075.0,0.0
6489.444090215,10075.0,0.0
6489.454486364,10075.0,0.0
6489.464753014,10075.0,0.0
6489.473911258,10075.0,0.0
6489.484153575,10075.0,0.0
6489.494785305,10075.0,0.0
6489.504438294,10075.0,0.0
6489.515098357,10075.0,0.0
6489.524551348,10075.0,0.0
6489.534382753,10075.0,0.0
6489.545312563,10075.0,0.0
6489.556306456,10075.0,0.0
6489.564433377,10075.0,0.0
6489.574729193,10075.0,0.0
6489.585583171,10075.0,0.0
6489.596544147,10075.0,0.0
6489.738372683,10075.0,0.0
6489.745059451,10075.0,0.0
6489.755529433,10075.0,0.0
6489.765932581,10075.0,0.0
6489.776185898,10075.0,0.0
6489.785485474,10075.0,0.0
6489.795645459,10075.0,0.0
6489.806202606,10075.0,0.0
6489.816494172,10075.0,0.0
6489.826674240,10075.0,0.0
6489.836899474,10075.0,0.0
6489.846141717,10075.0,0.0
6489.857659188,10075.0,0.0
6489.866882598,10075.0,0.0
6489.877078832,10075.0,0.0
6489.887625980,10075.0,0.0
6489.896529810,10075.0,0.0
6489.906555129,10075.0,0.0
6489.917697937,10075.0,0.0
6489.929752653,10075.0,0.0
6490.156425862,10075.0,0.0
6490.167625337,10075.0,0.0
6490.176319502,10075.0,0.0
6490.187853806,10075.0,0.0
6490.201194426,10075.0,0.0
6490.224714697,10075.0,0.0
6490.224779447,10075.0,0.0
6490.293388195,10075.0,0.0
6490.303800344,10075.0,0.0
6490.313707247,10075.0,0.0
6490.328189606,10075.0,0.0
6490.335316370,10075.0,0.0
6490.604800080,10075.0,0.0
6490.604844079,10075.0,0.0
6490.609441701,10075.0,0.0
6490.619736351,10075.0,0.0
6490.630255915,10075.0,0.0
6490.639273911,10075.0,0.0
6490.649876057,10075.0,0.0
6490.659731795,10075.0,0.0
6490.672378922,10075.0,0.0
6490.682352241,10075.0,-10.0
6490.692068397,10075.0,-10.0
6490.703183955,10075.0,-10.0
6490.712749195,10075.0,-10.0
6490.726202148,10075.0,-10.0
6490.739823015,10075.0,-10.0
6490.746409451,10075.0,-10.0
6490.755378030,10075.0,-10.0
6490.766091259,10075.0,-10.0
6490.776338493,10075.0,-10.0
6490.786562643,10075.0,-10.0
6490.796240882,10075.0,-10.0
6491.202068931,10075.0,-10.0
6491.212322747,10075.0,-10.0
6491.222621230,10075.0,-10.0
6491.233949287,10075.0,-10.0
6491.244228770,10075.0,-10.0
6491.256509317,10075.0,-10.0
6491.265988225,10075.0,-10.0
6491.369065138,10075.0,-10.0
6491.378114050,10075.0,-10.0
6491.801124347,10075.0,-10.0
6491.802696582,10075.0,-10.0
6491.812173240,10075.0,-10.0
6491.822720970,10075.0,-10.0
6491.833215868,10075.0,-10.0
6491.843309520,10075.0,-10.0
6491.863427491,10075.0,-10.0
6491.864517147,10075.0,-10.0
6492.220023352,10075.0,10.0
6492.229443760,10075.0,10.0
6492.239703493,10075.0,10.0
6492.250367306,10075.0,10.0
6492.267178143,10075.0,0.0
6492.546219092,10075.0,0.0
6492.560408621,10075.0,0.0
6492.566760225,10075.0,0.0
6492.576377298,10075.0,0.0
6492.586796280,10075.0,0.0
6492.869482444,10075.0,0.0
6492.869526277,10075.0,0.0
6492.879032685,10075.0,0.0
6492.888435343,10075.0,0.0
6492.898491329,10075.0,0.0
6492.909647220,10075.0,0.0
6492.944706212,10075.0,0.0
6492.953229796,10075.0,0.0
6492.963901192,10075.0,0.0
6492.974094342,10075.0,0.0
6492.985623063,10075.0,0.0
6493.209025055,10075.0,0.0
6493.217962551,10075.0,0.0
6493.228194785,10075.0,0.0
6493.238444602,10075.0,0.0
6493.248478004,10075.0,0.0
6493.259185483,10075.0,0.0
6493.268542475,10075.0,0.0
6493.278415962,10075.0,0.0
6493.288828028,10075.0,0.0
6493.299904087,10075.0,0.0
6493.308050341,10075.0,0.0
6493.318118576,10075.0,0.0
6493.328427892,10075.0,0.0
6493.338749792,10075.0,0.0
6493.356131372,10075.0,0.0
6493.359572089,10075.0,0.0
6493.370351317,10075.0,0.0
6493.381079879,10075.0,0.0
6493.390610620,10075.0,0.0
6493.408158866,10075.0,0.0
6493.683087855,10075.0,0.0
6493.694286080,10075.0,0.0
6493.702032004,10075.0,0.0
6493.712163239,10075.0,0.0
6493.722832302,10075.0,0.0
6493.732445541,10075.0,0.0
6493.743105604,10075.0,0.0
6493.752657428,10075.0,0.0
6493.763300824,10075.0,0.0
6493.772163738,10075.0,0.0
6493.782727718,10075.0,0.0
6493.792864870,10075.0,0.0
6493.803420267,10075.0,0.0
6493.813916415,10075.0,0.0
6493.824548061,10075.0,0.0
6493.834530881,10075.0,0.0
6493.845875604,10075.0,0.0
6493.856278419,10075.0,0.0
6493.881909169,10075.0,0.0
6493.881953336,10075.0,0.0
6493.887028703,10075.0,0.0
6493.958298842,10075.0,0.0
6493.969180570,10075.0,0.0
6493.982699188,10075.0,0.0
6493.990296031,10075.0,0.0
6494.000369433,10075.0,0.0
6494.071530990,10075.0,0.0
6494.081691224,10075.0,0.0
6494.092756783,10075.0,0.0
6494.101712779,10075.0,0.0
6494.111056271,10075.0,0.0
6494.121536503,10075.0,0.0
6494.133949798,10075.0,0.0
6494.142562215,10075.0,0.0
6494.153199444,10075.0,0.0
6494.212984362,10075.0,0.0
6494.223191013,10075.0,0.0
6494.233327997,10075.0,0.0
6494.243879311,10075.0,0.0
6494.253034389,10075.0,0.0
6494.263184457,10075.0,0.0
6494.273512606,10075.0,0.0
6494.283666174,10075.0,0.0
6494.293748409,10075.0,0.0
6494.304180641,10075.0,0.0
6494.314423124,10075.0,0.0
6494.324887023,10075.0,0.0
6494.335241922,10075.0,0.0
6494.346055650,10075.0,0.0
6494.356289133,10075.0,0.0
6494.365947123,10075.0,0.0
6494.376208690,10075.0,0.0
6494.398974051,10075.0,0.0
6494.399120466,10075.0,0.0
6494.408026713,10075.0,0.0
6494.418347196,10075.0,0.0
6494.430018916,10075.0,0.0
6494.438196753,10075.0,0.0
6494.448687067,10075.0,0.0
6494.681343052,10075.0,0.0
6494.681666299,10075.0,0.0
6494.684971850,10075.0,0.0
6494.696650153,10075.0,0.0
6494.704520326,10075.0,0.0
6494.714842309,10075.0,0.0
6494.934321838,10075.0,0.0
6494.939899534,10075.0,0.0
6494.951403922,10075.0,0.0
6494.959312012,10075.0,0.0
6494.969463329,10075.0,0.0
6494.981285048,10075.0,0.0
6494.989547717,10075.0,0.0
6494.999656535,10075.0,0.0
6495.009778020,10075.0,0.0
6495.019034513,10075.0,0.0
6495.029209081,10075.0,0.0
6495.040165141,10075.0,0.0
6495.049641049,10075.0,0.0
6495.059828200,10075.0,0.0
6495.070576512,10075.0,0.0
6495.080362500,10075.0,0.0
6495.090787731,10075.0,0.0
6495.100390471,10075.0,0.0
6495.111074784,10075.0,0.0
6495.129078692,10075.0,0.0
6495.131708916,10075.0,0.0
6495.433823058,10075.0,0.0
6495.443916460,10075.0,0.0
6495.454903936,10075.0,0.0
6495.802435052,10075.0,0.0
6495.812788868,10075.0,0.0
6495.822815687,10075.0,0.0
6495.832062930,10075.0,0.0
6495.842261497,10075.0,0.0
6495.852580230,10075.0,0.0
6495.862572133,10075.0,0.0
6495.872928282,10075.0,0.0
6495.882298024,10075.0,0.0
6495.892196761,10075.0,0.0
6495.902524827,10075.0,0.0
6495.912934643,10075.0,0.0
6495.922099720,10075.0,0.0
6495.933078780,10075.0,0.0
6495.942594020,10075.0,0.0
6495.952733838,10075.0,0.0
6495.963854397,10075.0,0.0
6495.973964715,10075.0,0.0
6495.983651287,10075.0,0.0
6495.994950511,10075.0,0.0
6496.004874164,10075.0,0.0
6496.024160143,10075.0,0.0
6496.092220313,10075.0,0.0
6496.102626379,10075.0,0.0
6496.113790687,10075.0,0.0
6496.123350594,10075.0,0.0
6496.141021088,10075.0,0.0
6496.207089445,10075.0,0.0
6496.207144528,10075.0,0.0
6496.216210273,10075.0,0.0
6496.226486339,10075.0,0.0
6496.236855238,10075.0,0.0
6496.246885224,10075.0,0.0
6496.257029625,10075.0,0.0
6496.267314025,10075.0,0.0
6496.277777257,10075.0,0.0
6496.288038157,10075.0,0.0
6496.297842061,10075.0,0.0
6496.308712622,10075.0,0.0
6496.324735049,10075.0,0.0
6496.611875087,10075.0,0.0
6496.622160820,10075.0,0.0
6496.632448470,10075.0,0.0
6496.643277114,10075.0,0.0
6496.652082612,10075.0,0.0
6496.662549760,10075.0,0.0
6496.804050215,10075.0,0.0
6496.814447614,10075.0,0.0
6496.824280602,10075.0,0.0
6496.834593501,10075.0,0.0
6496.843221334,10075.0,0.0
6496.853628316,10075.0,0.0
6496.872470799,10075.0,0.0
6496.875828100,10075.0,0.0
6497.002083121,10075.0,0.0
6497.002183286,10075.0,0.0
6497.005410005,10075.0,0.0
6497.017508554,10075.0,0.0
6497.025364644,10075.0,0.0
6497.035661127,10075.0,0.0
6497.046923017,10075.0,0.0
6497.056647006,10075.0,0.0
6497.071751275,10075.0,0.0
6497.346514933,10075.0,0.0
6497.356792083,10075.0,0.0
6497.365409083,10075.0,0.0
6497.376371393,10075.0,0.0
6497.393275145,10075.0,0.0
6497.396090451,10075.0,0.0
6497.465803772,10075.0,0.0
6497.475702009,10075.0,0.0
6497.485431497,10075.0,0.0
6497.495355401,10075.0,0.0
6497.506774623,10075.0,0.0
6497.515212291,10075.0,10.0
6497.525261859,10075.0,10.0
6497.535956339,10075.0,10.0
6497.545075083,10075.0,10.0
6497.555062569,10075.0,10.0
6497.565794381,10075.0,10.0
6497.575763368,10075.0,10.0
6497.585403357,10075.0,10.0
6497.595700924,10075.0,0.0
6497.605914491,10075.0,0.0
6497.616231640,10075.0,0.0
6497.627194534,10075.0,0.0
6497.637360185,10075.0,0.0
6497.646319514,10075.0,0.0
6497.662140860,10075.0,0.0
6497.666861731,10075.0,0.0
6497.821662640,10075.0,0.0
6497.831866624,10075.0,0.0
6497.841234033,10075.0,0.0
6497.851436183,10075.0,0.0
6498.000956311,10075.0,0.0
6498.009947223,10075.0,0.0
6498.020604953,10075.0,0.0
6498.031316849,10075.0,0.0
6498.040104180,10075.0,0.0
6498.051058906,10075.0,0.0
6498.061534971,10075.0,0.0
6498.074514761,10075.0,0.0
6498.336099464,10075.0,0.0
6498.346222449,10075.0,0.0
6498.356746930,10075.0,0.0
6498.366748749,10075.0,0.0
6498.375815577,10075.0,0.0
6498.386193643,10075.0,0.0
6498.396424960,10075.0,0.0
6498.406591861,10075.0,0.0
6498.416894594,10075.0,0.0
6498.427225160,10075.0,0.0
6498.437302479,10075.0,0.0
6498.447511796,10075.0,0.0
6498.457780363,10075.0,0.0
6498.466871941,10075.0,0.0
6498.477425171,10075.0,0.0
6498.487644405,10075.0,0.0
6498.497830473,10075.0,0.0
6498.507349463,10075.0,0.0
6498.518805768,10075.0,0.0
6498.556609067,10075.0,-10.0
6498.556643983,10075.0,-10.0
6498.556682233,10075.0,-10.0
6498.558038053,10075.0,-10.0
6498.676958478,10075.0,0.0
6498.687247461,10075.0,0.0
6498.698349437,10075.0,0.0
6498.707512014,10075.0,0.0
6498.717684498,10075.0,0.0
6498.731527947,10075.0,0.0
6498.738431963,10075.0,0.0
6498.748233618,10075.0,0.0
6498.884444708,10075.0,0.0
6498.894564609,10075.0,0.0
6498.905264005,10075.0,0.0
6498.915851069,10075.0,0.0
6498.924968563,10075.0,0.0
6498.936346786,10075.0,0.0
6498.945792111,10075.0,0.0
6498.954914938,10075.0,0.0
6498.965437586,10075.0,0.0
6498.975346156,10075.0,0.0
6498.985778221,10075.0,0.0
6498.996531283,10075.0,0.0
6499.007450594,10075.0,0.0
6499.015530098,10075.0,0.0
6499.026384243,10075.0,0.0
6499.035419988,10075.0,0.0
6499.046165133,10075.0,0.0
6499.221424010,10075.0,0.0
6499.234341968,10075.0,0.0
6499.239348669,10075.0,0.0
6499.250659142,10075.0,0.0
6499.259922635,10075.0,0.0
6499.551124050,10075.0,10.0
6499.561505032,10075.0,10.0
6499.572105345,10075.0,10.0
6499.582273830,10075.0,10.0
6499.591401407,10075.0,10.0
6499.604904693,10075.0,0.0
6500.145426763,10075.0,0.0
6500.145470762,10075.0,0.0
6500.151808867,10075.0,0.0
6500.162296932,10075.0,0.0
6500.173459490,10075.0,0.0
6500.183077063,10075.0,0.0
6500.470390682,10075.0,0.0
6500.480767414,10075.0,0.0
6500.490049740,10075.0,0.0
6500.500083393,10075.0,0.0
6500.510696956,10075.0,0.0
6500.520579360,10075.0,0.0
6500.530692428,10075.0,0.0
6500.541525239,10075.0,0.0
6500.550973647,10075.0,0.0
6500.560992716,10075.0,0.0
6500.572195024,10075.0,0.0
6500.582142177,10075.0,0.0
6500.591350004,10075.0,0.0
6500.604574959,10075.0,0.0
6500.614650610,10075.0,0.0
6500.625357089,10075.0,0.0
6500.635551240,10075.0,0.0
6500.645911973,10075.0,0.0
6500.663638800,10075.0,0.0
6500.938117794,10075.0,0.0
6500.947550702,10075.0,0.0
6500.957949684,10075.0,0.0
6500.967101262,10075.0,0.0
6500.977484161,10075.0,0.0
6500.987934476,10075.0,0.0
6500.998203626,10075.0,0.0
6501.462747769,10075.0,0.0
6501.474508404,10075.0,0.0
6501.482237412,10075.0,0.0
6501.493297305,10075.0,0.0
6501.503485206,10075.0,0.0
6501.513551774,10075.0,0.0
6501.522543603,10075.0,-10.0
6501.533219833,10075.0,-10.0
6501.543130153,10075.0,-10.0
6501.554375627,10075.0,-10.0
6501.563713119,10075.0,-10.0
6501.575156258,10075.0,-10.0
6501.584820330,10075.0,-10.0
6501.600341012,10075.0,-10.0
6501.607305195,10075.0,-10.0
6501.617403430,10075.0,-10.0
6501.627553581,10075.0,-10.0
6501.638059145,10075.0,-10.0
6501.648032715,10075.0,-10.0
6501.658233199,10075.0,-10.0
6501.667212028,10075.0,-10.0
6501.677610843,10075.0,-10.0
6501.687786994,10075.0,-10.0
6501.696953822,10075.0,-10.0
6501.707941798,10075.0,-10.0
6501.717085959,10075.0,-10.0
6501.727340192,10075.0,-10.0
6501.737825674,10075.0,-10.0
6501.747235165,10075.0,-10.0
6501.757923478,10075.0,-10.0
6501.767789715,10075.0,-10.0
6501.777331456,10075.0,-10.0
6501.795171365,10075.0,-10.0
6501.799819487,10075.0,-10.0
6501.809366477,10075.0,-10.0
6501.818672053,10075.0,-10.0
6501.829051035,10075.0,-10.0
6501.839438518,10075.0,-10.0
6501.850869406,10075.0,-10.0
6501.875018171,10075.0,-10.0
6501.875065004,10075.0,-10.0
6502.070825514,10075.0,-10.0
6502.079147017,10075.0,-10.0
6502.089156169,10075.0,-10.0
6502.099888148,10075.0,-10.0
6502.110054382,10075.0,-10.0
6502.119844787,10075.0,-10.0
6502.128990281,10075.0,-10.0
6502.139508929,10075.0,-10.0
6502.150056076,10075.0,-10.0
6502.160523891,10075.0,-10.0
6502.170783041,10075.0,-10.0
6502.180711528,10075.0,-10.0
6502.190710347,10075.0,-10.0
6502.201130162,10075.0,-10.0
6502.211292897,10075.0,-10.0
6502.221627213,10075.0,-10.0
6502.231776114,10075.0,-10.0
6502.241632851,10075.0,-10.0
6502.252413580,10075.0,-10.0
6502.274441615,10075.0,-10.0
6502.274551197,10075.0,-10.0
6502.284538517,10075.0,-10.0
6502.295121247,10075.0,-10.0
6502.303280251,10075.0,-10.0
6502.314032396,10075.0,-10.0
6502.331321728,10075.0,-10.0
6502.416628314,10075.0,-10.0
6502.426570467,10075.0,-10.0
6502.437937273,10075.0,-10.0
6502.446221942,10075.0,-10.0
6502.456183345,10075.0,-10.0
6502.466565411,10075.0,-10.0
6502.477125975,10075.0,-10.0
6502.485889973,10075.0,-10.0
6502.496081874,10075.0,-10.0
6502.507100183,10075.0,-10.0
6502.516834338,10075.0,-10.0
6502.527219404,10075.0,-10.0
6502.537399638,10075.0,-10.0
6502.548374948,10075.0,-10.0
6502.558576598,10075.0,-10.0
6502.568511585,10075.0,-10.0
6502.578846901,10075.0,-10.0
6502.745339363,10075.0,-10.0
6502.754466608,10075.0,-10.0
6502.764955006,10075.0,-10.0
6502.775034741,10075.0,-10.0
6502.786276381,10075.0,-10.0
6502.795554958,10075.0,-10.0
6502.813058454,10075.0,-10.0
6502.818023739,10075.0,-10.0
6502.827521896,10075.0,-10.0
6502.838628621,10075.0,0.0
6502.849017770,10075.0,0.0
6502.859180338,10075.0,0.0
6502.869839151,10075.0,0.0
6502.880062301,10075.0,0.0
6502.951588355,10075.0,0.0
6502.962206918,10075.0,0.0
6502.972361486,10075.0,0.0
6502.982151557,10075.0,0.0
6502.996930997,10075.0,0.0
6503.002197945,10075.0,0.0
6503.226601510,10075.0,10.0
6503.226741676,10075.0,10.0
6503.226854175,10075.0,10.0
6503.237661319,10075.0,10.0
6503.248687879,10075.0,10.0
6503.258688865,10075.0,10.0
6503.268178439,10075.0,10.0
6503.278830252,10075.0,10.0
6503.288598240,10075.0,10.0
6503.815541859,10075.0,0.0
6503.825126016,10075.0,0.0
6503.834733172,10075.0,0.0
6503.844122164,10075.0,0.0
6503.858189444,10075.0,0.0
6503.874932781,10075.0,0.0
6503.878293915,10075.0,0.0
6504.134548253,10075.0,0.0
6504.144287158,10075.0,0.0
6504.153907231,10075.0,0.0
6504.164459628,10075.0,0.0
6504.173057628,10075.0,0.0
6504.184104270,10075.0,0.0
6504.194240505,10075.0,0.0
6504.203516164,10075.0,0.0
6504.213946063,10075.0,0.0
6504.223953965,10075.0,0.0
6504.234351614,10075.0,0.0
6504.243024446,10075.0,0.0
6504.253122515,10075.0,0.0
6504.264192907,10075.0,0.0
6504.273762147,10075.0,0.0
6504.284448043,10075.0,0.0
6504.294356863,10075.0,0.0
6504.304270933,10075.0,0.0
6504.313463510,10075.0,0.0
6504.324018241,10075.0,0.0
6504.347801259,10075.0,0.0
6504.347853176,10075.0,0.0
6504.405940693,10075.0,0.0
6504.415366935,10075.0,0.0
6504.425394837,10075.0,0.0
6504.435806903,10075.0,0.0
6504.446011303,10075.0,0.0
6504.456123455,10075.0,0.0
6504.466839850,10075.0,0.0
6504.476892836,10075.0,0.0
6504.485951664,10075.0,0.0
6504.496103399,10075.0,0.0
6504.506839711,10075.0,0.0
6504.517031778,10075.0,0.0
6504.526179023,10075.0,0.0
6504.536495589,10075.0,0.0
6504.547830562,10075.0,0.0
6504.560356523,10075.0,0.0
6504.567806367,10075.0,0.0
6504.577694438,10075.0,0.0
6504.595288766,10075.0,0.0
6504.598989064,10075.0,0.0
6504.801495008,10075.0,0.0
6504.811615410,10075.0,0.0
6504.821866727,10075.0,0.0
6504.831969712,10075.0,0.0
6504.842319778,10075.0,0.0
6504.852539345,10075.0,0.0
6504.862713829,10075.0,0.0
6504.872020405,10075.0,0.0
6504.882191639,10075.0,0.0
6504.892600205,10075.0,0.0
6504.903031520,10075.0,0.0
6504.911968849,10075.0,0.0
6504.922178417,10075.0,0.0
6504.932788980,10075.0,0.0
6504.942654884,10075.0,0.0
6504.952622537,10075.0,0.0
6504.963345349,10075.0,0.0
6504.973717998,10075.0,0.0
6504.983588985,10075.0,0.0
6505.473260384,10075.0,0.0
6505.483497534,10075.0,0.0
6505.494473427,10075.0,0.0
6505.504257415,10075.0,0.0
6505.513335077,10075.0,0.0
6505.524059306,10075.0,0.0
6505.535229364,10075.0,0.0
6505.685613399,10075.0,0.0
6505.695985882,10075.0,0.0
6505.706359114,10075.0,0.0
6505.716689263,10075.0,0.0
6506.070981564,10075.0,10.0
6506.080570554,10075.0,10.0
6506.090891120,10075.0,10.0
6506.101520016,10075.0,10.0
6506.110710593,10075.0,0.0
6506.126122943,10075.0,0.0
6506.131487808,10075.0,0.0
6506.408218530,10075.0,0.0
6506.418531763,10075.0,0.0
6506.428738497,10075.0,0.0
6506.439067146,10075.0,0.0
6506.449573460,10075.0,0.0
6506.459757195,10075.0,0.0
6506.472703985,10075.0,0.0
6506.594852129,10075.0,0.0
6506.604554701,10075.0,0.0
6506.614913934,10075.0,0.0
6506.625169084,10075.0,0.0
6506.635400484,10075.0,0.0
6506.647969529,10075.0,0.0
6506.655649537,10075.0,0.0
6506.666988593,10075.0,0.0
6506.891426575,10075.0,0.0
6506.901326145,10075.0,0.0
6506.911017384,10075.0,0.0
6506.933353916,10075.0,0.0
6506.937909455,10075.0,0.0
6507.142862460,10075.0,0.0
6507.152583282,10075.0,0.0
6507.161367780,10075.0,0.0
6507.171951593,10075.0,0.0
6507.181950662,10075.0,0.0
6507.204663608,10075.0,0.0
6507.205015104,10075.0,0.0
6507.464683993,10075.0,0.0
6507.466724556,10075.0,0.0
6507.475397305,10075.0,0.0
6507.485838787,10075.0,0.0
6507.495776357,10075.0,0.0
6507.506682417,10075.0,0.0
6507.524050248,10075.0,10.0
6507.526755722,10075.0,10.0
6507.536755124,10075.0,10.0
6507.547431854,10075.0,10.0
6507.555872355,10075.0,10.0
6507.566071839,10075.0,0.0
6507.576342489,10075.0,0.0
6507.587749044,10075.0,0.0
6507.597611032,10075.0,0.0
6507.608317344,10075.0,0.0
6507.616924760,10075.0,0.0
6507.627006829,10075.0,0.0
6507.637350895,10075.0,0.0
6507.648161289,10075.0,0.0
6507.657791362,10075.0,0.0
6507.668068679,10075.0,0.0
6507.677186257,10075.0,0.0
6507.688593812,10075.0,0.0
6507.699116543,10075.0,0.0
6507.708636034,10075.0,0.0
6507.742195707,10075.0,0.0
6507.742230540,10075.0,0.0
6507.745218678,10075.0,0.0
6507.753907843,10075.0,0.0
6507.764016161,10075.0,0.0
6507.774605142,10075.0,0.0
6507.783198558,10075.0,0.0
6507.793527957,10075.0,0.0
6507.803839607,10075.0,0.0
6507.814161256,10075.0,0.0
6507.825959058,10075.0,0.0
6507.835197218,10075.0,0.0
6507.845289870,10075.0,0.0
6507.858409992,10075.0,0.0
6507.870750289,10075.0,0.0
6507.879589036,10075.0,0.0
6507.889779353,10075.0,0.0
6507.899558841,10075.0,0.0
6507.909956157,10075.0,0.0
6507.920237640,10075.0,0.0
6507.930817204,10075.0,0.0
6507.941592266,10075.0,0.0
6507.951654584,10075.0,0.0
6507.961736486,10075.0,0.0
6507.970981896,10075.0,0.0
6507.981432544,10075.0,0.0
6507.991359614,10075.0,0.0
6508.003473746,10075.0,0.0
6508.016318205,10075.0,0.0
6508.021708319,10075.0,0.0
6508.031519307,10075.0,0.0
6508.042831696,10075.0,0.0
6508.052831682,10075.0,0.0
6508.065299478,10075.0,0.0
6508.073849061,10075.0,0.0
6508.084060628,10075.0,0.0
6508.095460184,10075.0,0.0
6508.106299328,10075.0,0.0
6508.115447489,10075.0,0.0
6508.126004553,10075.0,0.0
6508.135712792,10075.0,0.0
6508.146346438,10075.0,0.0
6508.156976335,10075.0,0.0
6508.167052070,10075.0,0.0
6508.176414479,10075.0,0.0
6508.186895210,10075.0,0.0
6508.197791354,10075.0,0.0
6508.208094337,10075.0,0.0
6508.221851120,10075.0,0.0
6508.227952810,10075.0,0.0
6508.238081545,10075.0,0.0
6508.247585036,10075.0,0.0
6508.259348171,10075.0,0.0
6508.278090156,10075.0,0.0
6508.279404393,10075.0,0.0
6508.289406212,10075.0,0.0
6508.298353708,10075.0,0.0
6508.308540942,10075.0,0.0
6508.319399920,10075.0,0.0
6508.328588997,10075.0,0.0
6508.339062312,10075.0,0.0
6508.354560328,10075.0,0.0
6508.360590019,10075.0,0.0
6508.370611338,10075.0,0.0
6508.382901302,10075.0,0.0
6508.393360450,10075.0,0.0
6508.405267917,10075.0,0.0
6508.411592106,10075.0,0.0
6508.421659174,10075.0,0.0
6508.432079073,10075.0,0.0
6508.442587554,10075.0,0.0
6508.451736881,10075.0,0.0
6508.465455081,10075.0,0.0
6508.472515096,10075.0,0.0
6508.482635247,10075.0,0.0
6508.493908221,10075.0,0.0
6508.503107215,10075.0,0.0
6508.512850786,10075.0,0.0
6508.522939188,10075.0,0.0
6508.541317342,10075.0,0.0
6508.544604727,10075.0,0.0
6508.554711629,10075.0,0.0
6508.565176193,10075.0,0.0
6508.574948265,10075.0,0.0
6508.585188249,10075.0,0.0
6508.599431443,10075.0,0.0
6508.605044639,10075.0,0.0
6508.617236520,10075.0,0.0
6508.626327431,10075.0,0.0
6508.636065420,10075.0,0.0
6508.646147988,10075.0,0.0
6508.669124931,10075.0,0.0
6508.669187181,10075.0,0.0
6508.676431277,10075.0,0.0
6508.685135859,10075.0,0.0
6508.695414675,10075.0,0.0
6508.705592410,10075.0,0.0
6508.715690478,10075.0,0.0
6508.725046720,10075.0,0.0
6508.735224538,10075.0,0.0
6508.747667167,10075.0,-10.0
6508.755770838,10075.0,-10.0
6508.765830156,10075.0,-10.0
6508.776185055,10075.0,-10.0
6508.786750536,10075.0,-10.0
6508.796915104,10075.0,-10.0
6508.806891090,10075.0,-10.0
6508.817325322,10075.0,-10.0
6508.828406130,10075.0,-10.0
6508.838014287,10075.0,-10.0
6508.847480778,10075.0,-10.0
6508.858387588,10075.0,-10.0
6508.867936412,10075.0,-10.0
6508.877186822,10075.0,-10.0
6508.887613304,10075.0,-10.0
6508.898371116,10075.0,-10.0
6508.908561516,10075.0,-10.0
6508.919170330,10075.0,-10.0
6508.952643171,10075.0,-10.0
6508.952813002,10075.0,-10.0
6508.952851252,10075.0,-10.0
6508.959363522,10075.0,-10.0
6508.969476340,10075.0,-10.0
6508.980771397,10075.0,-10.0
6508.989190898,10075.0,-10.0
6509.003636674,10075.0,-10.0
6509.009215120,10075.0,-10.0
6509.019520686,10075.0,-10.0
6509.029814752,10075.0,-10.0
6509.039378243,10075.0,-10.0
6509.049832474,10075.0,-10.0
6509.067062806,10075.0,-10.0
6509.071628845,10075.0,-10.0
6509.082349991,10075.0,-10.0
6509.093093386,10075.0,-10.0
6509.102143382,10075.0,-10.0
6509.112464531,10075.0,-10.0
6509.122913846,10075.0,-10.0
6509.139016439,10075.0,-10.0
6509.144673301,10075.0,-10.0
6509.154944284,10075.0,-10.0
6509.164213360,10075.0,-10.0
6509.174886090,10075.0,-10.0
6509.186091897,10075.0,-10.0
6509.196667628,10075.0,-10.0
6509.206797362,10075.0,-10.0
6509.216387686,10075.0,-10.0
6509.226527420,10075.0,-10.0
6509.237002568,10075.0,-10.0
6509.246445560,10075.0,-10.0
6509.256298380,10075.0,-10.0
6509.266443698,10075.0,-10.0
6509.277702589,10075.0,-10.0
6509.286812583,10075.0,-10.0
6509.296582988,10075.0,-10.0
6509.307460549,10075.0,-10.0
6509.321011084,10075.0,-10.0
6509.327077608,10075.0,-10.0
6509.337751754,10075.0,-10.0
6509.348075153,10075.0,-10.0
6509.357717226,10075.0,-10.0
6509.367947877,10075.0,-10.0
6509.378233860,10075.0,-10.0
6509.387339938,10075.0,-10.0
6509.403421531,10075.0,-10.0
6509.409168142,10075.0,-10.0
6509.417307979,10075.0,-10.0
6509.427475047,10075.0,-10.0
6509.438098527,10075.0,-10.0
6509.448105929,10075.0,-10.0
6509.457439839,10075.0,-10.0
6509.468031485,10075.0,-10.0
6509.480921277,10075.0,-10.0
6509.489426277,10075.0,-10.0
6509.499629178,9780.0,-10.0
6509.508546758,9780.0,-10.0
6509.518844657,9780.0,-10.0
6509.528231733,9780.0,-10.0
6509.539805203,9780.0,0.0
6509.549636691,9780.0,0.0
6509.558185858,9780.0,0.0
6509.568513674,9780.0,0.0
6509.579770314,9780.0,0.0
6509.596591317,9780.0,0.0
6509.610110769,9780.0,0.0
6509.610156601,9780.0,0.0
6509.620070505,9780.0,0.0
6509.630034908,9780.0,0.0
6509.639190819,9780.0,0.0
6509.653693261,9780.0,0.0
6509.659727869,9780.0,0.0
6509.672122331,9780.0,0.0
6509.681457324,9780.0,0.0
6509.692306052,9780.0,0.0
6509.700246891,9780.0,0.0
6509.711465448,9780.0,0.0
6509.721990513,9780.0,0.0
6509.744016798,9780.0,0.0
6509.744050048,9780.0,0.0
6509.752254968,9780.0,0.0
6509.761653710,9780.0,0.0
6509.772625103,9780.0,0.0
6509.782630005,9780.0,0.0
6509.792979821,9780.0,0.0
6509.805438117,9780.0,0.0
6509.813867951,9780.0,0.0
6509.823816104,9780.0,0.0
6509.834467834,9780.0,0.0
6509.844591569,9780.0,0.0
6509.854231475,9780.0,0.0
6509.864272960,9780.0,0.0
6509.874146948,9780.0,0.0
6509.884518680,9780.0,0.0
6509.893446176,9780.0,0.0
6509.903698493,9780.0,0.0
6509.914517388,9780.0,0.0
6509.931286308,9780.0,0.0
6509.934331945,9780.0,0.0
6509.943892685,9780.0,0.0
6509.954543415,9780.0,0.0
6509.964638816,9780.0,0.0
6509.973786894,9780.0,0.0
6510.000394052,9780.0,0.0
6510.002339699,9780.0,0.0
6510.004806009,9780.0,0.0
6510.014804578,9780.0,-10.0
6510.025279309,9780.0,-10.0
6510.034711801,9780.0,-10.0
6510.045465613,9780.0,-10.0
6510.054011613,9780.0,-10.0
6510.077330219,9780.0,-10.0
6510.077452218,9780.0,-10.0
6510.085461640,9780.0,-10.0
6510.095051047,9780.0,-10.0
6510.105827108,9780.0,-10.0
6510.114583606,9780.0,-10.0
6510.138317875,9780.0,-10.0
6510.138631539,9780.0,-10.0
6510.144659980,9780.0,-10.0
6510.154571884,9780.0,-10.0
6510.165651026,9780.0,-10.0
6510.174345691,9780.0,-10.0
6510.185085253,9780.0,-10.0
6510.198208209,9780.0,-10.0
6510.204100068,9780.0,-10.0
6510.214599549,9780.0,-10.0
6510.224568619,9780.0,-10.0
6510.234949184,9780.0,-10.0
6510.243951013,9780.0,-10.0
6510.254175080,9780.0,-10.0
6510.264604562,9780.0,-10.0
6510.274546715,9780.0,-10.0
6510.284767783,9780.0,-10.0
6510.293897444,9780.0,-10.0
6510.304653006,9780.0,-10.0
6510.314749741,9780.0,-10.0
6510.324814559,9780.0,0.0
6510.334086386,9780.0,0.0
6510.344801531,9780.0,0.0
6510.355786591,9780.0,0.0
6510.364890502,9780.0,0.0
6510.374671407,9780.0,0.0
6510.384768476,9780.0,0.0
6510.398874255,9780.0,0.0
6510.408082748,9780.0,0.0
6510.417602739,9780.0,0.0
6510.427906472,9780.0,0.0
6510.438074373,9780.0,0.0
6510.447703279,9780.0,0.0
6510.459285500,9780.0,0.0
6510.491198106,9780.0,0.0
6510.491321605,9780.0,0.0
6510.491442687,9780.0,0.0
6510.499784439,9780.0,0.0
6510.509090682,9780.0,0.0
6510.519590246,9780.0,0.0
6510.533098115,9780.0,0.0
6510.539022057,9780.0,0.0
6510.550143615,9780.0,0.0
6510.559494024,9780.0,0.0
6510.569621842,9780.0,0.0
6510.581172980,9780.0,0.0
6510.589511315,9780.0,0.0
6510.599732549,9780.0,0.0
6510.609956366,9780.0,0.0
6510.620061268,9780.0,0.0
6510.630009338,9780.0,0.0
6510.640585151,9780.0,0.0
6510.650652303,9780.0,0.0
6510.660717539,9780.0,0.0
6510.670118364,9780.0,0.0
6510.680277598,9780.0,0.0
6510.691427406,9780.0,0.0
6510.699978073,9780.0,0.0
6510.710727052,9780.0,0.0
6510.727268474,9780.0,0.0
6510.731390184,9780.0,0.0
6510.740893341,9780.0,0.0
6510.750581747,9780.0,0.0
6510.761135727,9780.0,0.0
6510.770547302,9780.0,0.0
6510.780859535,9780.0,0.0
6510.790314110,9780.0,0.0
6510.803271150,9780.0,0.0
6510.809948919,9780.0,0.0
6510.820898895,9780.0,0.0
6510.830086223,9780.0,0.0
6510.840282957,9780.0,0.0
6510.851095601,9780.0,0.0
6510.870103916,9780.0,0.0
6510.870906492,9780.0,0.0
6510.880700813,9780.0,0.0
6510.891021796,9780.0,0.0
6510.901703442,9780.0,0.0
6510.911835260,9780.0,0.0
6510.921849079,9780.0,0.0
6510.935278448,9780.0,0.0
6510.941543137,9780.0,0.0
6510.953789518,9780.0,0.0
6510.961581359,9780.0,0.0
6510.971834842,9780.0,0.0
6510.987424774,9780.0,0.0
6510.994044709,9780.0,0.0
6511.004239194,9780.0,0.0
6511.014710258,9780.0,0.0
6511.024540746,9780.0,0.0
6511.035121059,9780.0,0.0
6511.045407376,9780.0,0.0
6511.055598360,9780.0,0.0
6511.066208007,8980.0,0.0
6511.076410574,8980.0,0.0
6511.086400310,8980.0,0.0
6511.096716626,8980.0,0.0
6511.106018786,8980.0,0.0
6511.116177020,8980.0,0.0
6511.126451337,8980.0,0.0
6511.137110983,8980.0,0.0
6511.146906138,8980.0,0.0
6511.161143832,8980.0,0.0
6511.169622000,8980.0,0.0
6511.180131647,8980.0,0.0
6511.192940106,8980.0,0.0
6511.207970626,8980.0,10.0
6511.213276241,8980.0,10.0
6511.227439353,8980.0,10.0
6511.233906374,8980.0,10.0
6511.242806371,8980.0,10.0
6511.253403934,8980.0,10.0
6511.263938165,8980.0,10.0
6511.274072649,8980.0,10.0
6511.283896804,8980.0,10.0
6511.293079798,8980.0,10.0
6511.303292198,8980.0,10.0
6511.313573848,8980.0,10.0
6511.323811248,8980.0,10.0
6511.332938160,8980.0,10.0
6511.343775804,8980.0,10.0
6511.356827344,9780.0,10.0
6511.366186419,9780.0,10.0
6511.375371413,9780.0,10.0
6511.391884336,9780.0,10.0
6511.395049138,9780.0,10.0
6511.405540036,9780.0,10.0
6511.415944851,9780.0,10.0
6511.425012346,9780.0,10.0
6511.436191821,9780.0,10.0
6511.447595293,9780.0,10.0
6511.458218273,9780.0,10.0
6511.466886939,9780.0,10.0
6511.476600761,9780.0,10.0
6511.486615330,9780.0,10.0
6511.496423818,9780.0,0.0
6511.507023798,9780.0,0.0
6511.515864878,9780.0,0.0
6511.526156195,9780.0,0.0
6511.536427095,9780.0,0.0
6511.547341072,9780.0,0.0
6511.556202486,9780.0,0.0
6511.566432553,9780.0,0.0
6511.576553787,9780.0,0.0
6511.587282266,9780.0,0.0
6511.597893913,9780.0,0.0
6511.607038074,9780.0,0.0
6511.617505805,9780.0,0.0
6511.628773696,9780.0,0.0
6511.637431195,9780.0,0.0
6511.647370514,10580.0,0.0
6511.660116807,10580.0,0.0
6511.671130616,10580.0,0.0
6511.680090946,10580.0,0.0
6511.690507594,10580.0,0.0
6511.700849744,10580.0,0.0
6511.710138903,10580.0,0.0
6511.727717982,10580.0,0.0
6511.733268261,10580.0,0.0
6511.742562254,10580.0,0.0
6511.753688729,10580.0,0.0
6511.763307719,10580.0,0.0
6511.772401047,10580.0,0.0
6511.790260540,10580.0,0.0
6511.794875078,10580.0,0.0
6511.802287173,10580.0,0.0
6511.812966735,10580.0,0.0
6511.824220876,10580.0,0.0
6511.833927865,10580.0,-10.0
6511.843636603,10580.0,-10.0
6511.856103565,10580.0,-10.0
6511.866374965,10580.0,-10.0
6511.873382064,10580.0,-10.0
6511.883619214,10580.0,-10.0
6511.893853281,10580.0,-10.0
6511.904197680,10580.0,-10.0
6511.914421331,10580.0,-10.0
6511.924856146,10580.0,-10.0
6511.934263804,10580.0,-10.0
6511.944825701,10075.0,-10.0
6511.954906270,10075.0,-10.0
6511.964909672,10075.0,-10.0
6511.975036991,10075.0,-10.0
6511.985506555,10075.0,-10.0
6511.995446708,10075.0,-10.0
6512.005559443,10075.0,-10.0
6512.015991508,10075.0,-10.0
6512.026620905,10075.0,-10.0
6512.036682224,10075.0,-10.0
6512.047085289,10075.0,-10.0
6512.057446355,10075.0,-10.0
6512.067821004,9780.0,0.0
6512.077186579,9780.0,0.0
6512.089454293,9780.0,0.0
6512.098472622,9780.0,0.0
6512.107991363,9780.0,0.0
6512.118342678,9780.0,0.0
6512.131058305,9780.0,0.0
6512.137716906,9780.0,0.0
6512.147800475,9780.0,0.0
6512.157290049,9780.0,0.0
6512.167407784,9780.0,0.0
6512.177852516,9780.0,0.0
6512.188155499,9780.0,0.0
6512.197450241,9780.0,0.0
6512.208593050,9780.0,0.0
6512.216910385,9780.0,0.0
6512.227222618,9780.0,0.0
6512.237534101,9780.0,0.0
6512.249300237,9780.0,0.0
6512.257319742,9780.0,0.0
6512.268471467,9780.0,0.0
6512.278949031,9780.0,0.0
6512.288132608,9780.0,0.0
6512.299144668,9780.0,0.0
6512.309090071,9780.0,0.0
6512.318379647,9780.0,0.0
6512.328846129,9780.0,0.0
6512.339275944,9780.0,0.0
6512.348108274,9780.0,0.0
6512.359206083,9780.0,0.0
6512.368951822,9780.0,0.0
6512.378188482,9780.0,0.0
6512.395620562,9780.0,0.0
6512.399584023,9780.0,0.0
6512.408587102,9780.0,0.0
6512.418184175,9780.0,0.0
6512.430173059,9780.0,0.0
6512.438412312,9780.0,0.0
6512.449454954,9780.0,0.0
6512.470852079,9780.0,0.0
6512.475879030,9780.0,0.0
6512.486541093,9780.0,-10.0
6512.496608912,9780.0,-10.0
6512.506420983,9780.0,-10.0
6512.517872621,9780.0,-10.0
6512.542281634,9780.0,-10.0
6512.542310383,9780.0,-10.0
6512.549314149,9780.0,-10.0
6512.559355134,9780.0,-10.0
6512.568111549,10580.0,-10.0
6512.578617197,10580.0,-10.0
6512.589321259,10580.0,-10.0
6512.597829843,10580.0,-10.0
6512.609065817,10580.0,-10.0
6512.620385623,10580.0,-10.0
6512.629744949,10580.0,-10.0
6512.640208264,10580.0,-10.0
6512.650796994,10580.0,-10.0
6512.660452066,10580.0,-10.0
6512.670900215,10580.0,-10.0
6512.681988690,10580.0,-10.0
6512.691521597,10580.0,-10.0
6512.701946329,10580.0,-10.0
6512.711436153,10580.0,-10.0
6512.721711053,10580.0,-10.0
6512.751389764,10580.0,-10.0
6512.751510846,10580.0,-10.0
6512.753603826,9780.0,0.0
6512.765184880,9780.0,0.0
6512.775585029,9780.0,0.0
6512.785694680,9780.0,0.0
6512.795711749,9780.0,0.0
6512.806922890,9780.0,0.0
6512.816780378,9780.0,0.0
6512.826461867,9780.0,0.0
6512.836669017,9780.0,0.0
6512.846387339,9780.0,0.0
6512.858610470,9780.0,0.0
6512.869741862,9780.0,0.0
6512.877108290,9780.0,0.0
6512.887447523,9780.0,0.0
6512.897717256,9780.0,0.0
6512.906814918,9780.0,0.0
6512.918384305,9780.0,0.0
6512.929313365,9780.0,0.0
6512.938259778,9780.0,0.0
6512.948678343,9780.0,0.0
6512.959898317,9780.0,0.0
6512.970032302,9780.0,0.0
6512.980499783,9780.0,0.0
6512.989805776,9780.0,0.0
6513.003079813,9780.0,0.0
6513.010626240,9780.0,0.0
6513.019912733,9780.0,0.0
6513.030304798,9780.0,0.0
6513.039620458,9780.0,0.0
6513.054945308,9780.0,0.0
6513.065780370,9780.0,0.0
6513.071712729,9780.0,0.0
6513.082549373,9780.0,0.0
6513.091275788,9780.0,0.0
6513.100672197,9780.0,0.0
6513.114088816,9780.0,0.0
6513.139869565,9780.0,0.0
6513.140130646,9780.0,0.0
6513.146949163,9780.0,0.0
6513.157093314,9780.0,0.0
6513.168649951,9780.0,0.0
6513.176408209,9780.0,0.0
6513.188435259,9780.0,0.0
6513.213298600,9780.0,0.0
6513.213401432,9780.0,0.0
6513.216658900,9780.0,0.0
6513.227898708,9780.0,0.0
6513.238014443,9780.0,0.0
6513.248416925,9780.0,0.0
6513.264279603,9780.0,0.0
6513.269803050,9780.0,0.0
6513.278748213,9780.0,0.0
6513.289258860,9780.0,0.0
6513.298644102,9780.0,0.0
6513.308487590,9780.0,0.0
6513.319063237,9780.0,0.0
6513.328178231,9780.0,0.0
6513.338595046,9780.0,0.0
6513.349546690,9780.0,0.0
6513.358623018,9780.0,0.0
6513.368727503,9780.0,0.0
6513.377884831,9780.0,0.0
6513.388829057,9780.0,0.0
6513.398957792,9780.0,0.0
6513.409113526,9780.0,0.0
6513.421642321,9780.0,0.0
6513.429321746,9780.0,0.0
6513.439385982,9780.0,0.0
6513.449971629,9780.0,0.0
6513.460174279,9780.0,0.0
6513.473044821,9780.0,0.0
6513.483946631,9780.0,0.0
6513.492447465,9780.0,0.0
6513.502907530,9780.0,0.0
6513.516551314,9780.0,0.0
6513.537323611,9780.0,0.0
6513.537397694,9780.0,0.0
6513.546617771,9780.0,0.0
6513.556724256,9780.0,-10.0
6513.566561993,9780.0,-10.0
6513.576983059,9780.0,-10.0
6513.586957295,9780.0,-10.0
6513.611037810,9780.0,-10.0
6513.611080643,9780.0,0.0
6513.617009835,9780.0,0.0
6513.627029488,9780.0,0.0
6513.637137306,9780.0,0.0
6513.648345280,9780.0,0.0
6513.672206548,9780.0,0.0
6513.672255881,9780.0,0.0
6513.679052731,9780.0,0.0
6513.689342714,9780.0,0.0
6513.699552948,9780.0,0.0
6513.709689516,9780.0,0.0
6513.723613881,9780.0,0.0
6513.741092544,9780.0,0.0
6513.743887350,9780.0,0.0
6513.753093844,9780.0,0.0
6513.761447429,9780.0,0.0
6513.771689496,9780.0,0.0
6513.784518121,9780.0,0.0
6513.793704282,9780.0,0.0
6513.818974869,9780.0,0.0
6513.819021368,9780.0,0.0
6513.824874061,9780.0,0.0
6513.834219387,9780.0,0.0
6513.844092208,9780.0,0.0
6513.854407774,9780.0,0.0
6513.867629895,9780.0,0.0
6513.874433412,9780.0,0.0
6513.884487481,9780.0,0.0
6513.894861380,9780.0,0.0
6513.905242195,9780.0,0.0
6513.916154256,9780.0,0.0
6513.930700281,9780.0,0.0
6513.935258153,9780.0,0.0
6513.945520220,9780.0,0.0
6513.955565622,9780.0,0.0
6513.966865429,9780.0,0.0
6513.976077339,9780.0,0.0
6513.986636653,9780.0,0.0
6513.996673139,9780.0,0.0
6514.006211296,9780.0,0.0
6514.016250031,9780.0,0.0
6514.026792512,9780.0,0.0
6514.036788998,9780.0,0.0
6514.045957575,9780.0,0.0
6514.056316974,9780.0,0.0
6514.066755456,9780.0,0.0
6514.076964940,9780.0,0.0
6514.085866853,9780.0,0.0
6514.096097254,9780.0,0.0
6514.106316154,9780.0,0.0
6514.116597137,9780.0,0.0
6514.127931194,9780.0,0.0
6514.136312362,9780.0,0.0
6514.147106924,9780.0,0.0
6514.157930318,9780.0,0.0
6514.168134969,9780.0,0.0
6514.178328620,9780.0,0.0
6514.201563060,9780.0,0.0
6514.201606310,9780.0,0.0
6514.208092247,9780.0,0.0
6514.218372563,9780.0,0.0
6514.229244791,9780.0,0.0
6514.238621866,9780.0,0.0
6514.249082597,9780.0,0.0
6514.265232773,9780.0,0.0
6514.270025810,9780.0,0.0
6514.279397219,9780.0,0.0
6514.289655202,9780.0,0.0
6514.299641855,9780.0,0.0
6514.309353927,9780.0,0.0
6514.319198248,9780.0,0.0
6514.329395315,9780.0,0.0
6514.340026379,9780.0,0.0
6514.348931208,9780.0,0.0
6514.359170942,9780.0,0.0
6514.370068169,9780.0,0.0
6514.379683492,9780.0,0.0
6514.389798311,9780.0,0.0
6514.400188543,9780.0,0.0
6514.410365110,9780.0,0.0
6514.420523011,9780.0,0.0
6514.431280407,9780.0,0.0
6514.440019738,9780.0,0.0
6514.450514803,9780.0,0.0
6514.460800036,9780.0,0.0
6514.469967947,9780.0,0.0
6514.480375345,9780.0,0.0
6514.490612496,9780.0,0.0
6514.500849729,9780.0,0.0
6514.510127639,9780.0,0.0
6514.527498386,9780.0,0.0
6514.534985563,9780.0,0.0
6514.545180131,9780.0,0.0
6514.554657789,9780.0,0.0
6514.565810847,9780.0,0.0
6514.575367837,9780.0,0.0
6514.585901234,9780.0,0.0
6514.602571155,9780.0,0.0
6514.610018833,9780.0,0.0
6514.617266096,9780.0,0.0
6514.626745420,9780.0,0.0
6514.636665740,9780.0,0.0
6514.647309720,9780.0,0.0
6514.659714932,9780.0,0.0
6514.668343765,9780.0,0.0
6514.678416917,9780.0,0.0
6514.688417319,9780.0,0.0
6514.697484731,9780.0,0.0
6514.707616133,9780.0,0.0
6514.722098658,9780.0,0.0
6514.733030135,9780.0,0.0
6514.738833829,9780.0,0.0
6514.748192821,9780.0,0.0
6514.758901966,9780.0,0.0
6514.768887536,9780.0,0.0
6514.781053001,9780.0,0.0
6514.789102756,9780.0,0.0
6514.799350823,9780.0,0.0
6514.812768359,9780.0,0.0
6514.819865956,9780.0,0.0
6514.830410270,9780.0,0.0
6514.840753003,9780.0,0.0
6514.851766646,9780.0,0.0
6514.862275960,9780.0,0.0
6514.873122438,9780.0,0.0
6514.883054258,9780.0,0.0
6514.892726497,9780.0,0.0
6514.902851231,9780.0,0.0
6514.912207974,9780.0,0.0
6514.922390708,9780.0,0.0
6514.932707607,9780.0,0.0
6514.943165839,9780.0,0.0
6514.952199418,9780.0,0.0
6514.962648816,9780.0,0.0
6514.972905133,9780.0,0.0
6514.982517206,9780.0,0.0
6514.992579858,9780.0,0.0
6515.004007080,9780.0,0.0
6515.012403581,9780.0,0.0
6515.022573232,9780.0,0.0
6515.032518969,9780.0,0.0
6515.042744536,9780.0,0.0
6515.052755772,9780.0,0.0
6515.062105347,9780.0,0.0
6515.072384581,9780.0,0.0
6515.082952394,9780.0,0.0
6515.092602884,9780.0,0.0
6515.101970043,9780.0,0.0
6515.112203026,9780.0,0.0
6515.122536092,9780.0,0.0
6515.133516319,9780.0,0.0
6515.143070059,9780.0,0.0
6515.153323293,9780.0,0.0
6515.162614619,9780.0,0.0
6515.172883519,9780.0,0.0
6515.200398834,9780.0,0.0
6515.200434584,9780.0,0.0
6515.206855771,9780.0,0.0
6515.212822713,9780.0,0.0
6515.222232705,9780.0,0.0
6515.232578771,9780.0,0.0
6515.242870337,9780.0,0.0
6515.252258996,9780.0,0.0
6515.264663875,9780.0,0.0
6515.273035293,9780.0,0.0
6515.283555774,9780.0,0.0
6515.293495428,9780.0,0.0
6515.303289666,9780.0,0.0
6515.313642898,9780.0,0.0
6515.324484043,9780.0,0.0
6515.336381343,9780.0,0.0
6515.343732022,9780.0,0.0
6515.353413761,9780.0,0.0
6515.363055917,9780.0,0.0
6515.373219151,9780.0,0.0
6515.383556967,9780.0,0.0
6515.393828784,9780.0,0.0
6515.402841280,9780.0,0.0
6515.413866172,9780.0,0.0
6515.423598827,9780.0,0.0
6515.433712396,9780.0,0.0
6515.448713500,9780.0,0.0
6515.458860317,9780.0,0.0
6515.468716971,9780.0,0.0
6515.478837373,9780.0,0.0
6515.488336530,9780.0,0.0
6515.498586181,9780.0,0.0
6515.508692415,9780.0,0.0
6515.518939649,9780.0,0.0
6515.535764069,9780.0,0.0
6515.542781084,9780.0,0.0
6515.552244075,9780.0,0.0
6515.562430059,9780.0,0.0
6515.572703542,9780.0,0.0
6515.601281847,9780.0,0.0
6515.601323180,9780.0,0.0
6515.610636006,9780.0,0.0
6515.619529503,9780.0,0.0
6515.630408730,9780.0,0.0
6515.639376143,9780.0,0.0
6515.651208528,9780.0,0.0
6515.680588325,9780.0,0.0
6515.680725574,9780.0,0.0
6515.683652879,9780.0,0.0
6515.694474190,9780.0,0.0
6515.703369353,9780.0,0.0
6515.715636484,9780.0,0.0
6515.734010638,9780.0,0.0
6515.735899703,9780.0,0.0
6515.745276612,9780.0,0.0
6515.756057423,9780.0,0.0
6515.765950744,9780.0,0.0
6515.776391309,9780.0,0.0
6515.789532014,9780.0,0.0
6515.799880497,9780.0,0.0
6515.807077760,9780.0,0.0
6515.817212245,9780.0,0.0
6515.827126815,9780.0,0.0
6515.837526297,9780.0,0.0
6515.847479367,9780.0,0.0
6515.857753517,9780.0,0.0
6515.870067563,9780.0,0.0
6515.880286380,9780.0,0.0
6515.888452051,9780.0,0.0
6515.899092864,9780.0,0.0
6515.908557272,9780.0,0.0
6516.049216569,9780.0,0.0
6516.049264485,9780.0,0.0
6516.058398813,9780.0,0.0
6516.069114042,9780.0,0.0
6516.079019445,9780.0,0.0
6516.088356604,9780.0,0.0
6516.098881835,9780.0,0.0
6516.108878988,9780.0,0.0
6516.128669545,9780.0,0.0
6516.136074473,9780.0,0.0
6516.142449328,9780.0,0.0
6516.149682007,9780.0,0.0
6516.160185405,9780.0,0.0
6516.169510064,9780.0,0.0
6516.180175710,9780.0,0.0
6516.190142863,9780.0,0.0
6516.209380676,9780.0,0.0
6516.211676820,9780.0,0.0
6516.220510901,9780.0,0.0
6516.229775144,9780.0,0.0
6516.239864212,9780.0,0.0
6516.249349287,9780.0,0.0
6516.260052766,9780.0,0.0
6516.269184760,9780.0,0.0
6516.279374578,9780.0,0.0
6516.289455730,9780.0,0.0
6516.300074876,9780.0,0.0
6516.308962123,9780.0,0.0
6516.319104358,9780.0,0.0
6516.329964085,9780.0,0.0
6516.339659907,9780.0,0.0
6516.350102139,9780.0,0.0
6516.360465871,9780.0,0.0
6516.370259693,9780.0,0.0
6516.380481593,9780.0,0.0
6516.390923325,9780.0,0.0
6516.400928477,9780.0,0.0
6516.410762632,9780.0,0.0
6516.422200937,9780.0,0.0
6516.432584503,9780.0,0.0
6516.441344751,9780.0,0.0
6516.453346134,9780.0,0.0
6516.462178964,9780.0,0.0
6516.485769485,9780.0,0.0
6516.485816318,9780.0,0.0
6516.495503640,9780.0,0.0
6516.504857299,9780.0,0.0
6516.514226624,9780.0,0.0
6516.524880521,9780.0,0.0
6516.535658832,9780.0,0.0
6516.553332410,9780.0,0.0
6516.557911532,9780.0,0.0
6516.568855676,9780.0,0.0
6516.577363259,9780.0,0.0
6516.588599733,9780.0,0.0
6516.618367860,9780.0,0.0
6516.618473693,9780.0,0.0
6516.618595608,9780.0,0.0
6516.631303734,9780.0,0.0
6516.639838818,9780.0,0.0
6516.650319299,9780.0,0.0
6516.665629650,9780.0,0.0
6516.673371325,9780.0,0.0
6516.679510598,9780.0,0.0
6516.690118245,9780.0,0.0
6516.700156147,9780.0,0.0
6516.709903636,9780.0,0.0
6516.720434700,9780.0,0.0
6516.730721433,9780.0,0.0
6516.740789251,9780.0,0.0
6516.751034652,9780.0,0.0
6516.760404310,9780.0,0.0
6516.770157799,9780.0,0.0
6516.782023017,9780.0,0.0
6516.791005263,9780.0,0.0
6516.800355588,9780.0,0.0
6516.811542813,9780.0,0.0
6516.823151033,9780.0,0.0
6516.830894124,9780.0,0.0
6516.840220700,9780.0,0.0
6516.850551933,9780.0,0.0
6516.861783657,9780.0,0.0
6516.869945994,9780.0,0.0
6516.881291800,9780.0,0.0
6516.891175954,9780.0,0.0
6516.901274689,9780.0,0.0
6516.911601755,9780.0,0.0
6516.926137447,9780.0,0.0
6516.931217731,9780.0,0.0
6516.942224457,9780.0,0.0
6516.951386034,9780.0,0.0
6516.961638601,9780.0,0.0
6516.972503912,9780.0,0.0