%time,field.velocity,field.angle
6537.623614908,9780.0,0.0
6537.632511489,9780.0,0.0
6537.642611973,9780.0,0.0
6537.654632440,9780.0,0.0
6537.667027319,9780.0,0.0
6537.676183563,9780.0,0.0
6537.686533962,9780.0,0.0
6537.700411744,9780.0,0.0
6537.705493195,9780.0,0.0
6537.716403755,9780.0,0.0
6537.725987662,9780.0,0.0
6537.737017138,9780.0,0.0
6537.749611182,9780.0,0.0
6537.757152608,9780.0,0.0
6537.766421351,9780.0,0.0
6537.776776584,9780.0,0.0
6537.788334138,9780.0,0.0
6537.798566038,9780.0,0.0
6537.808807689,9780.0,0.0
6537.817694435,9780.0,0.0
6537.828948492,9780.0,0.0
6537.837483243,9780.0,0.0
6537.848254721,9780.0,0.0
6537.859563778,9780.0,0.0
6537.872165572,9780.0,0.0
6537.880473324,9780.0,0.0
6537.889347238,9780.0,0.0
6537.898127569,9780.0,0.0
6537.908926880,9780.0,0.0
6537.923666320,9780.0,0.0
6537.929953342,9780.0,0.0
6537.939340501,9780.0,0.0
6537.949687483,9780.0,0.0
6537.960282297,9780.0,0.0
6537.969667955,9780.0,0.0
6537.980284602,9780.0,0.0
6537.991515493,9780.0,0.0
6537.999584581,9780.0,0.0
6538.009678149,9780.0,0.0
6538.018857393,9780.0,0.0
6538.029146960,9780.0,0.0
6538.039761690,9780.0,0.0
6538.049148098,9780.0,0.0
6538.059190750,9780.0,0.0
6538.069528066,9780.0,0.0
6538.079778800,9780.0,0.0
6538.089729870,9780.0,0.0
6538.099226527,9780.0,0.0
6538.109238763,9780.0,0.0
6538.119673662,9780.0,0.0
6538.131712128,9780.0,0.0
6538.139438969,9780.0,0.0
6538.150785609,9780.0,0.0
6538.159987102,9780.0,0.0
6538.170315835,9780.0,0.0
6538.186183847,9780.0,0.0
6538.190223308,9780.0,0.0
6538.200477875,9780.0,0.0
6538.209889866,9780.0,0.0
6538.221430254,9780.0,0.0
6538.230964828,9780.0,0.0
6538.239990990,9780.0,0.0
6538.259195970,9780.0,0.0
6538.261856027,9780.0,0.0
6538.270964688,9780.0,0.0
6538.281134256,9780.0,0.0
6538.289967170,9780.0,0.0
6538.300074238,9780.0,0.0
6538.310868216,9780.0,0.0
6538.320865786,9780.0,0.0
6538.329912948,9780.0,0.0
6538.340273930,9780.0,0.0
6538.350366499,9780.0,0.0
6538.360519316,9780.0,0.0
6538.370815549,9780.0,0.0
6538.380083709,9780.0,0.0
6538.390239110,9780.0,0.0
6538.400522843,9780.0,0.0
6538.410713328,9780.0,0.0
6538.420167485,9780.0,0.0
6538.430929214,9780.0,0.0
6538.441597360,9780.0,0.0
6538.460356427,9780.0,0.0
6538.462347908,9780.0,0.0
6538.471194239,9780.0,0.0
6538.481845385,9780.0,0.0
6538.492091368,9780.0,0.0
6538.502280353,9780.0,0.0
6538.512044758,9780.0,0.0
6538.524793383,9780.0,0.0
6538.531886731,9780.0,0.0
6538.541537637,9780.0,0.0
6538.554937007,9780.0,0.0
6538.562077770,9780.0,0.0
6538.571184765,9780.0,0.0
6538.583318564,9780.0,0.0
6538.591637066,9780.0,0.0
6538.602301129,9780.0,0.0
6538.612092283,9780.0,0.0
6538.621123445,9780.0,0.0
6538.631788092,9780.0,0.0
6538.641642579,9780.0,0.0
6538.663516533,9780.0,0.0
6538.664397857,9780.0,0.0
6538.675548082,9780.0,0.0
6538.685534735,9780.0,0.0
6538.695231724,9780.0,0.0
6538.705526790,9780.0,0.0
6538.715818357,9780.0,0.0
6538.724976017,9780.0,0.0
6538.735222751,9780.0,0.0
6538.745899314,9780.0,0.0
6538.755820800,9780.0,0.0
6538.765359541,9780.0,0.0
6538.775873272,9780.0,0.0
6538.786123505,9780.0,0.0
6538.795422248,9780.0,0.0
6538.807507797,9780.0,0.0
6538.817718281,9780.0,0.0
6538.827295938,9780.0,0.0
6538.837969001,9780.0,0.0
6538.853888346,9780.0,0.0
6538.859290793,9780.0,0.0
6538.874430812,9780.0,0.0
6538.878161276,9780.0,0.0
6538.888774506,9780.0,0.0
6538.898874491,9780.0,0.0
6538.907848320,9780.0,0.0
6538.918172720,9780.0,0.0
6538.929402194,9780.0,0.0
6538.939306930,9780.0,0.0
6538.949213334,9780.0,0.0
6538.959436068,9780.0,0.0
6538.969640885,9780.0,0.0
6538.978900962,9780.0,0.0
6538.991023677,9780.0,0.0
6538.999530427,9780.0,0.0
6539.008866253,9780.0,0.0
6539.019576566,9780.0,0.0
6539.029958381,9780.0,0.0
6539.039106375,9780.0,0.0
6539.056542122,9780.0,0.0
6539.063286973,9780.0,0.0
6539.074084368,9780.0,0.0
6539.084312518,9780.0,0.0
6539.094565919,9780.0,0.0
6539.105340230,9780.0,0.0
6539.114797555,9780.0,0.0
6539.126984686,9780.0,0.0
6539.138100245,9780.0,0.0
6539.146940242,9780.0,0.0
6539.156610481,9780.0,0.0
6539.168403783,9780.0,0.0
6539.177168531,9780.0,0.0
6539.187930093,9780.0,0.0
6539.199406148,9780.0,0.0
6539.208569475,9780.0,0.0
6539.218573211,9780.0,0.0
6539.229107025,9780.0,0.0
6539.238264519,9780.0,0.0
6539.248501670,9780.0,0.0
6539.260837800,9780.0,0.0
6539.268741723,9780.0,0.0
6539.278478461,9780.0,0.0
6539.289143941,9780.0,0.0
6539.298092020,9780.0,0.0
6539.308430920,9780.0,0.0
6539.326140664,9780.0,0.0
6539.329489464,9780.0,0.0
6539.339444201,9780.0,0.0
6539.350347345,9780.0,0.0
6539.359484256,9780.0,0.0
6539.370581814,9780.0,0.0
6539.384573428,9780.0,0.0
6539.399899279,9780.0,0.0
6539.402090424,9780.0,0.0
6539.412605155,9780.0,0.0
6539.421881231,9780.0,0.0
6539.432053049,9780.0,0.0
6539.441834287,9780.0,0.0
6539.455558737,9780.0,0.0
6539.461566012,9780.0,0.0
6539.471881661,9780.0,0.0
6539.481845981,9780.0,0.0
6539.491967716,9780.0,0.0
6539.502409197,9780.0,0.0
6539.514469913,9780.0,0.0
6539.521978173,9780.0,0.0
6539.533217314,9780.0,0.0
6539.542848970,9780.0,0.0
6539.552655458,9780.0,0.0
6539.562127366,9780.0,0.0
6539.572326683,9780.0,0.0
6539.582752832,9780.0,0.0
6539.593333812,9780.0,0.0
6539.602147643,9780.0,0.0
6539.612400626,9780.0,0.0
6539.623062439,9780.0,0.0
6539.632092518,9780.0,0.0
6539.642328668,9780.0,0.0
6539.655242626,9780.0,0.0
6539.665056114,9780.0,0.0
6539.672200127,10580.0,0.0
6539.682512027,10580.0,0.0
6539.693158423,10580.0,0.0
6539.702474749,10580.0,0.0
6539.712682733,10580.0,0.0
6539.725324027,10580.0,0.0
6539.733686445,10580.0,0.0
6539.744114677,10580.0,0.0
6539.754555992,10580.0,0.0
6539.765132306,10580.0,0.0
6539.775412706,10580.0,0.0
6539.790070980,10580.0,0.0
6539.796065338,10580.0,0.0
6539.806577652,10580.0,0.0
6539.816664637,10580.0,0.0
6539.826852205,10580.0,0.0
6539.836594027,10580.0,0.0
6539.860004215,10580.0,0.0
6539.860038965,10580.0,0.0
6539.869122877,10580.0,0.0
6539.881786503,10580.0,0.0
6539.888443438,10580.0,0.0
6539.897922179,10580.0,0.0
6539.907368087,10580.0,0.0
6539.925402829,10580.0,0.0
6539.928512382,10580.0,0.0
6539.939153028,10580.0,0.0
6539.948624102,10580.0,0.0
6539.959041751,10580.0,0.0
6539.970202392,10075.0,0.0
6539.984028174,10075.0,0.0
6539.989482955,10075.0,0.0
6539.999584940,10075.0,0.0
6540.009819507,10075.0,0.0
6540.019500079,10075.0,0.0
6540.029720979,10075.0,0.0
6540.039005806,10075.0,0.0
6540.059964935,10075.0,0.0
6540.060499763,10075.0,0.0
6540.070242502,10075.0,0.0
6540.079749326,10075.0,0.0
6540.089664562,10075.0,0.0
6540.100050711,10075.0,0.0
6540.110446693,10075.0,0.0
6540.123089570,10075.0,0.0
6540.129343509,10075.0,0.0
6540.139456828,10075.0,0.0
6540.152305869,10075.0,0.0
6540.159506966,10075.0,0.0
6540.169697950,10075.0,0.0
6540.194620457,10075.0,0.0
6540.194747539,10075.0,0.0
6540.200008155,10075.0,0.0
6540.210324554,10075.0,0.0
6540.220706286,10075.0,0.0
6540.231110685,10075.0,0.0
6540.241417168,10075.0,0.0
6540.255346282,10075.0,0.0
6540.261909802,10075.0,0.0
6540.271585291,10075.0,0.0
6540.281915190,10075.0,0.0
6540.291181517,10075.0,0.0
6540.302533490,10075.0,0.0
6540.312948722,10075.0,0.0
6540.336257911,10075.0,0.0
6540.336308327,10075.0,0.0
6540.341835190,10075.0,0.0
6540.351078267,10075.0,0.0
6540.361751246,10075.0,0.0
6540.371384403,10075.0,0.0
6540.385589181,10075.0,0.0
6540.392495780,10075.0,0.0
6540.403455590,10075.0,0.0
6540.413884155,10075.0,0.0
6540.423468479,10075.0,0.0
6540.435166865,10075.0,0.0
6540.445348849,10075.0,0.0
6540.455047671,10075.0,0.0
6540.471401345,10075.0,0.0
6540.474609064,10075.0,0.0
6540.485203628,10075.0,0.0
6540.494138957,10075.0,0.0
6540.504669271,10075.0,0.0
6540.522542097,10075.0,0.0
6540.525884065,10075.0,0.0
6540.536172131,10075.0,0.0
6540.545158460,10075.0,0.0
6540.556071354,10075.0,0.0
6540.565786426,10075.0,0.0
6540.575841912,10075.0,0.0
6540.593590155,10075.0,0.0
6540.596499627,10075.0,0.0
6540.606762111,10075.0,0.0
6540.615311861,10075.0,0.0
6540.626027006,10075.0,0.0
6540.637693643,10075.0,0.0
6540.647960126,10075.0,0.0
6540.660801918,10075.0,0.0
6540.668189096,10075.0,0.0
6540.677527921,10075.0,0.0
6540.687602240,10075.0,0.0
6540.698636799,10075.0,0.0
6540.710806597,10075.0,0.0
6540.723399391,10075.0,0.0
6540.728121096,10075.0,0.0
6540.737774335,10075.0,0.0
6540.748072651,10075.0,0.0
6540.758348635,10075.0,0.0
6540.769537942,10075.0,0.0
6540.778607771,10075.0,0.0
6540.790174241,10075.0,0.0
6540.798502577,10075.0,0.0
6540.808606478,10075.0,0.0
6540.818725047,10075.0,0.0
6540.828546201,10075.0,0.0
6540.839075432,10075.0,0.0
6540.848904253,10075.0,0.0
6540.858310161,10075.0,0.0
6540.871017871,10075.0,0.0
6540.878880794,10075.0,0.0
6540.888423701,10075.0,0.0
6540.899567509,10075.0,0.0
6540.909115750,10075.0,0.0
6540.920630388,10075.0,0.0
6540.930301543,10075.0,0.0
6540.938937959,10075.0,0.0
6540.949899103,10075.0,0.0
6540.959820256,10075.0,0.0
6540.969242664,10075.0,0.0
6540.987815233,10075.0,0.0
6540.990743538,10075.0,0.0
6540.999935782,10075.0,0.0
6541.010074350,10075.0,0.0
6541.020412333,10075.0,0.0
6541.031128062,10075.0,0.0
6541.040170140,10075.0,0.0
6541.052942433,10075.0,0.0
6541.063783744,10075.0,0.0
6541.070485095,10075.0,0.0
6541.080876577,10075.0,0.0
6541.089932989,10075.0,0.0
6541.100072307,10075.0,0.0
6541.111503279,10075.0,0.0
6541.121725513,10075.0,0.0
6541.130104265,10075.0,0.0
6541.143371052,10075.0,0.0
6541.151163310,10075.0,0.0
6541.161825289,10075.0,0.0
6541.171887024,10075.0,0.0
6541.184745649,10075.0,0.0
6541.192498574,10075.0,0.0
6541.205232866,10075.0,0.0
6541.215702181,10075.0,0.0
6541.225755583,10075.0,0.0
6541.236554811,10075.0,0.0
6541.249899431,10075.0,0.0
6541.266778934,10075.0,0.0
6541.270853477,10075.0,0.0
6541.281321542,10075.0,0.0
6541.290272788,10075.0,0.0
6541.300327857,10075.0,0.0
6541.309728266,10075.0,0.0
6541.320069498,10075.0,0.0
6541.329819487,10075.0,0.0
6541.342810527,10075.0,0.0
6541.352156852,10075.0,0.0
6541.362654000,10075.0,0.0
6541.372842151,10075.0,0.0
6541.391117806,10075.0,0.0
6541.396805168,10075.0,0.0
6541.405967495,10075.0,0.0
6541.416534142,10075.0,0.0
6541.426792709,10075.0,0.0
6541.436076952,10075.0,0.0
6541.447792421,10075.0,0.0
6541.460184134,10075.0,0.0
6541.466920318,10075.0,0.0
6541.478058626,10075.0,0.0
6541.486334963,10075.0,0.0
6541.496529113,10075.0,0.0
6541.507077344,10075.0,0.0
6541.516885498,10075.0,0.0
6541.526420322,10075.0,0.0
6541.535979729,10075.0,0.0
6541.546355878,10075.0,0.0
6541.556350031,10075.0,0.0
6541.566748180,10075.0,0.0
6541.575948423,10075.0,0.0
6541.586180907,10075.0,0.0
6541.596659472,10075.0,0.0
6541.606603458,10075.0,0.0
6541.617790599,10075.0,0.0
6541.626099935,10075.0,0.0
6541.637090411,10075.0,0.0
6541.653223671,10075.0,0.0
6541.657055800,10075.0,0.0
6541.666946871,10075.0,0.0
6541.676091781,10075.0,0.0
6541.686925926,10075.0,0.0
6541.697050577,10075.0,0.0
6541.706189905,10075.0,0.0
6541.720529849,10075.0,0.0
6541.727145451,10075.0,0.0
6541.736901273,10075.0,0.0
6541.745908185,10075.0,0.0
6541.756681913,10075.0,0.0
6541.767205894,10075.0,0.0
6541.777326629,10075.0,0.0
6541.792725312,10075.0,0.0
6541.797243768,10075.0,0.0
6541.807566501,10075.0,0.0
6541.817807485,10075.0,0.0
6541.827838637,10075.0,0.0
6541.837166630,10075.0,0.0
6541.847884442,10075.0,0.0
6541.858456089,10075.0,0.0
6541.867228504,10075.0,0.0
6541.877579570,10075.0,0.0
6541.887928219,10075.0,0.0
6541.897789289,10075.0,0.0
6541.907381363,10075.0,0.0
6541.924174199,10075.0,0.0
6541.933870188,10075.0,0.0
6541.940044295,10075.0,0.0
6541.947182142,10075.0,0.0
6541.957790788,10075.0,0.0
6541.968455601,10075.0,0.0
6541.978713168,10075.0,0.0
6541.993152194,10075.0,0.0
6541.998842972,10075.0,0.0
6542.008301963,10075.0,0.0
6542.017127627,10075.0,0.0
6542.027360028,10075.0,0.0
6542.038185756,10075.0,0.0
6542.048525488,10075.0,0.0
6542.058045896,10075.0,0.0
6542.067697468,10075.0,0.0
6542.077763287,10075.0,0.0
6542.087392027,10075.0,0.0
6542.097943424,10075.0,0.0
6542.107323582,10075.0,0.0
6542.125242491,10075.0,0.0
6542.127821883,10075.0,0.0
6542.138864025,10075.0,0.0
6542.148810262,10075.0,0.0
6542.159455741,10075.0,0.0
6542.168495570,10075.0,0.0
6542.178879302,10075.0,0.0
6542.199627267,10075.0,0.0
6542.199662850,10075.0,0.0
6542.209396839,10075.0,0.0
6542.218454000,10075.0,0.0
6542.228547069,10075.0,0.0
6542.239662127,10075.0,0.0
6542.257986782,10075.0,0.0
6542.262926984,10075.0,0.0
6542.272690306,10075.0,0.0
6542.283004122,10075.0,0.0
6542.293197689,10075.0,0.0
6542.303754170,10075.0,0.0
6542.317342037,10075.0,0.0
6542.323057482,10075.0,0.0
6542.333657795,10075.0,0.0
6542.343866612,10075.0,0.0
6542.352897358,10075.0,0.0
6542.363388089,10075.0,0.0
6542.373562073,10075.0,0.0
6542.383693725,10075.0,0.0
6542.394127206,10075.0,0.0
6542.403643614,10075.0,0.0
6542.413810098,10075.0,0.0
6542.424286829,10075.0,0.0
6542.434344315,10075.0,0.0
6542.444686047,10075.0,0.0
6542.455419026,10075.0,0.0
6542.465777675,10075.0,0.0
6542.475215000,10075.0,0.0
6542.485778481,10075.0,0.0
6542.496107547,10075.0,0.0
6542.505286374,10075.0,0.0
6542.522244709,10075.0,0.0
6542.525882840,10075.0,0.0
6542.535218833,10075.0,0.0
6542.546857136,10075.0,0.0
6542.556448126,10075.0,0.0
6542.566390446,10075.0,0.0
6542.576746928,10075.0,0.0
6542.590740709,10075.0,0.0
6542.597272562,10075.0,0.0
6542.607455129,10075.0,0.0
6542.617918444,10075.0,0.0
6542.627071771,10075.0,0.0
6542.637441087,10075.0,0.0
6542.654298840,10075.0,0.0
6542.657036563,10075.0,0.0
6542.667199047,10075.0,0.0
6542.677871860,10075.0,0.0
6542.688089677,10075.0,0.0
6542.697300171,10075.0,0.0
6542.707646737,10075.0,0.0
6542.719790035,10075.0,0.0
6542.729374192,10075.0,0.0
6542.737405197,10075.0,0.0
6542.747828596,10075.0,0.0
6542.757487585,10075.0,0.0
6542.767416988,10075.0,10.0
6542.777885636,10075.0,10.0
6542.790759928,10075.0,10.0
6542.801635405,10075.0,10.0
6542.810745566,10075.0,0.0
6542.817546333,10075.0,0.0
6542.828054481,10075.0,0.0
6542.837173392,10075.0,0.0
6542.847443542,10075.0,0.0
6542.857919024,10075.0,0.0
6542.867888427,10075.0,0.0
6542.878078661,10075.0,0.0
6542.887075823,10075.0,0.0
6542.897495888,10075.0,0.0
6542.907709789,10075.0,0.0
6542.919589340,10075.0,0.0
6542.929420994,10075.0,0.0
6542.938330407,10075.0,0.0
6542.949369300,10075.0,0.0
6542.960211528,10075.0,0.0
6542.968311449,10075.0,0.0
6542.979437257,10075.0,0.0
6542.989621575,10075.0,0.0
6542.999786642,10075.0,0.0
6543.009943377,10075.0,0.0
6543.020423358,10075.0,0.0
6543.030765591,10075.0,0.0
6543.041648818,10075.0,0.0
6543.056541340,10075.0,0.0
6543.061842955,10075.0,0.0
6543.071247946,10075.0,0.0
6543.081619262,10075.0,0.0
6543.092219076,10075.0,0.0
6543.102326644,10075.0,0.0
6543.113358870,10075.0,0.0
6543.125616417,10075.0,0.0
6543.132313602,10075.0,0.0
6543.142767417,10075.0,0.0
6543.152076826,10075.0,10.0
6543.162634057,10075.0,10.0
6543.173068455,10075.0,10.0
6543.197473051,10075.0,10.0
6543.197626799,10075.0,10.0
6543.203150079,10075.0,10.0
6543.213364479,10075.0,10.0
6543.223705712,10075.0,0.0
6543.232980038,10075.0,0.0
6543.242286281,10075.0,0.0
6543.264179734,10075.0,0.0
6543.264369649,10075.0,0.0
6543.273138314,10075.0,0.0
6543.282932135,10075.0,0.0
6543.292286794,10075.0,0.0
6543.302488195,10075.0,0.0
6543.325684136,10075.0,0.0
6543.325811718,10075.0,0.0
6543.332705484,10075.0,0.0
6543.342629554,10075.0,0.0
6543.353397199,10075.0,0.0
6543.364149178,10075.0,0.0
6543.373299755,10075.0,0.0
6543.384781977,10075.0,0.0
6543.395662954,10075.0,0.0
6543.403215214,10075.0,0.0
6543.413355448,10075.0,0.0
6543.423582349,10075.0,0.0
6543.433644918,10075.0,0.0
6543.444036983,10075.0,0.0
6543.454326966,10075.0,0.0
6543.464664366,10075.0,0.0
6543.475031931,10075.0,0.0
6543.484405423,10075.0,0.0
6543.494236244,10075.0,0.0
6543.504517311,10075.0,0.0
6543.514731295,10075.0,0.0
6543.614164326,10075.0,0.0
6543.624311061,10075.0,0.0
6543.634857292,10075.0,0.0
6543.645913851,10075.0,0.0
6543.656694412,10075.0,0.0
6543.807151281,10075.0,0.0
6543.817191600,10075.0,0.0
6543.827311084,10075.0,0.0
6543.837653567,10075.0,0.0
6543.848282297,10075.0,0.0
6543.857559040,10075.0,0.0
6543.867628858,10075.0,0.0
6543.877932341,10075.0,0.0
6543.886912837,10075.0,0.0
6543.897162238,10075.0,0.0
6543.907280722,10075.0,0.0
6543.917589039,10075.0,0.0
6543.927753106,10075.0,0.0
6543.938325087,10075.0,0.0
6543.947310583,10075.0,0.0
6543.957470984,10075.0,0.0
6543.967842549,10075.0,0.0
6543.978679110,10075.0,0.0
6544.058369168,10075.0,0.0
6544.061950716,10075.0,0.0
6544.071904203,10075.0,0.0
6544.082044021,10075.0,0.0
6544.091565095,10075.0,0.0
6544.101673913,10075.0,0.0
6544.120267898,10075.0,0.0
6544.122085381,10075.0,0.0
6544.731802944,10075.0,0.0
6544.742229759,10075.0,0.0
6544.752170579,10075.0,0.0
6544.763084222,10075.0,0.0
6544.772896710,10075.0,0.0
6544.792299605,10075.0,0.0
6544.793707841,10075.0,0.0
6544.934576636,10075.0,0.0
6544.944658371,10075.0,0.0
6544.955114186,10075.0,0.0
6544.965122088,10075.0,0.0
6544.974555580,10075.0,0.0
6544.991222334,10075.0,0.0
6544.995474793,10075.0,0.0
6545.129030409,10075.0,0.0
6545.138330985,10075.0,0.0
6545.148357304,10075.0,0.0
6545.158730787,10075.0,0.0
6545.169035353,10075.0,10.0
6545.191250720,10075.0,10.0
6545.191295803,10075.0,10.0
6545.526755620,10075.0,0.0
6545.535930447,10075.0,0.0
6545.546135598,10075.0,0.0
6545.556639329,10075.0,0.0
6545.566960728,10075.0,0.0
6545.576755966,10075.0,0.0
6545.588113022,10075.0,0.0
6545.597514847,10075.0,0.0
6545.953238633,10075.0,0.0
6545.963043371,10075.0,0.0
6545.973103357,10075.0,0.0
6545.983728337,10075.0,0.0
6546.200027897,10075.0,0.0
6546.208951144,10075.0,0.0
6546.222397263,10075.0,0.0
6546.230406518,10075.0,0.0
6546.239145100,10075.0,0.0
6546.249791329,10075.0,0.0
6546.261526132,10075.0,0.0
6546.270169381,10075.0,0.0
6546.280783277,10075.0,0.0
6546.291359591,10075.0,0.0
6546.301502826,10075.0,0.0
6546.312133639,10075.0,0.0
6546.328509063,10075.0,0.0
6546.331902613,10075.0,0.0
6546.397809638,10075.0,0.0
6546.404685904,10075.0,0.0
6546.415087220,10075.0,0.0
6546.425748782,10075.0,0.0
6546.436169264,10075.0,0.0
6546.445866170,10075.0,0.0
6546.457923969,10075.0,0.0
6546.465891142,10075.0,0.0
6546.475416216,10075.0,0.0
6546.486609107,10075.0,0.0
6546.495245189,10075.0,0.0
6546.505580672,10075.0,0.0
6546.531320255,10075.0,0.0
6546.531368671,10075.0,0.0
6546.538739182,10075.0,0.0
6546.549340246,10075.0,0.0
6546.558092660,10075.0,0.0
6546.568405477,10075.0,0.0
6546.578740376,10075.0,0.0
6546.588046452,10075.0,0.0
6546.603249054,10075.0,0.0
6546.998524455,10075.0,0.0
6547.008819188,10075.0,0.0
6547.018854341,10075.0,0.0
6547.028987909,10075.0,0.0
6547.040082551,10075.0,0.0
6547.050179369,10075.0,0.0
6547.060181521,10075.0,0.0
6547.070717502,10075.0,0.0
6547.080845070,10075.0,0.0
6547.090951639,10075.0,0.0
6547.100539962,10075.0,0.0
6547.110891778,10075.0,0.0
6547.120010022,10075.0,0.0
6547.130540086,10075.0,0.0
6547.141797477,10075.0,0.0
6547.150978887,10075.0,0.0
6547.161758949,10075.0,0.0
6547.172039099,10075.0,0.0
6547.187860612,10075.0,0.0
6547.193063394,10075.0,0.0
6547.333132114,10075.0,0.0
6547.343359847,10075.0,0.0
6547.353549082,10075.0,0.0
6547.363813898,10075.0,0.0
6547.373264556,10075.0,0.0
6547.395024844,10075.0,0.0
6547.395140260,10075.0,0.0
6547.464209504,10075.0,0.0
6547.473828077,10075.0,0.0
6547.483681814,10075.0,0.0
6547.493764383,10075.0,0.0
6547.503187541,10075.0,0.0
6547.521836193,10075.0,0.0
6547.524834830,10075.0,0.0
6547.667527108,10075.0,0.0
6547.676519270,10075.0,0.0
6547.687160916,10075.0,0.0
6547.696931738,10075.0,0.0
6547.707129222,10075.0,0.0
6547.724287472,10075.0,0.0
6547.807315496,10075.0,0.0
6547.817828727,10075.0,0.0
6547.827930712,10075.0,0.0
6547.837502369,10075.0,0.0
6547.848338097,10075.0,0.0
6547.860496895,10075.0,0.0
6548.336248679,10075.0,0.0
6548.345386424,10075.0,0.0
6548.356203068,10075.0,0.0
6548.365188731,10075.0,0.0
6548.375536130,10075.0,0.0
6548.399291232,10075.0,0.0
6548.399334732,10075.0,0.0
6548.734073306,10075.0,0.0
6548.744330372,10075.0,0.0
6548.754992519,10075.0,0.0
6548.764492593,10075.0,0.0
6548.775142489,10075.0,0.0
6548.795222960,10075.0,0.0
6548.801849479,10075.0,0.0
6549.012464678,10075.0,0.0
6549.022587080,10075.0,0.0
6549.033180143,10075.0,0.0
6549.043838873,10075.0,0.0
6549.056220252,10075.0,0.0
6549.062321943,10075.0,0.0
6549.072776841,10075.0,0.0
6549.598612471,10075.0,0.0
6549.608530207,10075.0,0.0
6549.618757524,10075.0,0.0
6549.628938509,10075.0,0.0
6549.639246325,10075.0,0.0
6549.663696337,10075.0,0.0
6549.663732253,10075.0,0.0
6549.670878767,10075.0,0.0
6549.681450914,10075.0,0.0
6549.691977811,10075.0,0.0
6549.701599551,10075.0,0.0
6549.712532195,10075.0,0.0
6549.721315442,10075.0,0.0
6549.731442511,10075.0,0.0
6549.741835326,10075.0,0.0
6549.751116736,10075.0,0.0
6549.761262720,10075.0,0.0
6549.771587036,10075.0,0.0
6549.782275766,10075.0,0.0
6549.792518832,10075.0,0.0
6549.803297061,10075.0,0.0
6549.813456379,10075.0,0.0
6549.823543530,10075.0,0.0
6549.834173844,10075.0,0.0
6549.844330745,10075.0,0.0
6549.854923808,10075.0,0.0
6549.865477622,10075.0,0.0
6549.875529441,10075.0,0.0
6549.885537343,10075.0,0.0
6549.895786910,10075.0,0.0
6549.904950738,10075.0,0.0
6549.915563218,10075.0,0.0
6549.927091522,10075.0,0.0
6549.936925343,10075.0,0.0
6549.947017078,10075.0,0.0
6549.957543142,10075.0,0.0
6549.966928384,10075.0,0.0
6549.987224103,10075.0,0.0
6550.080516861,10075.0,0.0
6550.088905613,10075.0,0.0
6550.099120180,10075.0,0.0
6550.109865492,10075.0,0.0
6550.120044310,10075.0,0.0
6550.130166711,10075.0,0.0
6550.140477111,10075.0,0.0
6550.150752178,10075.0,0.0
6550.159933088,10075.0,0.0
6550.170281654,10075.0,0.0
6550.180558887,10075.0,0.0
6550.190085295,10075.0,0.0
6550.200319612,10075.0,0.0
6550.210855759,10075.0,0.0
6550.220701580,10075.0,0.0
6550.231154811,10075.0,0.0
6550.241407628,10075.0,0.0
6550.422590114,10075.0,0.0
6550.432856264,10075.0,0.0
6550.442154423,10075.0,0.0
6550.452777903,10075.0,0.0
6550.466603019,10075.0,0.0
6550.472410295,10075.0,0.0
6550.943384209,10075.0,0.0
6550.953225780,10075.0,0.0
6550.962675188,10075.0,0.0
6550.972914089,10075.0,0.0
6550.986504956,10075.0,0.0
6551.398921940,10075.0,-10.0
6551.408200683,10075.0,-10.0
6551.418196169,10075.0,-10.0
6551.428959565,10075.0,-10.0
6551.438521138,10075.0,-10.0
6551.449019953,10075.0,-10.0
6551.459009189,10075.0,-10.0
6551.469623919,10075.0,-10.0
6551.479721654,10075.0,-10.0
6551.490255634,10075.0,-10.0
6551.500124205,10075.0,-10.0
6551.510698019,10075.0,-10.0
6551.522046408,10075.0,-10.0
6551.532419724,10075.0,-10.0
6551.542299628,10075.0,-10.0
6551.555462916,10075.0,-10.0
6551.563768585,10075.0,-10.0
6551.574409232,10075.0,-10.0
6551.738916213,10075.0,0.0
6551.749527276,10075.0,0.0
6551.758911185,10075.0,0.0
6551.770110326,10075.0,0.0
6551.781992127,10075.0,0.0
6552.100927271,10075.0,-10.0
6552.114504306,10075.0,-10.0
6552.124028296,10075.0,-10.0
6552.334262833,10075.0,0.0
6552.334382748,10075.0,0.0
6552.340798602,10075.0,0.0
6552.350911587,10075.0,0.0
6552.360595743,10075.0,0.0
6552.370841726,10075.0,0.0
6552.381168626,10075.0,0.0
6552.394134833,10075.0,0.0
6552.400744602,10075.0,0.0
6552.533082397,10075.0,0.0
6552.542557804,10075.0,0.0
6552.552701539,10075.0,0.0
6552.562592609,10075.0,0.0
6552.573429170,10075.0,0.0
6552.582548582,10075.0,0.0
6552.593272477,10075.0,0.0
6552.603387545,10075.0,0.0
6552.613508030,10075.0,0.0
6552.623745181,10075.0,0.0
6552.633364837,10075.0,0.0
6552.643470572,10075.0,0.0
6552.653901804,10075.0,0.0
6552.663988622,10075.0,0.0
6552.673877109,10075.0,0.0
6552.683150019,10075.0,0.0
6552.693517501,10075.0,0.0
6552.703738818,10075.0,0.0
6552.717679933,10075.0,0.0
6552.728309079,10075.0,0.0
6553.199377409,10075.0,0.0
6553.200599064,10075.0,0.0
6553.210878130,10075.0,0.0
6553.219992625,10075.0,0.0
6553.230122359,10075.0,0.0
6553.240540591,10075.0,0.0
6553.250778325,10075.0,0.0
6553.259852153,10075.0,0.0
6553.270236302,10075.0,0.0
6553.280288204,10075.0,0.0
6553.290365023,10075.0,0.0
6553.300658089,10075.0,0.0
6553.309956582,10075.0,0.0
6553.320525812,10075.0,0.0
6553.331142209,10075.0,0.0
6553.341174445,10075.0,0.0
6553.351669759,10075.0,0.0
6553.362644319,10075.0,0.0
6553.372491890,10075.0,0.0
6553.381828715,10075.0,0.0
6553.402066852,10075.0,0.0
6553.402859427,10075.0,0.0
6553.663082144,10075.0,0.0
6553.673507875,10075.0,0.0
6553.683501195,10075.0,0.0
6553.693814011,10075.0,0.0
6553.703572583,10075.0,0.0
6553.714140730,10075.0,0.0
6553.723896385,10075.0,0.0
6553.803953605,9780.0,0.0
6553.814383587,10580.0,0.0
6553.824627070,10580.0,0.0
6553.835374466,10580.0,0.0
6553.845625033,10580.0,0.0
6553.859266733,10580.0,0.0
6553.865054260,10580.0,0.0
6553.996525980,10580.0,0.0
6554.005880639,10580.0,0.0
6554.016196122,10580.0,0.0
6554.026055359,10580.0,0.0
6554.036462924,10580.0,0.0
6554.048247476,10580.0,0.0
6554.068450780,10580.0,0.0
6554.078379183,10580.0,0.0
6554.089402659,10580.0,0.0
6554.098611403,10580.0,0.0
6554.108453307,10075.0,0.0
6554.121269432,10075.0,0.0
6554.130630841,10075.0,0.0
6554.142299394,10075.0,0.0
6554.272824456,10075.0,0.0
6554.282205032,10075.0,0.0
6554.292587014,10075.0,0.0
6554.302917663,10075.0,0.0
6554.313395228,10075.0,0.0
6554.323899709,10075.0,0.0
6554.525257165,10075.0,0.0
6554.536178475,10075.0,0.0
6554.545462301,10075.0,0.0
6554.555980699,10075.0,0.0
6554.565659688,10075.0,0.0
6554.575925672,10075.0,0.0
6554.586919648,10075.0,0.0
6554.596237390,10075.0,0.0
6554.607033369,10075.0,0.0
6554.616698441,10075.0,0.0
6554.625974517,10075.0,0.0
6554.637353157,10075.0,0.0
6554.647114728,10075.0,0.0
6554.660580097,10075.0,0.0
6554.666949285,10075.0,0.0
6554.797280933,10075.0,10.0
6554.808080828,10075.0,0.0
6554.818036731,10075.0,0.0
6554.829584785,10075.0,0.0
6554.837496875,10075.0,0.0
6554.850481081,10075.0,0.0
6554.859320495,10075.0,0.0
6555.128541790,10075.0,0.0
6555.209834749,10075.0,0.0
6555.220214148,10075.0,0.0
6555.229482558,10075.0,0.0
6555.239846457,10075.0,0.0
6555.249128950,10075.0,0.0
6555.258947354,10075.0,0.0
6555.269393669,10075.0,0.0
6555.279402405,10075.0,0.0
6555.289840303,10075.0,0.0
6555.300204619,10075.0,0.0
6555.310642601,10075.0,0.0
6555.320885834,10075.0,0.0
6555.331501898,10075.0,0.0
6555.341230303,10075.0,0.0
6555.351499453,10075.0,0.0
6555.361967434,10075.0,0.0
6555.371641507,10075.0,0.0
6555.381949490,10075.0,0.0
6555.391415814,10075.0,0.0
6555.401850796,10075.0,0.0
6555.410914624,10075.0,0.0
6555.421671103,10075.0,0.0
6555.432010919,10075.0,0.0
6555.441048998,10075.0,0.0
6555.451800976,10075.0,0.0
6555.543010671,10075.0,0.0
6555.553419320,10075.0,0.0
6555.563783552,10075.0,0.0
6555.574708946,10075.0,0.0
6555.583474194,10075.0,0.0
6555.595886323,10075.0,0.0
6555.998055157,10075.0,0.0
6556.008102893,10075.0,0.0
6556.018413376,10075.0,0.0
6556.028789858,10075.0,0.0
6556.039482587,10075.0,0.0
6556.048908079,10075.0,0.0
6556.058788899,10075.0,0.0
6556.071267778,10075.0,0.0
6556.081249430,10075.0,0.0
6556.193723168,10075.0,0.0
6556.199979358,10075.0,0.0
6556.210160758,10075.0,0.0
6556.221225567,10075.0,0.0
6556.231094138,10075.0,0.0
6556.240566296,10075.0,0.0
6556.253536086,10075.0,0.0
6556.406376598,10075.0,10.0
6556.416217585,10075.0,10.0
6556.426313487,10075.0,10.0
6556.436580970,10075.0,10.0
6556.448181274,10075.0,10.0
6556.457595016,10075.0,10.0
6556.468276662,10075.0,10.0
6556.476352166,10075.0,10.0
6556.486182321,10075.0,10.0
6556.496974882,10075.0,0.0
6556.506777953,10075.0,0.0
6556.515855948,10075.0,0.0
6556.526521178,10075.0,0.0
6556.536836077,10075.0,0.0
6556.547753638,10075.0,0.0
6556.557817207,10075.0,0.0
6556.567102616,10075.0,0.0
6556.578204841,10075.0,0.0
6556.595981752,10075.0,0.0
6556.598341729,10075.0,0.0
6556.998793246,10075.0,0.0
6557.000906725,10075.0,0.0
6557.012103866,10075.0,0.0
6557.021421109,10075.0,0.0
6557.031604093,10075.0,0.0
6557.041132584,10075.0,0.0
6557.052886303,10075.0,0.0
6557.062866039,10075.0,0.0
6557.478577907,10075.0,0.0
6557.489346553,10075.0,0.0
6557.498363715,10075.0,0.0
6557.508801946,10075.0,0.0
6557.519665341,10075.0,0.0
6557.799225368,10075.0,-10.0
6557.810839589,10075.0,-10.0
6557.819364672,10075.0,-10.0
6557.828803080,10075.0,-10.0
6557.838649485,10075.0,-10.0
6557.849324047,10075.0,-10.0
6557.860230441,10075.0,-10.0
6557.868248446,10075.0,-10.0
6557.878424514,10075.0,-10.0
6557.889077494,10075.0,-10.0
6557.898165655,10075.0,-10.0
6557.908578804,10075.0,-10.0
6557.919642696,10075.0,-10.0
6557.929588516,10075.0,-10.0
6557.939762417,10075.0,-10.0
6557.949264324,10075.0,-10.0
6557.959461558,10075.0,-10.0
6557.970035122,10075.0,-10.0
6557.980373271,10075.0,-10.0
6557.991885909,10075.0,-10.0
6558.000038080,10075.0,-10.0
6558.140135549,10075.0,-10.0
6558.149656040,10075.0,-10.0
6558.159617109,10075.0,-10.0
6558.169980925,10075.0,-10.0
6558.188643160,10075.0,-10.0
6558.189784149,10075.0,-10.0
6558.525889293,10075.0,-10.0
6558.535860362,10075.0,-10.0
6558.545265687,10075.0,-10.0
6558.556321413,10075.0,-10.0
6558.565930320,10075.0,-10.0
6558.575253229,10075.0,-10.0
6558.594098962,10075.0,-10.0
6558.597174265,10075.0,-10.0
6558.605511351,10075.0,-10.0
6558.615959499,10075.0,-10.0
6558.666148844,10075.0,-10.0
6558.676186246,10075.0,-10.0
6558.686760310,10075.0,-10.0
6558.699183439,10075.0,-10.0
6558.707877937,10075.0,-10.0
6558.718673249,10075.0,-10.0
6558.730908130,10075.0,-10.0
6559.071850977,10075.0,10.0
6559.081105053,10075.0,0.0
6559.091230454,10075.0,0.0
6559.101810601,10075.0,0.0
6559.112071502,10075.0,0.0
6559.121539159,10075.0,0.0
6559.132081057,10075.0,0.0
6559.142132792,10075.0,0.0
6559.151745699,10075.0,0.0
6559.161553686,10075.0,0.0
6559.171401840,10075.0,0.0
6559.182243568,10075.0,0.0
6559.191597144,10075.0,0.0
6559.201694129,10075.0,0.0
6559.211767447,10075.0,0.0
6559.221617102,10075.0,0.0
6559.231874252,10075.0,0.0
6559.241308910,10075.0,0.0
6559.252043972,10075.0,0.0
6559.263788191,10075.0,0.0
6559.465815557,10075.0,10.0
6559.475831459,10075.0,10.0
6559.485385533,10075.0,10.0
6559.495766599,10075.0,10.0
6559.505718835,10075.0,10.0
6559.524520235,10075.0,10.0
6559.526397300,10075.0,10.0
6559.723887961,10075.0,0.0
6559.732986289,10075.0,0.0
6559.743288772,10075.0,0.0
6559.753482089,10075.0,0.0
6559.763793239,10075.0,0.0
6559.773178481,10075.0,0.0
6559.784514870,10075.0,0.0
6559.793910946,10075.0,0.0
6560.138494507,10075.0,0.0
6560.148635242,10075.0,0.0
6560.158771809,10075.0,0.0
6560.169089626,10075.0,0.0
6560.179275360,10075.0,0.0
6560.190331252,10075.0,0.0
6560.199590495,10075.0,0.0
6560.209609148,10075.0,0.0
6560.219657633,10075.0,0.0
6560.229681869,10075.0,0.0
6560.239417608,10075.0,0.0
6560.249278595,10075.0,0.0
6560.259470746,10075.0,0.0
6560.270095059,10075.0,0.0
6560.280143711,10075.0,0.0
6560.290479860,10075.0,0.0
6560.300655595,10075.0,0.0
6560.311213908,10075.0,0.0
6560.321966054,10075.0,0.0
6560.593140997,10075.0,0.0
6560.602398990,10075.0,0.0
6560.612533724,10075.0,0.0
6560.622658626,10075.0,0.0
6560.633414771,10075.0,0.0
6560.642755263,10075.0,0.0
6560.653392993,10075.0,0.0
6560.663937307,10075.0,0.0
6560.672303976,10075.0,0.0
6560.682279879,10075.0,0.0
6560.693451770,10075.0,0.0
6560.702166102,10075.0,0.0
6560.712350752,10075.0,0.0
6560.722621736,10075.0,0.0
6560.733210883,10075.0,0.0
6560.742151462,10075.0,0.0
6560.753304104,10075.0,0.0
6560.763125675,10075.0,0.0
6560.772180087,10075.0,0.0
6560.788648593,10075.0,0.0
6561.341412127,10075.0,0.0
6561.351831692,10075.0,0.0
6561.361173935,10075.0,0.0
6561.373324150,10075.0,0.0
6561.381885233,10075.0,0.0
6561.604811729,10075.0,0.0
6561.613908557,10075.0,0.0
6561.624807201,10075.0,0.0
6561.633147286,10075.0,0.0
6561.644059347,10075.0,0.0
6561.654553411,10075.0,0.0
6561.724297232,10075.0,0.0
6561.735523039,10075.0,0.0
6561.744984531,10075.0,0.0
6561.754696186,10075.0,0.0
6561.764660089,10075.0,0.0
6561.774929906,10075.0,0.0
6561.790223507,10075.0,0.0
6561.794303634,10075.0,0.0
6562.068427965,10075.0,0.0
6562.078188036,10075.0,0.0
6562.088766850,10075.0,0.0
6562.099133666,10075.0,0.0
6562.108537491,10075.0,0.0
6562.123235431,10075.0,0.0
6562.610893766,10075.0,0.0
6562.620285174,10075.0,0.0
6562.630906487,10075.0,0.0
6562.640744142,10075.0,10.0
6562.654707256,10075.0,10.0
6562.662828593,10075.0,10.0
6562.862867062,10075.0,0.0
6562.872514468,10075.0,0.0
6562.882318206,10075.0,0.0
6562.892461357,10075.0,0.0
6562.903690915,10075.0,0.0
6562.913084406,10075.0,0.0
6562.922798562,10075.0,0.0
6562.935498022,10075.0,0.0
6562.943908190,10075.0,0.0
6562.954267755,10075.0,0.0
6562.964036077,10075.0,0.0
6562.973467235,10075.0,0.0
6562.985852031,10075.0,0.0
6563.200892937,10075.0,0.0
6563.201101352,10075.0,0.0
6563.208979525,10075.0,0.0
6563.217392860,10075.0,0.0
6563.226304940,10075.0,0.0
6563.236465341,10075.0,0.0
6563.252117605,10075.0,0.0
6563.601369788,10075.0,0.0
6563.612176683,10075.0,0.0
6563.621246594,10075.0,0.0
6563.631385745,10075.0,0.0
6563.641720812,10075.0,0.0
6563.652198126,10075.0,0.0
6563.662841523,10075.0,0.0
6563.674614075,10075.0,0.0
6563.684099149,10075.0,0.0
6563.694253300,10075.0,0.0
6563.704415034,10075.0,0.0
6563.714764767,10075.0,0.0
6563.725031834,10075.0,0.0
6563.736874552,10075.0,0.0
6563.745710632,10075.0,0.0
6563.756311862,10075.0,0.0
6563.767351672,10075.0,0.0
6563.783427182,10075.0,0.0
6563.787724806,10075.0,0.0
6563.881792891,10075.0,0.0
6563.891030551,10075.0,0.0
6563.901376033,10075.0,0.0
6563.913263001,10075.0,0.0
6564.073943519,10075.0,0.0
6564.084013921,10075.0,0.0
6564.093281915,10075.0,0.0
6564.103485482,10075.0,0.0
6564.114041962,10075.0,0.0
6564.123610869,10075.0,0.0
6564.257861145,10075.0,0.0
6564.266506228,10075.0,0.0
6564.276659462,10075.0,0.0
6564.286441200,10075.0,0.0
6564.296306021,10075.0,0.0
6564.306453089,10075.0,0.0
6564.339783098,10075.0,0.0
6564.349369171,10075.0,0.0
6564.359281908,10075.0,0.0
6564.369499892,10075.0,0.0
6564.380806531,10075.0,0.0
6564.389857110,10075.0,0.0
6564.399268935,10075.0,0.0
6564.409840082,10075.0,0.0
6564.418960160,10075.0,0.0
6564.429373392,10075.0,0.0
6564.440327202,10075.0,0.0
6564.449249782,10075.0,0.0
6564.459495765,10075.0,0.0
6564.470432825,10075.0,0.0
6564.479267323,10075.0,0.0
6564.489287058,10075.0,0.0
6564.499768956,10075.0,0.0
6564.510712100,10075.0,0.0
6564.520473588,10075.0,0.0
6564.996443537,10075.0,0.0
6565.005486199,10075.0,0.0
6565.017735496,10075.0,0.0
6565.026219747,10075.0,0.0
6565.036527730,10075.0,0.0
6565.061701235,10075.0,0.0
6565.062103397,10075.0,0.0
6565.269117215,10075.0,0.0
6565.271638857,10075.0,0.0
6565.281882591,10075.0,0.0
6565.293552644,10075.0,0.0
6565.302015311,10075.0,0.0
6565.316254089,10075.0,0.0
6565.536733109,10075.0,0.0
6565.547085342,10075.0,0.0
6565.556630082,10075.0,0.0
6565.566611568,10075.0,0.0
6565.576914635,10075.0,0.0
6565.586289460,10075.0,0.0
6565.596699692,10075.0,0.0
6565.608355578,10075.0,0.0
6565.810812607,10075.0,0.0
6565.820953842,10075.0,0.0
6565.831293324,10075.0,0.0
6565.841637057,10075.0,0.0
6565.860226543,10075.0,0.0
6565.861121534,10075.0,0.0
6566.399233211,10075.0,0.0
6566.408810534,10075.0,0.0
6566.417859863,10075.0,0.0
6566.428615591,10075.0,0.0
6566.440306061,10075.0,0.0
6566.449442305,10075.0,0.0
6566.460172867,10075.0,0.0
6566.469799024,10075.0,0.0
6566.481668158,10075.0,0.0
6566.490658320,10075.0,0.0
6566.500834471,10075.0,0.0
6566.511191787,10075.0,0.0
6566.521662852,10075.0,0.0
6566.531938252,10075.0,0.0
6566.541352077,10075.0,0.0
6566.551660976,10075.0,0.0
6566.562262123,10075.0,10.0
6566.571204203,10075.0,10.0
6566.722485063,10075.0,0.0
6566.733183126,10075.0,0.0
6566.743274777,10075.0,0.0
6566.753326763,10075.0,0.0
6566.764019409,10075.0,0.0
6566.773430484,10075.0,0.0
6566.783493552,10075.0,0.0
6566.794115532,10075.0,0.0
6566.804253017,10075.0,0.0
6566.814366752,10075.0,0.0
6566.825703225,10075.0,0.0
6566.834134476,10075.0,0.0
6566.844307294,10075.0,0.0
6566.854745359,10075.0,0.0
6566.866909990,10075.0,0.0
6566.874007004,10075.0,0.0
6566.884371070,10075.0,0.0
6566.894305307,10075.0,0.0
6566.904658789,10075.0,0.0
6566.920865881,10075.0,0.0
6567.006049885,10075.0,0.0
6567.017096444,10075.0,0.0
6567.026847016,10075.0,0.0
6567.036406173,10075.0,0.0
6567.051016531,10075.0,0.0
6567.056308646,10075.0,0.0
6567.066627879,10075.0,0.0
6567.399790718,10075.0,10.0
6567.409017295,10075.0,10.0
6567.419199112,10075.0,10.0
6567.429270514,10075.0,10.0
6567.439902077,10075.0,10.0
6567.449731148,10075.0,10.0
6567.460270546,10075.0,10.0
6567.469868869,10075.0,0.0
6567.479856272,10075.0,0.0
6567.489053182,10075.0,0.0
6567.499375332,10075.0,0.0
6567.509536899,10075.0,0.0
6567.519627051,10075.0,0.0
6567.529209541,10075.0,0.0
6567.539306776,10075.0,0.0
6567.550797914,10075.0,0.0
6567.561195396,10075.0,0.0
6567.571874626,10075.0,0.0
6567.582708520,10075.0,0.0
6567.725439547,10075.0,0.0
6567.796047193,10075.0,0.0
6567.807022336,10075.0,0.0
6567.816565076,10075.0,0.0
6567.826661561,10075.0,0.0
6567.836060220,10075.0,0.0
6567.846216788,10075.0,0.0
6567.856761768,10075.0,0.0
6567.866905419,10075.0,0.0
6567.876051497,10075.0,0.0
6567.886165482,10075.0,0.0
6567.896880961,10075.0,0.0
6567.906844614,10075.0,0.0
6567.915920276,10075.0,0.0
6567.926330674,10075.0,0.0
6567.938427140,10075.0,0.0
6567.946832641,10075.0,0.0
6567.956986709,10075.0,0.0
6567.967252692,10075.0,0.0
6567.977462093,10075.0,0.0
6567.987640744,10075.0,0.0
6568.001662107,10075.0,0.0
6568.009034702,10075.0,0.0
6568.018968355,10075.0,0.0
6568.028023434,10075.0,0.0
6568.038150919,10075.0,0.0
6568.048385569,10075.0,0.0
6568.058829051,10075.0,0.0
6568.068418541,10075.0,0.0
6568.078505942,10075.0,0.0
6568.088540595,10075.0,0.0
6568.098950410,10075.0,0.0
6568.108555566,10075.0,0.0
6568.122226433,10075.0,0.0
6568.128214375,10075.0,0.0
6568.209577916,10075.0,-10.0
6568.220882806,10075.0,-10.0
6568.231266955,10075.0,-10.0
6568.240964194,10075.0,-10.0
6568.250284603,10075.0,-10.0
6568.267883932,10075.0,-10.0
6568.274731282,10075.0,-10.0
6568.681113325,10075.0,-10.0
6568.691387391,10075.0,-10.0
6568.702237619,10075.0,-10.0
6568.711326697,10075.0,-10.0
6568.937270497,10075.0,-10.0
6568.946816821,10075.0,-10.0
6568.956901722,10075.0,-10.0
6568.967860366,10075.0,-10.0
6568.982992552,10075.0,-10.0
6568.987972503,10075.0,-10.0
6569.263130574,10075.0,0.0
6569.273457807,10075.0,0.0
6569.283843622,10075.0,0.0
6569.293295780,10075.0,0.0
6569.303366266,10075.0,0.0
6569.319226778,10075.0,0.0
6569.323820150,10075.0,-10.0
6569.333040893,10075.0,-10.0
6569.343665123,10075.0,-10.0
6569.353338779,10075.0,-10.0
6569.363694845,10075.0,-10.0
6569.373867829,10075.0,-10.0
6569.523255791,10075.0,0.0
6569.525366270,10075.0,0.0
6569.535522838,10075.0,0.0
6569.550400693,10075.0,0.0
6569.555617809,10075.0,0.0
6569.565942625,10075.0,0.0
6569.575971278,10075.0,0.0
6569.594883677,10075.0,0.0
6569.598110479,10075.0,0.0
6569.799538351,10075.0,0.0
6569.807679022,10075.0,0.0
6569.817936922,10075.0,0.0
6569.827904575,10075.0,0.0
6569.837507564,10075.0,0.0
6569.848613456,10075.0,0.0
6569.858078947,10075.0,0.0
6569.868587512,10075.0,0.0
6570.129669053,10075.0,0.0
6570.139865204,10075.0,0.0
6570.149080697,10075.0,0.0
6570.159622095,10075.0,0.0
6570.170066160,10075.0,0.0
6570.180086312,10075.0,0.0
6570.684992562,10075.0,10.0
6570.692820903,10075.0,10.0
6570.702317393,10075.0,10.0
6570.713843281,10075.0,10.0
6570.803629157,10075.0,0.0
6570.814205887,10075.0,0.0
6570.823898626,10075.0,0.0
6570.833863113,10075.0,0.0
6570.851830854,10075.0,0.0
6570.853985167,10075.0,0.0
6570.933623974,10075.0,0.0
6570.943901958,10075.0,0.0
6570.953423698,10075.0,0.0
6570.963578183,10075.0,0.0
6570.973903332,10075.0,0.0
6570.984205065,10075.0,0.0
6571.462040246,10075.0,0.0
6571.472318229,10075.0,10.0
6571.483364371,10075.0,10.0
6571.492849946,10075.0,10.0
6571.502160772,10075.0,10.0
6571.521654415,10075.0,10.0
6571.524226557,10075.0,10.0
6571.789779054,10075.0,0.0
6571.798936215,10075.0,0.0
6571.808857285,10075.0,0.0
6571.819369933,10075.0,0.0
6571.829628166,10075.0,0.0
6571.840053898,10075.0,0.0
6571.850416881,10075.0,0.0
6572.121630240,10075.0,0.0
6572.132225887,10075.0,0.0
6572.141055051,10075.0,0.0
6572.151439533,10075.0,0.0
6572.161841682,10075.0,0.0
6572.172043582,10075.0,0.0
6572.182642979,10075.0,0.0
6572.192784380,10075.0,0.0
6572.219790117,10075.0,0.0
6572.219836284,10075.0,0.0
6572.223634413,10075.0,0.0
6572.233821147,10075.0,0.0
6572.244082714,10075.0,0.0
6572.254936025,10075.0,0.0
6572.264734430,10075.0,-10.0
6572.274271670,10075.0,-10.0
6572.284138907,10075.0,-10.0
6572.294767971,10075.0,-10.0
6572.305137203,10075.0,-10.0
6572.318177409,10075.0,-10.0
6572.327920064,10075.0,-10.0
6572.334711332,10075.0,-10.0
6572.344367738,10075.0,0.0
6572.354207475,10075.0,0.0
6572.364455709,10075.0,0.0
6572.376636090,10075.0,0.0
6572.384326349,10075.0,0.0
6572.394417084,10075.0,0.0
6572.404780483,10075.0,0.0
6572.413919810,10075.0,0.0
6572.424085878,10075.0,0.0
6572.434420194,10075.0,0.0
6572.444658178,10075.0,0.0
6572.454779079,10075.0,0.0
6572.464287653,10075.0,0.0
6572.474368722,10075.0,0.0
6572.484882036,10075.0,0.0
6572.495220435,10075.0,0.0
6572.505572751,10075.0,0.0
6572.516588727,10075.0,0.0
6572.524969312,10075.0,0.0
6572.535225296,10075.0,0.0
6572.545668694,10075.0,0.0
6572.556569005,10075.0,0.0
6572.566171328,10075.0,0.0
6572.575082158,10075.0,0.0
6572.587211373,10075.0,0.0
6572.600509993,10075.0,0.0
6572.605273447,10075.0,0.0
6572.615519097,10075.0,0.0
6572.625757998,10075.0,0.0
6572.635062907,10075.0,0.0
6572.646295214,10075.0,0.0
6572.659640334,10075.0,0.0
6572.669646404,10075.0,0.0
6572.679856554,10075.0,0.0
6572.689624292,10075.0,0.0
6572.699662778,10075.0,0.0
6572.710017677,10075.0,0.0
6572.722516055,10075.0,0.0
6572.729833068,10075.0,0.0
6572.740402131,10075.0,0.0
6572.750008371,10075.0,0.0
6572.759766693,10075.0,0.0
6572.769248350,10075.0,0.0
6572.786359434,10075.0,0.0
6572.791645632,10075.0,0.0
6572.801841616,10075.0,0.0
6572.810976861,10075.0,0.0
6572.821098929,10075.0,0.0
6572.831461661,10075.0,0.0
6572.841668812,10075.0,0.0
6572.852206876,10075.0,0.0
6572.862215278,10075.0,0.0
6572.872452179,10075.0,0.0
6572.882481081,10075.0,0.0
6572.892960146,10075.0,0.0
6572.901968475,10075.0,0.0
6572.912604621,10075.0,0.0
6572.923069353,10075.0,0.0
6572.932148264,10075.0,0.0
6572.942215999,10075.0,0.0
6572.952946062,10075.0,0.0
6572.963147046,10075.0,0.0
6572.973446445,10075.0,0.0
6572.986821232,10075.0,0.0
6572.993864330,10075.0,0.0
6573.004650558,10075.0,0.0
6573.014961958,10075.0,0.0
6573.025236608,10075.0,0.0
6573.036136918,10075.0,0.0
6573.055926059,10075.0,0.0
6573.057554710,10075.0,0.0
6573.066781370,10075.0,0.0
6573.077110269,10075.0,0.0
6573.086308430,10075.0,0.0
6573.096460581,10075.0,0.0
6573.107328975,10075.0,0.0
6573.117623708,10075.0,0.0
6573.129333761,10075.0,0.0
6573.136355692,10075.0,0.0
6573.147720165,10075.0,0.0
6573.157206989,10075.0,0.0
6573.167363974,10075.0,0.0
6573.177370626,10075.0,0.0
6573.189987587,10075.0,0.0
6573.205858766,10075.0,0.0
6573.209044818,10075.0,0.0
6573.219362134,10075.0,0.0
6573.229133206,10075.0,0.0
6573.239443522,10075.0,0.0
6573.250058252,10075.0,0.0
6573.271920456,10075.0,0.0
6573.271955622,10075.0,0.0
6573.280570955,10075.0,0.0
6573.290842605,10075.0,0.0
6573.301720166,10075.0,0.0
6573.312135147,10075.0,0.0
6573.326101345,10075.0,0.0
6573.331508125,10075.0,0.0
6573.341155865,10075.0,0.0
6573.351745262,10075.0,0.0
6573.361790581,10075.0,0.0
6573.371664401,10075.0,0.0
6573.388451238,10075.0,0.0
6573.391595790,10075.0,0.0
6573.402164187,10075.0,0.0
6573.411263016,10075.0,0.0
6573.421663164,10075.0,0.0
6573.431698567,10075.0,0.0
6573.442667293,10075.0,0.0
6573.455730583,10075.0,0.0
6573.463301009,10075.0,0.0
6573.473129163,10075.0,0.0
6573.484690801,10075.0,0.0
6573.494899534,10075.0,0.0
6573.504382609,10075.0,0.0
6573.517867478,10075.0,0.0
6573.525551569,10075.0,0.0
6573.535352891,10075.0,0.0
6573.545421709,10075.0,0.0
6573.556169938,10075.0,0.0
6573.565233266,10075.0,0.0
6573.575555749,10075.0,0.0
6573.587233802,10075.0,0.0
6573.595114725,10075.0,0.0
6573.605703039,10075.0,0.0
6573.616410851,10075.0,10.0
6573.625115267,10075.0,10.0
6573.635381250,10075.0,10.0
6573.648247958,10075.0,10.0
6573.657416785,10075.0,10.0
6573.665210293,10075.0,0.0
6573.675956771,10075.0,0.0
6573.685646677,10075.0,0.0
6573.696442155,10075.0,0.0
6573.706738638,10075.0,0.0
6573.717602449,10075.0,0.0
6573.730399825,10075.0,0.0
6573.737421923,10075.0,0.0
6573.747305993,10075.0,0.0
6573.756544987,10075.0,0.0
6573.766948802,10075.0,0.0
6573.776842122,10075.0,0.0
6573.788204345,10075.0,0.0
6573.796406099,10075.0,0.0
6573.806622999,10075.0,0.0
6573.817063481,10075.0,0.0
6573.826681970,10075.0,0.0
6573.836538708,10075.0,0.0
6573.861332466,10075.0,0.0
6573.861607630,10075.0,0.0
6573.867659321,10075.0,0.0
6573.878061054,10075.0,0.0
6573.888910781,10075.0,0.0
6573.898931017,10075.0,0.0
6573.908874837,10075.0,0.0
6573.923073865,10075.0,0.0
6573.928118149,10075.0,0.0
6573.938346966,10075.0,0.0
6573.948880531,10075.0,0.0
6573.957821360,10075.0,0.0
6573.968441757,10075.0,0.0
6573.979234402,10075.0,0.0
6573.987846985,10075.0,0.0
6573.998449715,10075.0,0.0
6574.008277202,10075.0,0.0
6574.018401104,10075.0,0.0
6574.028873085,10075.0,10.0
6574.037936580,10075.0,10.0
6574.048134814,10075.0,10.0
6574.058488297,10075.0,10.0
6574.069125860,10075.0,10.0
6574.078006607,10075.0,10.0
6574.088748169,10075.0,10.0
6574.098912736,10075.0,10.0
6574.108825640,10075.0,10.0
6574.122364341,10075.0,0.0
6574.128914778,10075.0,0.0
6574.138048605,10075.0,0.0
6574.148546086,10075.0,0.0
6574.158910402,10075.0,0.0
6574.168268561,10075.0,0.0
6574.178543211,10075.0,0.0
6574.190073432,10075.0,0.0
6574.198628015,10075.0,0.0
6574.208421003,10075.0,0.0
6574.219254731,10075.0,0.0
6574.229205634,10075.0,0.0
6574.239248953,10075.0,0.0
6574.254756636,10075.0,0.0
6574.263551550,10075.0,0.0
6574.275470100,10075.0,0.0
6574.284072100,10075.0,0.0
6574.293251177,10075.0,0.0
6574.303745742,10075.0,0.0
6574.322800140,10075.0,0.0
6574.326468771,10075.0,0.0
6574.337787827,10075.0,0.0
6574.346882238,10075.0,0.0
6574.357160388,10075.0,0.0
6574.367594037,10075.0,0.0
6574.384559955,10075.0,0.0
6574.388527583,10075.0,0.0
6574.398865732,10075.0,0.0
6574.408935134,10075.0,0.0
6574.419104119,10075.0,0.0
6574.428754108,10075.0,0.0
6574.439462420,10075.0,0.0
6574.448617498,10075.0,0.0
6574.459914804,10075.0,0.0
6574.470527534,10075.0,0.0
6574.479786361,10075.0,0.0
6574.489312352,10075.0,0.0
6574.499346754,10075.0,0.0
6574.509653737,10075.0,0.0
6574.522587444,10075.0,0.0
6574.533828501,10075.0,0.0
6574.543131328,10075.0,0.0
6574.553452310,10075.0,0.0
6574.563596628,10075.0,0.0
6574.573850695,10075.0,0.0
6574.583292853,10075.0,0.0
6574.593927500,10075.0,0.0
6574.603094910,10075.0,0.0
6574.613715390,10075.0,0.0
6574.624298120,10075.0,0.0
6574.633335616,10075.0,0.0
6574.644604173,10075.0,0.0
6574.657408048,10075.0,0.0
6574.665845133,10075.0,0.0
6574.675160292,10075.0,0.0
6574.685268610,10075.0,0.0
6574.695641759,10075.0,0.0
6574.705737161,10075.0,0.0
6574.715829896,10075.0,0.0
6574.725835132,10075.0,0.0
6574.736259447,10075.0,0.0
6574.747221174,10075.0,0.0
6574.756139837,10075.0,0.0
6574.766183572,10075.0,0.0
6574.776738469,10075.0,0.0
6574.786794372,10075.0,0.0
6574.796150780,10075.0,0.0
6574.806321931,10075.0,0.0
6574.816906078,10075.0,0.0
6574.827048730,10075.0,0.0
6574.837928374,10075.0,0.0
6574.849874757,10075.0,0.0
6574.858247009,10075.0,0.0
6574.867025424,10075.0,0.0
6574.877344990,10075.0,0.0
6574.888064302,10075.0,0.0
6574.897108797,10075.0,0.0
6574.907414447,10075.0,0.0
6574.920554986,10075.0,0.0
6574.930670054,10075.0,-10.0
6574.940353293,10075.0,-10.0
6574.951349019,10075.0,-10.0
6574.960257432,10075.0,-10.0
6574.970370417,10075.0,-10.0
6574.981655891,10075.0,-10.0
6574.995990168,10075.0,-10.0
6575.000391292,10075.0,-10.0
6575.009715534,10075.0,-10.0
6575.020344931,10075.0,-10.0
6575.030402749,10075.0,-10.0
6575.044255115,10075.0,-10.0
6575.060092377,10075.0,-10.0
6575.061557446,10075.0,-10.0
6575.072380674,10075.0,-10.0
6575.081940081,10075.0,-10.0
6575.092204731,10075.0,-10.0
6575.102783211,10075.0,-10.0
6575.114844511,10075.0,-10.0
6575.128121715,10075.0,-10.0
6575.134068823,10075.0,-10.0
6575.143924477,10075.0,-10.0
6575.154545291,10075.0,-10.0
6575.164195613,10075.0,-10.0
6575.173376941,10075.0,-10.0
6575.187295638,10075.0,-10.0
6575.194302570,10075.0,-10.0
6575.203208233,10075.0,-10.0
6575.213527216,10075.0,-10.0
6575.224195529,10075.0,-10.0
6575.233060443,10075.0,-10.0
6575.243532257,10075.0,-10.0
6575.254453151,10075.0,-10.0
6575.266203787,10075.0,-10.0
6575.274879369,10075.0,-10.0
6575.284050946,10075.0,-10.0
6575.294226097,10075.0,0.0
6575.304822911,10075.0,0.0
6575.315482890,10075.0,0.0
6575.326127037,10075.0,0.0
6575.335636527,10075.0,0.0
6575.346223508,10075.0,0.0
6575.356655489,10075.0,0.0
6575.366918389,10075.0,-10.0
6575.393418048,10075.0,-10.0
6575.393448714,10075.0,-10.0
6575.397074262,10075.0,-10.0
6575.407544077,10075.0,-10.0
6575.417728061,10075.0,-10.0
6575.426972638,10075.0,-10.0
6575.437899032,10075.0,-10.0
6575.447676936,10075.0,-10.0
6575.461115222,10075.0,-10.0
6575.468875313,10075.0,-10.0
6575.478864966,10075.0,-10.0
6575.488657954,10075.0,-10.0
6575.498877771,10075.0,-10.0
6575.508922923,10075.0,-10.0
6575.519728318,10075.0,-10.0
6575.529155560,10075.0,-10.0
6575.539633041,10075.0,-10.0
6575.549749192,10075.0,-10.0
6575.559110018,10075.0,-10.0
6575.569728998,10075.0,-10.0
6575.580538643,10075.0,-10.0
6575.590207632,10075.0,-10.0
6575.600650280,10075.0,-10.0
6575.610896430,10075.0,-10.0
6575.620243756,10075.0,-10.0
6575.631201233,10075.0,-10.0
6575.642450123,10075.0,-10.0
6575.650663543,10075.0,-10.0
6575.662558677,10075.0,-10.0
6575.671529423,10075.0,-10.0
6575.684173967,10075.0,-10.0
6575.693534542,10075.0,-10.0
6575.703802609,10075.0,-10.0
6575.715008750,10075.0,-10.0
6575.724300743,10075.0,-10.0
6575.733843566,10075.0,-10.0
6575.743406807,10075.0,-10.0
6575.754859112,10075.0,-10.0
6575.763602777,10075.0,-10.0
6575.774809668,10075.0,-10.0
6575.796772620,10075.0,-10.0
6575.796887369,10075.0,-10.0
6575.803209891,10075.0,-10.0
6575.813406792,10075.0,-10.0
6575.824082104,10075.0,-10.0
6575.833389681,10075.0,-10.0
6575.843594081,10075.0,-10.0
6575.854215561,10075.0,-10.0
6575.863905633,10075.0,0.0
6575.876317096,10075.0,0.0
6575.883874272,10075.0,0.0
6575.893579011,10075.0,0.0
6575.903816578,10075.0,0.0
6575.917206448,10075.0,0.0
6575.925839780,10075.0,0.0
6575.935450520,10075.0,0.0
6575.945336840,10075.0,0.0
6575.955506241,10075.0,0.0
6575.966805381,9780.0,0.0
6575.975186133,9780.0,0.0
6575.986299692,9780.0,0.0
6575.996236845,9780.0,0.0
6576.005697003,9780.0,0.0
6576.014980829,9780.0,0.0
6576.025375978,9780.0,0.0
6576.035736294,9780.0,0.0
6576.045502698,9780.0,0.0
6576.062741531,9780.0,0.0
6576.065626252,9780.0,0.0
6576.075741654,9780.0,0.0
6576.086470300,9780.0,0.0
6576.096858615,9780.0,0.0
6576.106452188,9780.0,0.0
6576.117384832,9780.0,0.0
6576.126817740,9780.0,0.0
6576.136546895,9780.0,0.0
6576.146062553,9780.0,0.0
6576.156072955,9780.0,0.0
6576.166272772,9780.0,0.0
6576.176517423,9780.0,0.0
6576.186692990,9780.0,0.0
6576.195908401,9780.0,0.0
6576.206262216,9780.0,0.0
6576.216620699,9780.0,0.0
6576.226945265,9780.0,0.0
6576.236453006,9780.0,0.0
6576.256117231,9780.0,0.0
6576.257145221,9780.0,0.0
6576.267398288,9780.0,0.0
6576.277562189,9780.0,0.0
6576.287988754,9780.0,0.0
6576.298192321,9780.0,0.0
6576.307653062,9780.0,0.0
6576.318139377,9780.0,0.0
6576.333643976,9780.0,0.0
6576.337451522,9780.0,0.0
6576.348926077,9780.0,0.0
6576.360363549,9780.0,0.0
6576.369498960,9780.0,0.0
6576.381283179,9780.0,0.0
6576.391722744,9780.0,0.0
6576.400058663,9780.0,0.0
6576.410709559,9780.0,0.0
6576.422105365,9780.0,0.0
6576.430292702,9780.0,0.0
6576.440716017,9780.0,0.0
6576.468328081,9780.0,0.0
6576.468398081,9780.0,0.0
6576.471075471,9780.0,0.0
6576.481493953,9780.0,0.0
6576.491228858,9780.0,0.0
6576.501496675,9780.0,0.0
6576.511738742,9780.0,0.0
6576.521784977,9780.0,0.0
6576.532027044,9780.0,0.0
6576.542235445,9780.0,0.0
6576.552366346,9780.0,0.0
6576.562468498,9780.0,0.0
6576.572722981,9780.0,0.0
6576.582276638,9780.0,0.0
6576.593425363,9780.0,-10.0
6576.602914771,9780.0,-10.0
6576.613659833,9780.0,-10.0
6576.623020658,9780.0,-10.0
6576.633685554,9780.0,-10.0
6576.645013361,9780.0,-10.0
6576.653144532,9780.0,-10.0
6576.663537514,9780.0,-10.0
6576.673647499,9780.0,-10.0
6576.683958565,9780.0,-10.0
6576.694666377,9780.0,0.0
6576.705255358,9780.0,0.0
6576.715405175,9780.0,0.0
6576.724839917,9780.0,0.0
6576.734623072,9780.0,0.0
6576.744842222,9780.0,0.0
6576.754445545,9780.0,0.0
6576.764863527,9780.0,0.0
6576.775195510,9780.0,0.0
6576.785358161,9780.0,0.0
6576.796054723,9780.0,0.0
6576.805003636,9780.0,0.0
6576.816430025,9780.0,0.0
6576.826483094,9780.0,0.0
6576.835872169,9780.0,0.0
6576.859501606,9780.0,0.0
6576.859546188,9780.0,0.0
6576.866394038,9780.0,0.0
6576.876754521,9780.0,0.0
6576.886934422,9780.0,0.0
6576.896282497,9780.0,0.0
6576.907388389,9780.0,0.0
6576.923632648,9780.0,0.0
6576.930677246,9780.0,0.0
6576.941688055,9780.0,0.0
6576.951406627,9780.0,0.0
6576.961862442,9780.0,0.0
6576.971939427,9780.0,0.0
6576.985305547,9780.0,0.0
6576.991826984,9780.0,0.0
6577.001732304,9780.0,0.0
6577.012019120,9780.0,0.0
6577.021103115,9780.0,0.0
6577.032249173,9780.0,0.0
6577.045854958,9780.0,0.0
6577.052661475,9780.0,0.0
6577.062407380,9780.0,0.0
6577.072624197,9780.0,0.0
6577.083216427,9780.0,10.0
6577.093120081,9780.0,10.0
6577.103331815,9780.0,10.0
6577.114556455,9780.0,10.0
6577.124099279,9780.0,10.0
6577.133375439,9780.0,10.0
6577.143752754,9780.0,10.0
6577.154516733,9780.0,10.0
6577.163540312,9780.0,10.0
6577.175116366,9780.0,0.0
6577.191436290,9780.0,0.0
6577.195742915,9780.0,0.0
6577.203268258,9780.0,0.0
6577.213853488,9780.0,0.0
6577.223762142,9780.0,0.0
6577.233026718,9780.0,0.0
6577.249621724,9780.0,0.0
6577.253748350,9780.0,0.0
6577.263953334,9780.0,0.0
6577.273111245,9780.0,0.0
6577.283422894,9780.0,0.0
6577.293892792,9780.0,0.0
6577.303938695,9780.0,0.0
6577.317796060,9780.0,0.0
6577.325623400,9780.0,0.0
6577.335846467,9780.0,0.0
6577.345208793,9780.0,0.0
6577.355704607,9780.0,0.0
6577.365188515,9780.0,0.0
6577.395252139,9780.0,0.0
6577.395281472,9780.0,0.0
6577.400707502,9780.0,0.0
6577.412530887,9780.0,0.0
6577.422551956,9780.0,0.0
6577.433430434,9780.0,0.0
6577.442450929,9780.0,0.0
6577.454172398,9780.0,0.0
6577.462620149,9780.0,0.0
6577.471830060,9780.0,0.0
6577.481328551,9780.0,0.0
6577.491364536,9780.0,0.0
6577.502028932,9780.0,0.0
6577.511610756,9780.0,0.0
6577.523106811,9780.0,0.0
6577.534720531,9780.0,0.0
6577.542145042,9780.0,0.0
6577.553027852,9780.0,0.0
6577.563054255,9780.0,0.0
6577.573686901,9780.0,0.0
6577.584609128,9780.0,0.0
6577.594729363,9780.0,0.0
6577.604772515,9780.0,0.0
6577.617048979,9780.0,0.0
6577.624564239,9780.0,0.0
6577.635205802,9780.0,0.0
6577.650524153,9780.0,0.0
6577.656229181,9780.0,0.0
6577.664869847,9780.0,0.0
6577.675262246,9780.0,0.0
6577.686065140,9780.0,0.0
6577.696179792,9780.0,0.0
6577.707027186,9780.0,0.0
6577.721696377,9780.0,0.0
6577.731178951,9780.0,0.0
6577.741799514,9780.0,0.0
6577.751621002,9780.0,0.0
6577.761903402,9780.0,0.0
6577.772430633,9780.0,0.0
6577.782778282,9780.0,0.0
6577.792052692,9780.0,0.0
6577.802457340,9780.0,0.0
6577.812542742,9780.0,0.0
6577.822687060,9780.0,0.0
6577.831966386,9780.0,0.0
6577.843390358,9780.0,0.0
6577.852277855,9780.0,0.0
6577.863081667,9780.0,0.0
6577.873182818,9780.0,0.0
6577.884108629,9780.0,0.0
6577.893622036,9780.0,0.0
6577.903965852,9780.0,0.0
6577.917790301,9780.0,0.0
6577.924438486,9780.0,0.0
6577.933249067,9780.0,0.0
6577.943720465,9780.0,0.0
6577.954245946,9780.0,0.0
6577.964177016,9780.0,0.0
6577.974532831,9780.0,0.0
6577.987770286,9780.0,0.0
6577.994732635,8980.0,0.0
6578.003833630,8980.0,0.0
6578.013456702,8980.0,0.0
6578.023673103,8980.0,0.0
6578.034014252,8980.0,0.0
6578.056761697,8980.0,0.0
6578.056907696,8980.0,0.0
6578.064429039,8980.0,0.0
6578.074698106,8980.0,0.0
6578.085664999,9780.0,0.0
6578.094287749,9780.0,0.0
6578.105868469,9780.0,0.0
6578.121299486,9780.0,0.0
6578.124505038,9780.0,0.0
6578.134357359,9780.0,0.0
6578.145901913,9780.0,0.0
6578.155282905,9780.0,0.0
6578.164836728,9780.0,0.0
6578.174954630,9780.0,0.0
6578.195011435,9780.0,0.0
6578.195140517,9780.0,0.0
6578.204716923,9780.0,0.0
6578.214796325,9780.0,0.0
6578.224217650,9780.0,0.0
6578.234647215,9780.0,0.0
6578.250006232,9780.0,0.0
6578.258031238,9780.0,0.0
6578.268287888,9780.0,0.0
6578.277153135,9780.0,0.0
6578.287948946,9780.0,0.0
6578.298067014,9780.0,0.0
6578.308396331,9780.0,0.0
6578.321696618,9780.0,0.0
6578.329859955,9780.0,0.0
6578.338853034,9780.0,0.0
6578.350576503,9780.0,0.0
6578.360179243,9780.0,0.0
6578.369469486,9780.0,0.0
6578.394413993,9780.0,0.0
6578.394450409,9780.0,0.0
6578.400761431,9780.0,0.0
6578.409706344,9780.0,0.0
6578.419402583,9780.0,0.0
6578.429416985,9780.0,0.0
6578.440748792,9780.0,0.0
6578.451642769,9780.0,0.0
6578.460048021,9780.0,0.0
6578.469399179,9780.0,0.0
6578.479831995,9780.0,0.0
6578.489512317,9780.0,0.0
6578.500571043,9780.0,0.0
6578.510562529,9780.0,0.0
6578.521297674,9780.0,0.0
6578.537858846,9780.0,0.0
6578.540949149,9780.0,0.0
6578.550225726,9780.0,0.0
6578.560518126,9780.0,0.0
6578.571071356,9780.0,0.0
6578.583766733,9780.0,0.0
6578.592217734,9780.0,0.0
6578.601016815,9780.0,0.0
6578.617632236,9780.0,0.0
6578.622424356,9780.0,0.0
6578.632716173,9780.0,0.0
6578.649879255,9780.0,0.0
6578.653750801,9780.0,0.0
6578.663914785,9780.0,0.0
6578.673586025,9780.0,0.0
6578.683972757,9780.0,0.0
6578.693373832,9780.0,0.0
6578.703536816,9780.0,0.0
6578.716685022,9780.0,0.0
6578.726940088,9780.0,0.0
6578.736912241,9780.0,0.0
6578.747771802,9780.0,0.0
6578.757752122,9780.0,0.0
6578.768626599,9780.0,0.0
6578.778308422,9780.0,0.0
6578.788686904,9780.0,0.0
6578.799499465,9780.0,0.0
6578.810270277,9780.0,0.0
6578.818719195,9780.0,0.0
6578.829168843,9780.0,0.0
6578.838385837,9780.0,0.0
6578.849490562,9780.0,0.0
6578.860306540,9780.0,0.0
6578.869197203,9780.0,0.0
6578.878985275,9780.0,0.0
6578.888234184,9780.0,0.0
6578.898651750,9780.0,0.0
6578.911099628,9780.0,0.0
6578.918711054,9780.0,0.0
6578.929283951,9780.0,0.0
6578.938350530,9780.0,0.0
6578.948291766,9780.0,0.0
6578.958396085,9780.0,0.0
6578.969101814,9780.0,0.0
6578.978768136,9780.0,0.0
6578.988388543,9780.0,0.0
6578.998834774,9780.0,0.0
6579.007973769,9780.0,0.0
6579.018120670,9780.0,0.0
6579.028662234,9780.0,0.0
6579.038815385,9780.0,0.0
6579.048776705,9780.0,0.0
6579.059122854,9780.0,0.0
6579.069770417,9780.0,0.0
6579.079646987,9780.0,0.0
6579.090110219,9780.0,0.0
6579.099369462,9780.0,0.0
6579.113105495,9780.0,0.0
6579.120862836,9780.0,0.0
6579.129271004,9780.0,0.0
6579.139423489,9780.0,0.0
6579.149684555,9780.0,0.0
6579.158985215,9780.0,0.0
6579.169877942,9780.0,0.0
6579.184147386,9780.0,0.0
6579.194819199,9780.0,0.0
6579.200050732,9780.0,0.0
6579.210227216,9780.0,0.0
6579.220404950,9780.0,0.0
6579.230651350,9780.0,0.0
6579.241535161,9780.0,0.0
6579.252337222,9780.0,0.0
6579.261444217,9780.0,0.0
6579.271718950,9780.0,0.0
6579.280942444,9780.0,0.0
6579.291050679,9780.0,0.0
6579.301259496,9780.0,0.0
6579.311731061,9780.0,0.0
6579.322075043,9780.0,0.0
6579.332206445,9780.0,0.0
6579.341549354,9780.0,0.0
6579.352589580,9780.0,0.0
6579.361642325,9780.0,0.0
6579.371991807,9780.0,0.0
6579.382569621,9780.0,0.0
6579.391537367,9780.0,0.0
6579.401868850,9780.0,0.0
6579.410980344,9780.0,0.0
6579.421605574,9780.0,0.0
6579.431977390,9780.0,0.0
6579.441284383,9780.0,0.0
6579.455191830,9780.0,0.0
6579.461919848,9780.0,0.0
6579.472161832,9780.0,0.0
6579.486388860,9780.0,0.0
6579.496837342,9780.0,0.0
6579.507140408,9780.0,0.0
6579.517878970,9780.0,0.0
6579.529237526,9780.0,0.0
6579.538205855,9780.0,0.0
6579.548160425,9780.0,0.0
6579.558440992,9780.0,0.0
6579.568732558,9780.0,0.0
6579.579006208,9780.0,0.0
6579.595169884,9780.0,0.0
6579.601910902,9780.0,0.0
6579.611108146,9780.0,0.0
6579.622014706,9780.0,0.0
6579.631541947,9780.0,0.0
6579.650246681,9780.0,0.0
6579.651689584,9780.0,0.0
6579.662083899,9780.0,0.0
6579.672167968,9780.0,0.0
6579.682685032,9780.0,0.0
6579.692044108,9780.0,0.0
6579.703020251,9780.0,0.0
6579.718423684,9780.0,0.0
6579.724790789,9780.0,0.0
6579.734229613,9780.0,0.0
6579.744190016,9780.0,0.0
6579.824884481,9780.0,0.0
6579.825129645,9780.0,0.0
6579.835552960,9780.0,0.0
6579.846390355,9780.0,0.0
6579.856557589,9780.0,0.0
6579.866576575,9780.0,0.0
6579.876887808,9780.0,0.0
6579.886906543,9780.0,0.0
6579.896483200,9780.0,0.0
6579.906490769,9780.0,0.0
6579.923979682,9780.0,0.0
6579.928749969,9780.0,0.0
6579.936568893,9780.0,0.0
6579.946921376,9780.0,0.0
6579.956571448,9780.0,0.0
6579.966936097,9780.0,0.0
6579.977393412,9780.0,0.0
6579.993559838,9780.0,0.0
6579.996738724,9780.0,0.0
6580.005887968,9780.0,0.0
6580.016776279,9780.0,0.0
6580.026727849,9780.0,0.0
6580.035968342,9780.0,0.0
6580.047844226,9780.0,0.0
6580.060190606,9780.0,0.0
6580.066627793,9780.0,0.0
6580.077978266,9780.0,0.0
6580.086478017,9780.0,0.0
6580.096679917,9780.0,0.0
6580.107118899,9780.0,0.0
6580.117076302,9780.0,0.0
6580.126407211,9780.0,0.0
6580.140374242,9780.0,0.0
6580.146854346,9780.0,0.0
6580.156067339,9780.0,0.0
6580.166550487,9780.0,0.0
6580.190850667,9780.0,0.0
6580.190975416,9780.0,0.0
6580.197165356,9780.0,0.0
6580.205991270,9780.0,0.0
6580.216175087,9780.0,0.0
6580.226926899,9780.0,0.0
6580.236756720,9780.0,0.0
6580.246069963,9780.0,0.0
6580.256246280,9780.0,0.0
6580.266500514,9780.0,0.0
6580.276685915,9780.0,0.0
6580.286895899,9780.0,0.0
6580.297172382,9780.0,0.0
6580.307359116,9780.0,0.0
6580.317689432,9780.0,0.0
6580.328322412,9780.0,0.0
6580.338492563,9780.0,0.0
6580.348624381,9780.0,0.0
6580.359127695,9780.0,0.0
6580.369328429,9780.0,0.0
6580.379714828,9780.0,0.0
6580.392490954,9780.0,0.0
6580.399816716,9780.0,0.0
6580.409037793,9780.0,0.0
6580.419710939,9780.0,0.0
6580.429890923,9780.0,0.0
6580.439241665,9780.0,0.0
6580.454371018,9780.0,0.0
6580.459739216,9780.0,0.0
6580.469079208,9780.0,0.0
6580.479671271,9780.0,0.0
6580.489803006,9780.0,0.0
6580.499169582,9780.0,0.0
6580.509482648,9780.0,0.0
6580.526785979,9780.0,0.0
6580.529899532,9780.0,0.0
6580.540264681,9780.0,0.0
6580.550881661,9780.0,0.0
6580.561143811,9780.0,0.0
6580.570362638,9780.0,0.0
6580.591783430,9780.0,0.0
6580.592183676,9780.0,0.0
6580.601028840,9780.0,0.0
6580.610739329,9780.0,0.0
6580.620279652,9780.0,0.0
6580.630783633,9780.0,0.0
6580.641517695,9780.0,0.0
6580.656572882,9780.0,0.0
6580.666120373,9780.0,0.0