%time,field.velocity,field.angle
6617.570603355,9780.0,0.0
6617.581407916,9780.0,0.0
6617.590363912,9780.0,0.0
6617.600583729,9780.0,0.0
6617.612792361,9780.0,0.0
6617.620977614,9780.0,0.0
6617.638699775,9780.0,0.0
6617.642628570,9780.0,0.0
6617.654863451,9780.0,0.0
6617.683590671,9780.0,0.0
6617.683637921,9780.0,0.0
6617.693533908,9780.0,0.0
6617.702693985,9780.0,0.0
6617.706966110,9780.0,0.0
6617.736351991,9780.0,0.0
6617.736708321,9780.0,0.0
6617.739677958,9780.0,0.0
6617.754031652,9780.0,0.0
6617.764477800,9780.0,0.0
6617.788728231,9780.0,0.0
6617.788758730,9780.0,0.0
6617.794513924,9780.0,0.0
6617.805037572,9780.0,0.0
6617.814100400,9780.0,0.0
6617.828546843,9780.0,0.0
6617.835201028,9780.0,0.0
6617.846235171,9780.0,0.0
6617.855172084,9780.0,0.0
6617.864305495,9780.0,0.0
6617.874525479,9780.0,0.0
6617.884610130,9780.0,0.0
6617.894743365,9780.0,0.0
6617.908012736,9780.0,0.0
6617.918360552,9780.0,0.0
6617.926227142,9780.0,0.0
6617.940136673,9780.0,0.0
6617.946840774,9780.0,0.0
6617.957240257,9780.0,0.0
6617.967017078,9780.0,0.0
6617.979610039,9780.0,0.0
6617.995423135,9780.0,0.0
6617.999886591,9780.0,0.0
6618.009376499,9780.0,0.0
6618.019476734,9780.0,0.0
6618.029760050,9780.0,0.0
6618.041942265,9780.0,0.0
6618.050610431,9780.0,0.0
6618.066769273,9780.0,0.0
6618.074090452,9780.0,0.0
6618.083140864,9780.0,0.0
6618.093768260,9780.0,0.0
6618.103592665,9780.0,0.0
6618.113765649,9780.0,0.0
6618.123113558,9780.0,0.0
6618.133557123,9780.0,0.0
6618.143015614,9780.0,0.0
6618.153230515,9780.0,0.0
6618.163405082,9780.0,0.0
6618.173933730,9780.0,0.0
6618.183009641,9780.0,0.0
6618.193142793,9780.0,0.0
6618.203494275,9780.0,0.0
6618.215889488,9780.0,0.0
6618.223430081,9780.0,0.0
6618.233517816,9780.0,0.0
6618.249551160,9780.0,0.0
6618.253163708,9780.0,0.0
6618.263511441,9780.0,0.0
6618.273748175,9780.0,0.0
6618.283913076,9780.0,0.0
6618.294228475,9780.0,0.0
6618.304726540,9780.0,0.0
6618.316172428,9780.0,0.0
6618.325104925,9780.0,0.0
6618.335726404,9780.0,0.0
6618.345631058,9780.0,0.0
6618.354814219,9780.0,0.0
6618.365153451,9780.0,0.0
6618.375367602,9780.0,0.0
6618.385532253,9780.0,0.0
6618.396148483,9780.0,0.0
6618.405685223,9780.0,0.0
6618.414832051,9780.0,0.0
6618.425354115,9780.0,0.0
6618.435666515,9780.0,0.0
6618.445902248,9780.0,0.0
6618.455410406,9780.0,0.0
6618.466062135,9780.0,0.0
6618.476376785,9780.0,0.0
6618.485351614,9780.0,0.0
6618.496162759,9780.0,0.0
6618.506173828,9780.0,0.0
6618.516438895,9780.0,0.0
6618.527040042,9780.0,0.0
6618.537067694,9780.0,0.0
6618.547541175,9780.0,0.0
6618.557464245,9780.0,0.0
6618.567632980,9780.0,0.0
6618.577959546,9780.0,0.0
6618.588128780,9780.0,0.0
6618.598241265,9780.0,0.0
6618.608530831,9780.0,0.0
6618.619013063,9780.0,0.0
6618.627945142,9780.0,0.0
6618.638326208,9780.0,0.0
6618.648440193,9780.0,0.0
6618.658566178,9780.0,0.0
6618.668839994,9780.0,0.0
6618.678136904,9780.0,0.0
6618.688437387,9780.0,0.0
6618.698881952,9780.0,0.0
6618.713400477,9780.0,0.0
6618.720308493,9780.0,0.0
6618.730649559,9780.0,0.0
6618.741605119,9780.0,0.0
6618.752754927,9780.0,0.0
6618.762170085,9780.0,0.0
6618.774243051,9780.0,0.0
6618.783004049,9780.0,0.0
6618.792856120,9780.0,0.0
6618.802036197,9780.0,0.0
6618.813760166,9780.0,0.0
6618.824401729,9780.0,0.0
6618.833329809,9780.0,0.0
6618.843409211,9780.0,0.0
6618.856191503,9780.0,0.0
6618.863863178,9780.0,0.0
6618.873027339,9780.0,0.0
6618.883215157,9780.0,0.0
6618.893561139,9780.0,0.0
6618.903737957,9780.0,0.0
6618.913972441,9780.0,0.0
6618.924315256,9780.0,0.0
6618.934483241,9780.0,0.0
6618.944634309,9780.0,0.0
6618.954835626,9780.0,0.0
6618.965059360,9780.0,0.0
6618.975277344,9780.0,0.0
6618.985524410,9780.0,0.0
6618.995675395,9780.0,0.0
6619.005542799,9780.0,0.0
6619.015659950,9780.0,0.0
6619.025939684,9780.0,0.0
6619.035347759,9780.0,0.0
6619.046301152,9780.0,0.0
6619.057380044,9780.0,0.0
6619.064924054,9780.0,0.0
6619.075701366,9780.0,0.0
6619.086019599,9780.0,0.0
6619.095402257,9780.0,0.0
6619.108628962,9780.0,0.0
6619.122403078,9780.0,0.0
6619.128735683,9780.0,0.0
6619.139030916,9780.0,0.0
6619.145166689,9780.0,0.0
6619.155744336,9780.0,0.0
6619.165842905,9780.0,0.0
6619.181108923,9780.0,0.0
6619.204742443,9780.0,0.0
6619.204863358,9780.0,0.0
6619.208130160,9780.0,0.0
6619.219766130,9780.0,0.0
6619.228541377,9780.0,0.0
6619.238631029,9780.0,0.0
6619.249633672,9780.0,0.0
6619.259903322,9780.0,0.0
6619.268898068,9780.0,0.0
6619.279511548,9780.0,0.0
6619.289560617,9780.0,0.0
6619.299728851,9780.0,0.0
6619.309218925,9780.0,0.0
6619.319710073,9780.0,0.0
6619.329869557,9780.0,0.0
6619.340340039,9780.0,0.0
6619.350529773,9780.0,0.0
6619.366359785,9780.0,0.0
6619.370242914,9780.0,0.0
6619.389100647,9780.0,0.0
6619.391317709,9780.0,0.0
6619.401536610,9780.0,0.0
6619.412722001,9780.0,0.0
6619.456597657,9780.0,0.0
6619.456635906,9780.0,0.0
6619.468125211,9780.0,0.0
6619.475868636,9780.0,0.0
6619.485319377,9780.0,0.0
6619.496389936,9780.0,0.0
6619.505914260,9780.0,0.0
6619.515623249,9780.0,0.0
6619.526435477,9780.0,0.0
6619.541198833,9780.0,0.0
6619.547246274,9780.0,0.0
6619.557558674,9780.0,0.0
6619.567934239,9780.0,0.0
6619.576968401,9780.0,0.0
6619.587332717,9780.0,0.0
6619.597560118,9780.0,0.0
6619.607613186,9780.0,0.0
6619.618515747,9780.0,0.0
6619.628509066,9780.0,0.0
6619.639043547,9780.0,0.0
6619.649096116,9780.0,0.0
6619.659333099,10580.0,0.0
6619.668176597,10580.0,0.0
6619.678719994,10580.0,0.0
6619.689123059,10580.0,0.0
6619.698174305,10580.0,0.0
6619.710067939,10580.0,0.0
6619.726233531,10580.0,0.0
6619.729158336,10580.0,0.0
6619.739420653,10580.0,0.0
6619.749688803,10580.0,0.0
6619.759962703,10580.0,0.0
6619.770008355,10580.0,0.0
6619.780113090,10580.0,0.0
6619.789936244,10580.0,0.0
6619.801726296,10580.0,0.0
6619.811207954,10580.0,0.0
6619.820164617,10580.0,0.0
6619.830782930,10580.0,0.0
6619.840055423,10580.0,0.0
6619.850262240,10580.0,0.0
6619.861128051,10580.0,0.0
6619.871471117,10580.0,0.0
6619.880363364,10580.0,0.0
6619.891500672,10580.0,0.0
6619.902018320,10580.0,0.0
6619.919699981,10580.0,0.0
6619.925803088,10580.0,0.0
6619.935928906,10580.0,0.0
6619.946765301,10580.0,0.0
6619.955933461,10075.0,0.0
6619.965388286,10075.0,0.0
6619.978170161,10075.0,0.0
6619.986431081,10075.0,0.0
6619.996287568,10075.0,0.0
6620.005962557,10075.0,0.0
6620.016298873,10075.0,0.0
6620.025844947,10075.0,0.0
6620.035958682,10075.0,0.0
6620.045191842,10075.0,0.0
6620.055482159,10075.0,0.0
6620.065988390,10075.0,0.0
6620.081069909,10075.0,0.0
6620.086917936,10075.0,0.0
6620.096731757,10075.0,0.0
6620.107558402,10075.0,0.0
6620.117313307,10075.0,0.0
6620.145487699,10075.0,0.0
6620.145541365,10075.0,0.0
6620.146301358,10075.0,0.0
6620.157986077,10075.0,0.0
6620.167094155,10075.0,0.0
6620.178458878,10075.0,0.0
6620.187454124,10075.0,0.0
6620.212530879,10075.0,0.0
6620.212712794,10075.0,0.0
6620.218590904,10075.0,0.0
6620.230797118,10075.0,0.0
6620.239770947,10075.0,0.0
6620.250457343,10075.0,0.0
6620.281884537,10075.0,0.0
6620.281926370,10075.0,0.0
6620.282047869,10075.0,0.0
6620.291430278,10075.0,0.0
6620.302591336,10075.0,0.0
6620.312347074,10075.0,0.0
6620.321805065,10075.0,0.0
6620.332072382,10075.0,0.0
6620.347470482,10075.0,0.0
6620.352015271,10075.0,0.0
6620.361792176,10075.0,0.0
6620.371097169,10075.0,0.0
6620.381514817,10075.0,0.0
6620.391872133,10075.0,0.0
6620.401166293,10075.0,0.0
6620.425171392,10075.0,0.0
6620.425191392,10075.0,0.0
6620.431702079,10075.0,0.0
6620.442406474,10075.0,0.0
6620.453126203,10075.0,0.0
6620.476682974,10075.0,0.0
6620.476864805,10075.0,0.0
6620.482219003,10075.0,0.0
6620.493573059,10075.0,0.0
6620.503099133,10075.0,0.0
6620.512114129,10075.0,0.0
6620.523088772,10075.0,0.0
6620.542964079,10075.0,0.0
6620.544574813,10075.0,0.0
6620.555229209,10075.0,0.0
6620.565053197,10075.0,0.0
6620.574889851,10075.0,0.0
6620.597941960,10075.0,0.0
6620.597982376,10075.0,0.0
6620.609397265,10075.0,0.0
6620.618736841,10075.0,0.0
6620.626264767,10075.0,0.0
6620.636371336,10075.0,0.0
6620.647927556,10075.0,0.0
6620.661778005,10075.0,0.0
6620.681118900,10075.0,0.0
6620.689214488,10075.0,0.0
6620.693197949,10075.0,0.0
6620.702044029,10075.0,0.0
6620.714291577,10075.0,0.0
6620.723838734,10075.0,0.0
6620.741655560,10075.0,0.0
6620.746286432,10075.0,0.0
6620.755447676,10075.0,0.0
6620.765177581,10075.0,0.0
6620.775096735,10075.0,0.0
6620.789486095,10075.0,0.0
6620.795535452,10075.0,0.0
6620.805764853,10075.0,0.0
6620.815771839,10075.0,0.0
6620.825962906,10075.0,0.0
6620.836785801,10075.0,0.0
6620.847048034,10075.0,0.0
6620.856751023,10075.0,0.0
6620.869339567,10075.0,0.0
6620.876354499,10075.0,0.0
6620.886729981,10075.0,0.0
6620.897367794,10075.0,0.0
6620.906168792,10075.0,0.0
6620.916326693,10075.0,0.0
6620.926855674,10075.0,0.0
6620.935825420,10075.0,0.0
6620.946109236,10075.0,0.0
6620.956591384,10075.0,0.0
6620.966630036,10075.0,0.0
6620.977116851,10075.0,0.0
6620.988100911,10075.0,0.0
6620.998237729,10075.0,0.0
6621.008416546,10075.0,0.0
6621.019288607,10075.0,0.0
6621.028192187,10075.0,0.0
6621.038658418,10075.0,0.0
6621.059791963,10075.0,0.0
6621.059817046,10075.0,0.0
6621.068709792,10075.0,0.0
6621.079178524,10075.0,0.0
6621.088356351,10075.0,0.0
6621.098565752,10075.0,0.0
6621.110849799,10075.0,0.0
6621.118439225,10075.0,0.0
6621.140721591,10075.0,0.0
6621.140815507,10075.0,0.0
6621.149155759,10075.0,0.0
6621.159356743,10075.0,0.0
6621.169621393,10075.0,0.0
6621.179932959,10075.0,0.0
6621.189010204,10075.0,0.0
6621.199397103,10075.0,0.0
6621.209526588,10075.0,0.0
6621.219675072,10075.0,0.0
6621.228870900,10075.0,0.0
6621.239212216,10075.0,0.0
6621.249256701,10075.0,0.0
6621.259602350,10075.0,0.0
6621.270024749,10075.0,0.0
6621.280362482,10075.0,0.0
6621.290135803,10075.0,0.0
6621.300433536,10075.0,0.0
6621.317979365,10075.0,0.0
6621.325729456,10075.0,0.0
6621.329730584,10075.0,0.0
6621.340030317,10075.0,0.0
6621.350138469,10075.0,0.0
6621.359211714,10075.0,0.0
6621.369869943,10075.0,0.0
6621.389921998,10075.0,0.0
6621.390874739,10075.0,0.0
6621.401544468,10075.0,0.0
6621.416540489,10075.0,0.0
6621.423668503,10075.0,0.0
6621.431156513,10075.0,0.0
6621.442737150,10075.0,0.0
6621.461704799,10075.0,0.0
6621.469877720,10075.0,0.0
6621.479901622,10075.0,0.0
6621.489100532,10075.0,0.0
6621.499721429,10075.0,0.0
6621.509584000,10075.0,0.0
6621.519225322,10075.0,0.0
6621.529350474,10075.0,0.0
6621.539668207,10075.0,0.0
6621.549834441,10075.0,0.0
6621.559921759,10075.0,0.0
6621.570255575,10075.0,0.0
6621.580725640,10075.0,0.0
6621.590476379,10075.0,0.0
6621.600774195,10075.0,0.0
6621.610368518,10075.0,0.0
6621.620605918,10075.0,0.0
6621.631081983,10075.0,0.0
6621.640771305,10075.0,0.0
6621.653255934,10075.0,0.0
6621.662144264,10075.0,0.0
6621.672386248,10075.0,0.0
6621.682563732,10075.0,0.0
6621.692858382,10075.0,0.0
6621.702144541,10075.0,0.0
6621.713225517,10075.0,0.0
6621.724254576,10075.0,0.0
6621.734064480,10075.0,0.0
6621.743497139,10075.0,0.0
6621.753906370,10075.0,0.0
6621.763275946,10075.0,0.0
6621.773517930,10075.0,0.0
6621.784356074,10075.0,0.0
6621.795066553,10075.0,0.0
6621.804181631,10075.0,0.0
6621.815024609,10075.0,0.0
6621.825291259,10075.0,0.0
6621.835963988,10075.0,0.0
6621.848645531,10075.0,0.0
6621.856901451,10075.0,0.0
6621.866205944,10075.0,0.0
6621.877415585,10075.0,0.0
6621.886758327,10075.0,0.0
6621.896698980,10075.0,0.0
6621.907812455,10075.0,0.0
6621.925055037,10075.0,0.0
6621.930006239,10075.0,0.0
6621.940229806,10075.0,0.0
6621.950622622,10075.0,0.0
6621.960853189,10075.0,0.0
6621.970728843,10075.0,0.0
6621.980653413,10075.0,0.0
6621.990823397,10075.0,0.0
6622.000205639,10075.0,0.0
6622.010378123,10075.0,0.0
6622.020520858,10075.0,0.0
6622.030839924,10075.0,0.0
6622.040681328,10075.0,0.0
6622.050630981,10075.0,0.0
6622.060212888,10075.0,0.0
6622.070498371,10075.0,0.0
6622.081066518,10075.0,0.0
6622.090445177,10075.0,0.0
6622.100888575,10075.0,0.0
6622.110932561,10075.0,0.0
6622.125311837,10075.0,0.0
6622.135757069,10075.0,0.0
6622.144389152,10075.0,0.0
6622.154599469,10075.0,0.0
6622.164794453,10075.0,0.0
6622.174141612,10075.0,0.0
6622.185390586,10075.0,0.0
6622.199478365,10075.0,0.0
6622.207205540,10075.0,0.0
6622.216631198,10075.0,0.0
6622.227370094,10075.0,0.0
6622.236538921,10075.0,0.0
6622.247193317,10075.0,0.0
6622.257138887,10075.0,0.0
6622.272545237,10075.0,0.0
6622.279054840,10075.0,0.0
6622.288874411,10075.0,0.0
6622.299244810,10075.0,0.0
6622.309775041,10075.0,0.0
6622.330186509,10075.0,0.0
6622.330239175,10075.0,0.0
6622.339620917,10075.0,0.0
6622.350100148,10075.0,0.0
6622.359810637,10075.0,0.0
6622.370099370,10075.0,0.0
6622.380277855,10075.0,0.0
6622.396242199,10075.0,0.0
6622.402631387,10075.0,0.0
6622.412017129,10075.0,0.0
6622.422689442,10075.0,10.0
6622.431563689,10075.0,10.0
6622.442185502,10075.0,10.0
6622.451974740,10075.0,10.0
6622.462134558,10075.0,10.0
6622.472754537,10075.0,10.0
6622.482929355,10075.0,0.0
6622.492659177,10075.0,0.0
6622.503121242,10075.0,0.0
6622.513446141,10075.0,0.0
6622.521953725,10075.0,0.0
6622.533347864,10075.0,0.0
6622.542300610,10075.0,0.0
6622.552436012,10075.0,0.0
6622.563165157,10075.0,0.0
6622.571975738,10075.0,0.0
6622.582191889,10075.0,0.0
6622.592589537,10075.0,0.0
6622.602712689,10075.0,0.0
6622.614731822,10075.0,0.0
6622.623988398,10075.0,0.0
6622.634478629,10075.0,0.0
6622.655604257,10075.0,0.0
6622.658152066,10075.0,0.0
6622.668132968,10075.0,0.0
6622.677688959,10075.0,0.0
6622.688885600,10075.0,0.0
6622.698470006,10075.0,0.0
6622.709248151,10075.0,0.0
6622.735361230,10075.0,0.0
6622.735464313,10075.0,0.0
6622.741567253,10075.0,0.0
6622.750138753,10075.0,0.0
6622.759058500,10075.0,0.0
6622.769676313,10075.0,0.0
6622.780140711,10075.0,0.0
6622.789687535,10075.0,0.0
6622.798843696,10075.0,0.0
6622.809357677,10075.0,0.0
6622.819288913,10075.0,0.0
6622.829457647,10075.0,0.0
6622.841189367,10075.0,0.0
6622.849113373,10075.0,0.0
6622.859816769,10075.0,0.0
6622.869745255,10075.0,0.0
6622.879982739,10075.0,0.0
6622.889231149,10075.0,0.0
6622.899912795,10075.0,0.0
6622.913393830,10075.0,0.0
6622.919434605,10075.0,0.0
6622.929764254,10075.0,0.0
6622.939893322,10075.0,0.0
6622.950201138,10075.0,0.0
6622.959795878,10075.0,0.0
6622.969958946,10075.0,0.0
6622.979494437,10075.0,0.0
6622.993173637,10075.0,0.0
6623.001693554,10075.0,0.0
6623.009269730,10075.0,0.0
6623.019793711,10075.0,0.0
6623.029334535,10075.0,0.0
6623.041591415,10075.0,0.0
6623.053915379,10075.0,0.0
6623.061485305,10075.0,0.0
6623.070257386,10075.0,0.0
6623.080579786,10075.0,0.0
6623.091169932,10075.0,0.0
6623.101764329,10075.0,0.0
6623.111594484,10075.0,0.0
6623.128077240,10075.0,0.0
6623.131685871,10075.0,0.0
6623.143099343,10075.0,0.0
6623.153076330,10075.0,0.0
6623.163042483,10075.0,0.0
6623.173595630,10075.0,0.0
6623.183642615,10075.0,0.0
6623.194215429,10075.0,0.0
6623.214045486,10075.0,0.0
6623.214511231,10075.0,0.0
6623.224516384,10075.0,0.0
6623.236223103,10075.0,0.0
6623.243803446,10075.0,0.0
6623.254649674,10075.0,0.0
6623.264712076,10075.0,0.0
6623.274745228,10075.0,0.0
6623.293006217,10075.0,0.0
6623.295594275,10075.0,0.0
6623.307663991,10075.0,0.0
6623.315348416,10075.0,0.0
6623.334316982,10075.0,0.0
6623.336484627,10075.0,0.0
6623.347189023,10075.0,0.0
6623.355911438,10075.0,0.0
6623.365485678,10075.0,0.0
6623.381751103,10075.0,0.0
6623.388622036,10075.0,0.0
6623.399079851,10075.0,0.0
6623.407955348,10075.0,0.0
6623.418622494,10075.0,0.0
6623.428710979,10075.0,0.0
6623.439137627,10075.0,0.0
6623.451872087,10075.0,0.0
6623.460805667,10075.0,0.0
6623.470032327,10075.0,0.0
6623.480433725,10075.0,0.0
6623.490656209,10075.0,0.0
6623.506620054,10075.0,0.0
6623.511082177,10075.0,0.0
6623.521357160,10075.0,0.0
6623.532604551,10075.0,0.0
6623.544217854,10075.0,0.0
6623.563700665,10075.0,0.0
6623.569532941,10075.0,0.0
6623.582800312,10075.0,0.0
6623.590952316,10075.0,0.0
6623.601496880,10075.0,0.0
6623.614084591,10075.0,0.0
6623.620945441,10075.0,0.0
6623.631203341,10075.0,0.0
6623.641403158,10075.0,0.0
6623.651583476,10075.0,0.0
6623.662573535,10075.0,0.0
6623.671708030,10075.0,0.0
6623.681205270,10075.0,0.0
6623.691581419,10075.0,0.0
6623.702300982,10075.0,0.0
6623.712628964,10075.0,0.0
6623.723900188,10075.0,0.0
6623.735156245,10075.0,0.0
6623.742260843,10075.0,0.0
6623.752840573,10075.0,0.0
6623.763276721,10075.0,0.0
6623.772279884,10075.0,0.0
6623.783343193,10075.0,0.0
6623.793614676,10075.0,0.0
6623.803431830,10075.0,0.0
6623.813760146,10075.0,0.0
6623.823054306,10075.0,0.0
6623.833060875,10075.0,0.0
6623.843612439,10075.0,0.0
6623.853741340,10075.0,0.0
6623.863716577,10075.0,0.0
6623.874427806,10075.0,0.0
6623.886442605,10075.0,0.0
6623.894260279,10075.0,0.0
6623.906299245,10075.0,0.0
6623.915572572,10075.0,0.0
6623.924485735,10075.0,0.0
6623.951089726,10075.0,0.0
6623.951213225,10075.0,0.0
6623.956204759,10075.0,0.0
6623.965184339,10075.0,0.0
6623.975500155,10075.0,0.0
6623.992346741,10075.0,0.0
6623.995891456,10075.0,0.0
6624.005697194,10075.0,0.0
6624.015499599,10075.0,0.0
6624.025738249,10075.0,0.0
6624.035144574,10075.0,0.0
6624.045312058,10075.0,0.0
6624.056544782,10075.0,0.0
6624.066759683,10075.0,0.0
6624.077157248,10075.0,0.0
6624.087105401,10075.0,0.0
6624.098094628,10075.0,0.0
6624.107916532,10075.0,0.0
6624.117912018,10075.0,0.0
6624.127050346,10075.0,0.0
6624.137281996,10075.0,0.0
6624.147716728,10075.0,0.0
6624.158135626,10075.0,0.0
6624.167213205,10075.0,0.0
6624.180140745,10075.0,0.0
6624.187829754,10075.0,0.0
6624.197595825,10075.0,0.0
6624.207223482,10075.0,0.0
6624.217530798,10075.0,0.0
6624.227797281,10075.0,0.0
6624.237089024,10075.0,0.0
6624.247352758,10075.0,0.0
6624.258116569,10075.0,0.0
6624.268411053,10075.0,0.0
6624.277150801,10075.0,0.0
6624.287300202,10075.0,0.0
6624.297476770,10075.0,0.0
6624.307790502,10075.0,0.0
6624.317039246,10075.0,0.0
6624.327568060,10075.0,0.0
6624.337639378,10075.0,0.0
6624.348262692,10075.0,0.0
6624.358514009,10075.0,0.0
6624.368848241,10075.0,0.0
6624.382312443,10075.0,0.0
6624.391182940,10075.0,0.0
6624.402013168,10075.0,0.0
6624.412555982,10075.0,0.0
6624.421864142,10075.0,0.0
6624.434818599,10075.0,0.0
6624.445051083,10075.0,0.0
6624.455519731,10075.0,0.0
6624.465620049,10075.0,0.0
6624.475879616,10075.0,0.0
6624.485624438,10075.0,0.0
6624.495800838,10075.0,0.0
6624.505923157,10075.0,0.0
6624.525649131,10075.0,0.0
6624.525696881,10075.0,0.0
6624.536363277,10075.0,0.0
6624.545474938,10075.0,0.0
6624.555684005,10075.0,0.0
6624.566290069,10075.0,0.0
6624.589977755,10075.0,0.0
6624.590892996,10075.0,0.0
6624.600826566,10075.0,10.0
6624.611265464,10075.0,10.0
6624.621469865,10075.0,10.0
6624.631052855,10075.0,10.0
6624.640459096,10075.0,10.0
6624.651591155,10075.0,10.0
6624.662187552,10075.0,10.0
6624.670498221,10075.0,10.0
6624.681584863,10075.0,10.0
6624.690388444,10075.0,0.0
6624.702479326,10075.0,0.0
6624.710548914,10075.0,0.0
6624.725334020,10075.0,0.0
6624.732629282,10075.0,0.0
6624.741667111,10075.0,0.0
6624.751718680,10075.0,0.0
6624.761647416,10075.0,0.0
6624.772153814,10075.0,0.0
6624.781691638,10075.0,0.0
6624.793126277,10075.0,0.0
6624.802751100,10075.0,0.0
6624.813169915,10075.0,0.0
6624.822298243,10075.0,0.0
6624.832568143,10075.0,0.0
6624.842941125,10075.0,0.0
6624.852326617,10075.0,0.0
6624.863814588,10075.0,0.0
6624.872117174,10075.0,0.0
6624.883362481,10075.0,0.0
6624.893800130,10075.0,0.0
6624.902559878,10075.0,0.0
6624.931369930,10075.0,0.0
6624.931388597,10075.0,0.0
6624.933115247,10075.0,0.0
6624.942605154,10075.0,0.0
6624.952421475,10075.0,0.0
6624.962670292,10075.0,0.0
6624.973056775,10075.0,0.0
6624.983333424,10075.0,0.0
6624.992305004,10075.0,0.0
6625.002290990,10075.0,0.0
6625.013315299,10075.0,0.0
6625.021850049,10075.0,0.0
6625.032019534,10075.0,0.0
6625.042480849,10075.0,0.0
6625.052576584,10075.0,0.0
6625.062761651,10075.0,0.0
6625.072030061,10075.0,0.0
6625.082414876,10075.0,0.0
6625.092560778,10075.0,0.0
6625.102885510,10075.0,0.0
6625.112683915,10075.0,0.0
6625.123318978,10075.0,0.0
6625.131950727,10075.0,0.0
6625.142138628,10075.0,0.0
6625.152148364,10075.0,0.0
6625.162541763,10075.0,0.0
6625.172971495,10075.0,0.0
6625.182291320,10075.0,0.0
6625.193264130,10075.0,0.0
6625.202647872,10075.0,0.0
6625.212792273,10075.0,0.0
6625.223170922,10075.0,0.0
6625.233225075,10075.0,0.0
6625.243530891,10075.0,0.0
6625.254352619,10075.0,0.0
6625.264874600,10075.0,0.0
6625.274766420,10075.0,0.0
6625.285122569,10075.0,0.0
6625.295304137,10075.0,0.0
6625.306030532,10075.0,0.0
6625.315651105,10075.0,0.0
6625.326318835,10075.0,0.0
6625.337335061,10075.0,0.0
6625.347932291,10075.0,0.0
6625.356559207,10075.0,0.0
6625.367464851,10075.0,0.0
6625.377246005,10075.0,0.0
6625.386478832,10075.0,0.0
6625.396559901,10075.0,0.0
6625.417263532,10075.0,0.0
6625.417425614,10075.0,0.0
6625.427736181,10075.0,0.0
6625.438287161,10075.0,0.0
6625.457156561,10075.0,0.0
6625.461523935,10075.0,0.0
6625.470860177,10075.0,0.0
6625.480608749,10075.0,0.0
6625.490725234,10075.0,0.0
6625.501187049,10075.0,0.0
6625.511561698,10075.0,0.0
6625.546364775,10075.0,0.0
6625.546399775,10075.0,0.0
6625.546566273,10075.0,0.0
6625.553587872,10075.0,0.0
6625.564246851,10075.0,0.0
6625.573869341,10075.0,0.0
6625.583134167,10075.0,0.0
6625.594402141,10075.0,0.0
6625.607203100,10075.0,0.0
6625.613311707,10075.0,0.0
6625.624104768,10075.0,0.0
6625.634424168,10075.0,0.0
6625.643409164,10075.0,0.0
6625.666861185,10075.0,0.0
6625.667002767,10075.0,0.0
6625.675548934,10075.0,0.0
6625.686186747,10075.0,0.0
6625.695411741,10075.0,0.0
6625.705557642,10075.0,0.0
6625.716261121,10075.0,0.0
6625.725266533,10075.0,0.0
6625.735787514,10075.0,0.0
6625.758793457,10075.0,0.0
6625.758821790,10075.0,0.0
6625.766152552,10075.0,0.0
6625.779761753,10075.0,0.0
6625.786646269,10075.0,0.0
6625.811281779,10075.0,0.0
6625.811464611,10075.0,0.0
6625.817760299,10075.0,0.0
6625.828061616,10075.0,0.0
6625.837544273,10075.0,0.0
6625.847906339,10075.0,0.0
6625.858177573,10075.0,0.0
6625.876096148,10075.0,0.0
6625.879492782,10075.0,0.0
6625.889179271,10075.0,0.0
6625.898751844,10075.0,0.0
6625.909134326,10075.0,0.0
6625.934134166,10075.0,0.0
6625.934169749,10075.0,0.0
6625.941143265,10075.0,0.0
6625.951286249,10075.0,0.0
6625.960731907,10075.0,0.0
6625.971091473,10075.0,0.0
6625.985966412,10075.0,0.0
6625.995203488,10075.0,0.0
6626.004065735,10075.0,0.0
6626.014687632,10075.0,0.0
6626.024632535,10075.0,0.0
6626.034925018,10075.0,0.0
6626.047321981,10075.0,0.0
6626.064475480,10075.0,0.0
6626.071348163,10075.0,0.0
6626.076655445,10075.0,0.0
6626.089565319,10075.0,0.0
6626.098555315,10075.0,0.0
6626.108647884,10075.0,0.0
6626.119459778,10075.0,0.0
6626.128644689,10075.0,0.0
6626.140450907,10075.0,0.0
6626.150523809,10075.0,0.0
6626.158700563,10075.0,0.0
6626.169097295,10075.0,0.0
6626.178511120,10075.0,0.0
6626.188656271,10075.0,0.0
6626.198988254,10075.0,0.0
6626.209484568,10075.0,0.0
6626.218568063,10075.0,0.0
6626.229293125,10075.0,0.0
6626.238456870,10075.0,0.0
6626.249033850,10075.0,0.0
6626.258091262,10075.0,0.0
6626.268640576,10075.0,0.0
6626.287181728,10075.0,0.0
6626.289974285,10075.0,0.0
6626.299247528,10075.0,0.0
6626.309529011,10075.0,0.0
6626.319870910,10075.0,0.0
6626.348904044,10075.0,0.0
6626.348940294,10075.0,0.0
6626.356344722,10075.0,0.0
6626.365860296,10075.0,0.0
6626.375213455,10075.0,0.0
6626.411024773,10075.0,0.0
6626.411133688,10075.0,0.0
6626.411325603,10075.0,0.0
6626.415633061,10075.0,0.0
6626.425990544,10075.0,0.0
6626.435760282,10075.0,0.0
6626.445690768,10075.0,0.0
6626.456105250,10075.0,0.0
6626.467818720,10075.0,0.0
6626.478237868,10075.0,0.0
6626.488184271,10075.0,0.0
6626.498210340,10075.0,0.0
6626.509505730,10075.0,0.0
6626.523948673,10075.0,0.0
6626.529434370,10075.0,0.0
6626.539966100,10075.0,0.0
6626.550594164,10075.0,0.0
6626.561458724,10075.0,0.0
6626.570860383,10075.0,0.0
6626.581109033,10075.0,0.0
6626.598281949,10075.0,0.0
6626.600688259,10075.0,0.0
6626.610777244,10075.0,0.0
6626.619883739,10075.0,0.0
6626.630387303,10075.0,0.0
6626.640638203,10075.0,0.0
6626.650716105,10075.0,0.0
6626.661273752,10075.0,0.0
6626.671620318,10075.0,0.0
6626.681917385,10075.0,0.0
6626.691474875,10075.0,0.0
6626.701589443,10075.0,0.0
6626.711950092,10075.0,0.0
6626.721124253,10075.0,0.0
6626.731296237,10075.0,0.0
6626.741544388,10075.0,0.0
6626.752114868,10075.0,0.0
6626.762530100,10075.0,0.0
6626.772742834,10075.0,0.0
6626.790077998,10075.0,0.0
6626.793358966,10075.0,0.0
6626.803693949,10075.0,10.0
6626.813977682,10075.0,10.0
6626.826812474,10075.0,0.0
6626.837518870,10075.0,0.0
6626.847181442,10075.0,0.0
6626.857238261,10075.0,0.0
6626.870698630,10075.0,0.0
6626.881573357,10075.0,0.0
6626.889754194,10075.0,0.0
6626.899038604,10075.0,0.0
6626.909534335,10075.0,0.0
6626.919619237,10075.0,0.0
6626.929851971,10075.0,0.0
6626.939105714,10075.0,0.0
6626.950328855,10075.0,0.0
6626.960618588,10075.0,0.0
6626.969778248,10075.0,0.0
6626.980651726,10075.0,0.0
6626.990703711,10075.0,0.0
6627.000191869,10075.0,0.0
6627.010314520,10075.0,0.0
6627.024708880,10075.0,0.0
6627.031128734,10075.0,0.0
6627.040920806,10075.0,0.0
6627.052044281,10075.0,0.0
6627.061845852,10075.0,0.0
6627.071160845,10075.0,0.0
6627.087965764,10075.0,0.0
6627.093851374,10075.0,0.0
6627.105844590,10075.0,0.0
6627.116738984,10075.0,10.0
6627.127789127,10075.0,10.0
6627.141085997,10075.0,10.0
6627.147260520,10075.0,10.0
6627.167107827,10075.0,10.0
6627.167145993,10075.0,10.0
6627.177071980,10075.0,10.0
6627.188045206,10075.0,10.0
6627.198150191,10075.0,10.0
6627.212981464,10075.0,10.0
6627.219910980,10075.0,0.0
6627.228775477,10075.0,0.0
6627.237983720,10075.0,0.0
6627.248236037,10075.0,0.0
6627.259017765,10075.0,0.0
6627.268865503,10075.0,0.0
6627.279493649,10075.0,0.0
6627.289233055,10075.0,0.0
6627.299576620,10075.0,0.0
6627.311218590,10075.0,0.0
6627.321531657,10075.0,0.0
6627.331735391,10075.0,0.0
6627.342343787,10075.0,0.0
6627.352302440,10075.0,0.0
6627.362283510,10075.0,0.0
6627.373051822,10075.0,0.0
6627.383457470,10075.0,0.0
6627.398123244,10075.0,0.0
6627.404861095,10075.0,0.0
6627.414065089,10075.0,0.0
6627.424163074,10075.0,0.0
6627.434428891,10075.0,0.0
6627.444683124,10075.0,0.0
6627.453985534,10075.0,0.0
6627.464346016,10075.0,0.0
6627.474512334,10075.0,0.0
6627.484544819,10075.0,0.0
6627.494832469,10075.0,0.0
6627.503977797,10075.0,0.0
6627.520336888,10075.0,0.0
6627.525326172,10075.0,0.0
6627.535333825,10075.0,0.0
6627.544207488,10075.0,0.0
6627.554517888,10075.0,0.0
6627.564586873,10075.0,0.0
6627.574694525,10075.0,0.0
6627.584235182,10075.0,0.0
6627.594317334,10075.0,0.0
6627.604366653,10075.0,0.0
6627.614573220,10075.0,0.0
6627.624828370,10075.0,0.0
6627.633812283,10075.0,0.0
6627.647407650,10075.0,0.0
6627.657357637,10075.0,0.0
6627.666620546,10075.0,0.0
6627.678947760,10075.0,0.0
6627.688554166,10075.0,0.0
6627.697342331,10075.0,0.0
6627.709953208,10075.0,0.0
6627.723701157,10075.0,0.0
6627.732017910,10075.0,0.0
6627.742357309,10075.0,0.0
6627.752748041,10075.0,0.0
6627.762864943,10075.0,0.0
6627.772956261,10075.0,0.0
6627.782750666,10075.0,0.0
6627.792283239,10075.0,0.0
6627.802568639,10075.0,0.0
6627.812741040,10075.0,0.0
6627.821900368,10075.0,0.0
6627.832252434,10075.0,0.0
6627.843159244,10075.0,0.0
6627.852809150,10075.0,0.0
6627.862985384,10075.0,0.0
6627.873303034,10075.0,0.0
6627.883865681,10075.0,0.0
6627.894076498,10075.0,0.0
6627.903127577,10075.0,0.0
6627.913387394,10075.0,0.0
6627.934117858,10075.0,0.0
6627.934948934,10075.0,0.0
6627.944226593,10075.0,0.0
6627.955198320,10075.0,0.0
6627.964755393,10075.0,0.0
6627.974573548,10075.0,0.0
6627.984927780,10075.0,0.0
6627.994084691,10075.0,0.0
6628.004332091,10075.0,0.0
6628.014671407,10075.0,0.0
6628.025481719,10075.0,0.0
6628.035772952,10075.0,0.0
6628.045758355,10075.0,0.0
6628.055910172,10075.0,0.0
6628.065072667,10075.0,0.0
6628.076646304,10075.0,0.0
6628.086122795,10075.0,0.0
6628.095321455,10075.0,0.0
6628.106391764,10075.0,0.0
6628.120286962,10075.0,0.0
6628.124981250,10075.0,0.0
6628.135472314,10075.0,0.0
6628.145773797,10075.0,0.0
6628.155732700,10075.0,0.0
6628.166269681,10075.0,0.0
6628.175155845,10075.0,0.0
6628.185424245,10075.0,0.0
6628.195955559,10075.0,0.0
6628.206268542,10075.0,0.0
6628.216078946,10075.0,0.0
6628.227024673,10075.0,0.0
6628.236595330,10075.0,0.0
6628.246861480,10075.0,0.0
6628.256142306,10075.0,0.0
6628.267643111,10075.0,0.0
6628.276897187,10075.0,0.0
6628.287166504,10075.0,0.0
6628.296466330,10075.0,0.0
6628.306465399,10075.0,0.0
6628.319149109,10075.0,0.0
6628.331431990,10075.0,0.0
6628.340045822,10075.0,0.0
6628.348281326,10075.0,0.0
6628.358800723,10075.0,0.0
6628.368581545,10075.0,0.0
6628.378870194,10075.0,0.0
6628.389432758,10075.0,0.0
6628.399726741,10075.0,0.0
6628.409691311,10075.0,0.0
6628.418934804,10075.0,0.0
6628.429109538,10075.0,0.0
6628.439328689,10075.0,0.0
6628.449560923,10075.0,0.0
6628.459826406,10075.0,0.0
6628.469312230,10075.0,0.0
6628.479697463,10075.0,0.0
6628.490173944,10075.0,0.0
6628.499291938,10075.0,0.0
6628.509785336,10075.0,0.0
6628.522292048,10075.0,0.0
6628.532035536,10075.0,0.0
6628.539004385,10075.0,0.0
6628.549958112,10075.0,0.0
6628.559933265,10075.0,0.0
6628.569436422,10075.0,0.0
6628.581847301,10075.0,0.0
6628.589855640,10075.0,0.0
6628.599490129,10075.0,0.0
6628.610077610,10075.0,0.0
6628.621014587,10075.0,0.0
6628.632655556,10075.0,0.0
6628.640843727,10075.0,0.0
6628.656392409,10075.0,0.0
6628.661331111,10075.0,0.0
6628.670063359,10075.0,0.0
6628.680505924,10075.0,0.0
6628.690636909,10075.0,0.0
6628.701258638,10075.0,0.0
6628.728084127,10075.0,0.0
6628.728174460,10075.0,0.0
6628.734864311,10075.0,0.0
6628.744902547,10075.0,0.0
6628.755132781,10075.0,0.0
6628.764479023,10075.0,0.0
6628.775505582,10075.0,0.0
6628.784852658,10075.0,0.0
6628.794817727,10075.0,0.0
6628.805797871,10075.0,0.0
6628.818394748,10075.0,0.0
6628.825308097,10075.0,0.0
6628.834299093,10075.0,0.0
6628.845253236,10075.0,0.0
6628.855147807,10075.0,0.0
6628.865547539,10075.0,0.0
6628.880266145,10075.0,0.0
6628.887453992,10075.0,0.0
6628.896110574,10075.0,0.0
6628.906410558,10075.0,0.0
6628.917015538,10075.0,0.0
6628.927390687,10075.0,0.0
6628.944404188,10075.0,0.0
6628.947470574,10075.0,0.0
6628.957843473,10075.0,0.0
6628.967205049,10075.0,0.0
6628.977301784,10075.0,0.0
6628.987385769,10075.0,0.0
6628.997744918,10075.0,0.0
6629.007910902,10075.0,0.0
6629.018259052,10075.0,0.0
6629.028492202,10075.0,0.0
6629.038679270,10075.0,0.0
6629.048854337,10075.0,0.0
6629.059085904,10075.0,0.0
6629.069276888,10075.0,0.0
6629.079922118,10075.0,0.0
6629.089358276,10075.0,0.0
6629.100695749,10075.0,0.0
6629.120985051,10075.0,0.0
6629.121096884,10075.0,0.0
6629.129469386,10075.0,0.0
6629.139697453,10075.0,0.0
6629.150194600,10075.0,0.0
6629.161633322,10075.0,0.0
6629.171107397,10075.0,0.0
6629.181465046,10075.0,0.0
6629.196534399,10075.0,0.0
6629.202059845,10075.0,0.0
6629.212164997,10075.0,0.0
6629.222323148,10075.0,0.0
6629.232503049,10075.0,0.0
6629.243395693,10075.0,0.0
6629.252481854,10075.0,0.0
6629.262124427,10075.0,0.0
6629.272390077,10075.0,0.0
6629.282514979,10075.0,0.0
6629.292788712,10075.0,0.0
6629.302366369,10075.0,0.0
6629.312276272,10075.0,0.0
6629.322430840,10075.0,0.0
6629.332738073,10075.0,0.0
6629.344538958,10075.0,0.0
6629.354024866,10075.0,0.0
6629.363300025,10075.0,0.0
6629.379485784,10075.0,0.0
6629.384368403,10075.0,0.0
6629.393541731,10075.0,0.0
6629.403988129,10075.0,0.0
6629.414073364,10075.0,0.0
6629.424837676,10075.0,0.0
6629.436137483,10075.0,0.0
6629.444825065,10075.0,0.0
6629.459213675,10075.0,0.0
6629.465309365,10075.0,0.0
6629.474835273,10075.0,0.0
6629.486085580,10075.0,0.0
6629.495719486,10075.0,0.0
6629.505874220,10075.0,0.0
6629.519502421,10075.0,0.0
6629.527069264,10075.0,0.0
6629.534972604,10075.0,0.0
6629.545864414,10075.0,0.0
6629.556154564,10075.0,0.0
6629.565901469,10075.0,0.0
6629.575801123,10075.0,0.0
6629.586755433,10075.0,0.0
6629.599320060,10075.0,0.0
6629.608279390,10075.0,0.0
6629.617597799,10075.0,0.0
6629.627837116,10075.0,0.0
6629.637115192,10075.0,0.0
6629.647446842,10075.0,0.0
6629.657751075,10075.0,0.0
6629.669859540,10075.0,0.0
6629.678780370,10075.0,0.0
6629.689169269,10075.0,0.0
6629.699170838,10075.0,0.0
6629.709477404,10075.0,0.0
6629.719812804,10075.0,0.0
6629.730630865,10075.0,0.0
6629.740891349,10075.0,0.0
6629.750463005,10075.0,0.0
6629.760742905,10075.0,0.0
6629.770958639,10075.0,0.0
6629.781181623,10075.0,0.0
6629.791163109,10075.0,0.0
6629.804301814,10075.0,0.0
6629.811819908,10075.0,0.0
6629.822118141,10075.0,0.0
6629.832672705,10075.0,0.0
6629.843199186,10075.0,0.0
6629.852288014,10075.0,0.0
6629.864468645,10075.0,0.0
6629.872618566,10075.0,0.0
6629.883652125,10075.0,0.0
6629.893468613,10075.0,0.0
6629.903787679,10075.0,0.0
6629.922551746,10075.0,0.0
6629.923326572,10075.0,0.0
6629.933540889,10075.0,0.0
6629.943915455,10075.0,0.0
6629.953914024,10075.0,0.0
6629.964019676,10075.0,0.0
6629.973618582,10075.0,0.0
6629.998680505,10075.0,0.0
6629.999614079,10075.0,0.0
6630.003483708,10075.0,0.0
6630.014290603,10075.0,0.0
6630.022992185,10075.0,0.0
6630.033263752,10075.0,0.0
6630.043586068,10075.0,0.0
6630.053967383,10075.0,0.0
6630.064062702,10075.0,0.0
6630.075064011,10075.0,0.0
6630.085082747,10075.0,0.0
6630.094973651,10075.0,0.0
6630.105282550,10075.0,0.0
6630.115523117,10075.0,0.0
6630.125626019,10075.0,0.0
6630.135912835,10075.0,0.0
6630.146304068,10075.0,0.0
6630.156524551,10075.0,0.0
6630.166875367,10075.0,0.0
6630.185032857,10075.0,0.0
6630.196159832,10075.0,0.0
6630.205459575,10075.0,0.0
6630.213406914,10075.0,0.0
6630.222276328,10075.0,0.0
6630.232397229,10075.0,0.0
6630.242504048,10075.0,0.0
6630.253469274,10075.0,0.0
6630.262712434,10075.0,0.0
6630.272320674,10075.0,0.0
6630.282556658,10075.0,0.0
6630.292821058,10075.0,0.0
6630.301891219,10075.0,0.0
6630.312724780,10075.0,0.0
6630.325138743,10075.0,0.0
6630.334868481,10075.0,0.0
6630.345410295,10075.0,0.0
6630.355199200,10075.0,0.0
6630.364942689,10075.0,0.0
6630.375624251,10075.0,0.0
6630.392697252,10075.0,0.0
6630.395763639,10075.0,0.0
6630.405593209,10075.0,0.0
6630.416318772,10075.0,0.0
6630.426222092,10075.0,0.0
6630.437130319,10075.0,0.0
6630.451427013,10075.0,0.0
6630.458024616,10075.0,0.0
6630.467425941,10075.0,0.0
6630.479574656,10075.0,0.0
6630.489829889,10075.0,0.0
6630.499036800,10075.0,0.0
6630.509272867,10075.0,0.0
6630.518739691,10075.0,0.0
6630.535911107,10075.0,0.0
6630.541933299,10075.0,0.0
6630.551423623,10075.0,0.0
6630.561677440,10075.0,0.0
6630.572485751,10075.0,0.0
6630.585905954,10075.0,0.0
6630.595190363,10075.0,0.0
6630.605486430,10075.0,0.0
6630.615706664,10075.0,0.0
6630.625655400,10075.0,0.0
6630.635779718,10075.0,0.0
6630.645480374,10075.0,0.0
6630.656080937,10075.0,0.0
6630.677051066,10075.0,0.0
6630.677183148,10075.0,0.0
6630.687184884,10075.0,0.0
6630.697295536,10075.0,0.0
6630.707578019,10075.0,0.0
6630.717137926,10075.0,0.0
6630.730473463,10075.0,0.0
6630.737612393,10075.0,0.0
6630.748688035,10075.0,0.0
6630.759772927,10075.0,0.0
6630.769895329,10075.0,0.0
6630.780048147,10075.0,0.0
6630.789107892,10075.0,0.0
6630.799079378,10075.0,0.0
6630.809378028,10075.0,0.0
6630.819540179,10075.0,0.0
6630.829656080,10075.0,0.0
6630.839050905,10075.0,0.0
6630.849193557,10075.0,0.0
6630.859308541,10075.0,0.0
6630.869808356,10075.0,0.0
6630.883093727,10075.0,0.0
6630.892539218,10075.0,0.0
6630.901402132,10075.0,0.0
6630.912157277,10075.0,-10.0
6630.926441471,10075.0,-10.0
6630.931517755,10075.0,-10.0
6630.941242744,10075.0,-10.0
6630.951344895,10075.0,-10.0
6630.961799294,10075.0,-10.0
6630.972099527,10075.0,-10.0
6630.980973273,10075.0,-10.0
6630.991489671,10075.0,-10.0
6631.001921819,10075.0,-10.0
6631.011026231,10075.0,-10.0
6631.021604461,10075.0,-10.0
6631.031811612,10075.0,-10.0
6631.042201177,10075.0,-10.0
6631.053549650,10075.0,-10.0
6631.064581543,10075.0,-10.0
6631.074638945,10075.0,-10.0
6631.083965271,10075.0,-10.0
6631.094016423,10075.0,-10.0
6631.104352405,10075.0,-10.0
6631.114540640,10075.0,-10.0
6631.124801040,10075.0,-10.0
6631.134102449,10075.0,-10.0
6631.149302884,10075.0,-10.0
6631.154842580,10075.0,-10.0
6631.164894566,10075.0,-10.0
6631.174946551,10075.0,-10.0
6631.185062536,10075.0,-10.0
6631.197126335,10075.0,-10.0
6631.204654095,10075.0,-10.0
6631.214863413,10075.0,-10.0
6631.225030730,10075.0,-10.0
6631.235408213,10075.0,-10.0
6631.245851528,10075.0,-10.0
6631.255051688,10075.0,-10.0
6631.265393754,10075.0,-10.0
6631.275435073,10075.0,-10.0
6631.285558558,10075.0,-10.0
6631.296259370,10075.0,-10.0
6631.305116534,10075.0,-10.0
6631.315181519,10075.0,-10.0
6631.325732583,10075.0,-10.0
6631.336053066,10075.0,-10.0
6631.346710295,10075.0,-10.0
6631.356500284,10075.0,-10.0
6631.366697184,10075.0,-10.0
6631.376090593,10075.0,-10.0
6631.387412149,10075.0,-10.0
6631.397683382,10075.0,-10.0
6631.410683173,10075.0,-10.0
6631.416527866,10075.0,-10.0
6631.427249595,10075.0,-10.0
6631.437354746,10075.0,-10.0
6631.447262900,10075.0,-10.0
6631.470925169,10075.0,-10.0
6631.470965586,10075.0,-10.0
6631.477580938,10075.0,-10.0
6631.489167575,10075.0,-10.0
6631.497530910,10075.0,-10.0
6631.508762134,10075.0,-10.0
6631.519216866,10075.0,-10.0
6631.532241406,10075.0,-10.0
6631.539590084,10075.0,-10.0
6631.548244083,10075.0,-10.0
6631.557456410,10075.0,-10.0
6631.567732643,10075.0,-10.0
6631.592991731,10075.0,-10.0
6631.593036230,10075.0,-10.0
6631.603105716,10075.0,-10.0
6631.610097731,10075.0,-10.0
6631.619309391,10075.0,-10.0
6631.629765873,10075.0,-10.0
6631.639832108,10075.0,-10.0
6631.649196517,10075.0,-10.0
6632.196424355,10075.0,0.0
6632.196551437,10075.0,0.0
6632.203283371,10075.0,0.0
6632.212113035,10075.0,-10.0
6632.222795015,10075.0,-10.0
6632.232529503,10075.0,-10.0
6632.242963152,10075.0,-10.0
6632.252221728,10075.0,-10.0
6632.262470128,10075.0,-10.0
6632.273118025,10075.0,-10.0
6632.283331759,10075.0,0.0
6632.293463160,10075.0,0.0
6632.303613978,10075.0,0.0
6632.313044636,10075.0,0.0
6632.323451535,10075.0,0.0
6632.334210597,10075.0,0.0
6632.343418424,10075.0,0.0
6632.354121069,10075.0,0.0
6632.362991983,10075.0,0.0
6632.375226114,10075.0,0.0
6632.481226248,10075.0,0.0
6632.491767479,10075.0,0.0
6632.502004963,10075.0,0.0
6632.512333279,10075.0,0.0
6632.819596787,10075.0,0.0
6632.828741864,10075.0,0.0
6632.846870855,10075.0,0.0
6632.854934859,10075.0,0.0
6632.860492555,10075.0,0.0
6633.065963221,10075.0,0.0
6633.075120465,10075.0,0.0
6633.085972360,10075.0,0.0
6633.095919763,10075.0,0.0
6633.106336078,10075.0,0.0
6633.116957225,10075.0,0.0
6633.127448539,10075.0,0.0
6633.293477756,10075.0,0.0
6633.304340900,10075.0,0.0
6633.313716809,10075.0,0.0
6633.399425808,10075.0,0.0
6633.399571639,10075.0,0.0
6633.409296711,10075.0,0.0
6633.418515622,10075.0,0.0
6633.428823355,10075.0,0.0
6633.438873590,10075.0,0.0
6633.448161166,10075.0,0.0
6633.879575882,10075.0,0.0
6633.889410286,10075.0,0.0
6633.898121785,10075.0,0.0
6633.909735922,10075.0,0.0
6634.152816472,10075.0,0.0
6634.163293953,10075.0,0.0
6634.172630529,10075.0,0.0
6634.182790596,10075.0,0.0
6634.193228578,10075.0,0.0
6634.202289240,10075.0,0.0
6634.213885460,10075.0,0.0
6634.223241202,10075.0,0.0
6634.284304524,10075.0,0.0
6634.293075022,10075.0,0.0
6634.303192841,10075.0,0.0
6634.313570073,10075.0,0.0
6634.323827306,10075.0,0.0
6634.333225548,10075.0,0.0
6634.344744769,10075.0,0.0
6634.353702265,10075.0,0.0
6634.362763594,10075.0,0.0
6634.373636071,10075.0,0.0
6634.383511475,10075.0,0.0
6634.393715209,10075.0,0.0
6634.403385448,10075.0,0.0
6634.416559237,10075.0,0.0
6634.423637834,10075.0,0.0
6634.434185898,10075.0,0.0
6634.443373726,10075.0,0.0
6634.468834728,10075.0,0.0
6634.469741302,10075.0,0.0
6634.473360600,10075.0,0.0
6634.554920723,10075.0,0.0
6634.566950522,10075.0,0.0
6634.575134776,10075.0,0.0
6634.585057013,10075.0,0.0
6634.596165404,10075.0,0.0
6635.257493965,10075.0,0.0
6635.268345693,10075.0,0.0
6635.279030922,10075.0,0.0
6635.287421090,10075.0,0.0
6635.298480066,10075.0,0.0
6635.313773667,10075.0,0.0
6635.464760697,10075.0,0.0
6635.474033190,10075.0,0.0
6635.484180841,10075.0,0.0
6635.494491407,10075.0,0.0
6635.504619725,10075.0,0.0
6635.514816126,10075.0,0.0
6635.523952537,10075.0,0.0
6635.534330353,10075.0,0.0
6635.544815417,10075.0,0.0
6635.553869079,10075.0,0.0
6635.564437976,10075.0,0.0
6635.574567461,10075.0,0.0
6635.584466031,10075.0,0.0
6635.595658755,10075.0,0.0
6635.605245079,10075.0,0.0
6635.615735227,10075.0,0.0
6635.626221708,10075.0,0.0
6635.636131778,10075.0,0.0
6635.650494971,10075.0,0.0
6635.730167362,10075.0,0.0
6635.730210029,10075.0,0.0
6635.738669196,10075.0,0.0
6635.747284862,10075.0,0.0
6635.757438930,10075.0,0.0
6635.768306158,10075.0,0.0
6635.778088229,10075.0,0.0
6635.787992466,10075.0,0.0
6636.063927862,10075.0,0.0
6636.066804501,10075.0,0.0
6636.077652479,10075.0,0.0
6636.088213043,10075.0,0.0
6636.096357630,10075.0,0.0
6636.106956360,10075.0,0.0
6636.122237211,10075.0,0.0
6636.128512733,10075.0,0.0
6636.217749031,10075.0,0.0
6636.228965505,10075.0,0.0
6636.238095750,10075.0,0.0
6636.247716739,10075.0,0.0
6636.257367562,10075.0,0.0
6636.269018532,10075.0,0.0
6636.610053878,10075.0,0.0
6636.620572859,10075.0,0.0
6636.630564762,10075.0,0.0
6636.642556645,10075.0,0.0
6636.667943814,10075.0,0.0
6636.668080230,10075.0,0.0
6636.946546601,10075.0,0.0
6636.955530014,10075.0,0.0
6636.965683332,10075.0,0.0
6636.976303228,10075.0,0.0
6636.987226455,10075.0,0.0
6637.127985001,10075.0,0.0
6637.140184216,10075.0,0.0
6637.148411219,10075.0,0.0
6637.158515954,10075.0,0.0
6637.169481014,10075.0,0.0
6637.177964015,10075.0,0.0
6637.190330811,10075.0,0.0
6637.198536148,10075.0,0.0
6637.209292293,10075.0,0.0
6637.218533453,10075.0,0.0
6637.228489273,10075.0,0.0
6637.239584998,10075.0,0.0
6637.248016666,10075.0,0.0
6637.258258233,10075.0,0.0
6637.268602299,10075.0,0.0
6637.279046030,10075.0,0.0
6637.288264107,10075.0,0.0
6637.299125335,10075.0,0.0
6637.308222830,10075.0,0.0
6637.398483867,10075.0,0.0
6637.408610685,10075.0,0.0
6637.418662004,10075.0,0.0
6637.428976237,10075.0,0.0
6637.438211064,10075.0,0.0
6637.455467812,10075.0,0.0
6637.463358652,10075.0,0.0
6637.740989116,10075.0,-10.0
6637.741183780,10075.0,-10.0
6637.751033684,10075.0,-10.0
6637.761223835,10075.0,-10.0
6637.772021897,10075.0,-10.0
6637.789951556,10075.0,-10.0
6637.794952090,10075.0,-10.0
6637.945047629,10075.0,-10.0
6637.955211280,10075.0,-10.0
6637.964852352,10075.0,-10.0
6637.975104169,10075.0,-10.0
6638.177703530,10075.0,-10.0
6638.188303593,10075.0,-10.0
6638.208880476,10075.0,-10.0
6638.210926540,10075.0,-10.0
6638.606800768,10075.0,0.0
6638.620736799,10075.0,0.0
6638.629317799,10075.0,0.0
6638.639072954,10075.0,0.0
6638.654016808,10075.0,0.0
6638.658753512,10075.0,0.0
6639.034358938,10075.0,0.0
6639.034402521,10075.0,0.0
6639.043599515,10075.0,0.0
6639.052755926,10075.0,0.0
6639.063051409,10075.0,0.0
6639.081198399,10075.0,0.0
6639.083598292,10075.0,0.0
6639.677017264,10075.0,0.0
6639.687132915,10075.0,0.0
6639.697187567,10075.0,0.0
6639.707822797,10075.0,0.0
6639.717696784,10075.0,0.0
6639.726782113,10075.0,0.0
6639.737395843,10075.0,0.0
6639.747478578,10075.0,0.0
6639.757142234,10075.0,0.0
6639.767519549,10075.0,0.0
6639.777694367,10075.0,0.0
6639.786889861,10075.0,0.0
6639.797254093,10075.0,0.0
6639.807510827,10075.0,0.0
6639.818183723,10075.0,0.0
6639.827300967,10075.0,0.0
6639.841922408,10075.0,0.0
6639.853072216,10075.0,0.0
6639.857975085,10075.0,0.0
6639.927814488,10075.0,0.0
6639.930326714,10075.0,0.0
6639.939160128,10075.0,0.0
6639.950687099,10075.0,0.0
6639.959761344,10075.0,0.0
6639.968288594,10075.0,0.0
6640.070166852,10075.0,0.0
6640.079337846,10075.0,0.0
6640.089524414,10075.0,0.0
6640.100352975,10075.0,0.0
6640.110207629,10075.0,0.0
6640.120246115,10075.0,0.0
6640.130756596,10075.0,0.0
6640.140231253,10075.0,0.0
6640.150417404,10075.0,0.0
6640.161156300,10075.0,0.0
6640.170306877,10075.0,0.0
6640.181817432,10075.0,0.0
6640.192090165,10075.0,0.0
6640.202078484,10075.0,0.0
6640.212850713,10075.0,0.0
6640.222694867,10075.0,0.0
6640.233186598,10075.0,0.0
6640.349360467,10075.0,0.0
6640.359558618,10075.0,0.0
6640.386583438,10075.0,0.0
6640.392695962,10075.0,0.0
6640.401675708,10075.0,0.0
6640.411603444,10075.0,0.0
6640.421815595,10075.0,0.0
6640.431709749,10075.0,0.0
6640.464679344,10075.0,0.0
6640.464791843,10075.0,0.0
6640.464825759,10075.0,0.0
6640.657486217,10075.0,0.0
6640.665925218,10075.0,0.0
6640.676151035,10075.0,0.0
6640.686648183,10075.0,0.0
6640.696934999,10075.0,0.0
6640.706506906,10075.0,0.0
6640.992593287,10075.0,0.0
6641.001483950,10075.0,0.0
6641.011772850,10075.0,0.0
6641.021333840,10075.0,0.0
6641.032325650,10075.0,10.0
6641.042665799,10075.0,10.0
6641.051663378,10075.0,0.0
6641.407870577,10075.0,0.0
6641.418163560,10075.0,0.0
6641.427760716,10075.0,0.0
6641.438442196,10075.0,0.0
6641.463875698,10075.0,0.0
6641.463920114,10075.0,0.0
6641.467110000,10075.0,0.0
6641.477791562,10075.0,10.0
6641.538387806,10075.0,0.0
6641.549041785,10075.0,0.0
6641.557964365,10075.0,0.0
6641.568472346,10075.0,0.0
6641.579164909,10075.0,0.0
6641.588680066,10075.0,0.0
6641.599140298,10075.0,0.0
6641.609259116,10075.0,0.0
6641.619304434,10075.0,0.0
6641.629429753,10075.0,0.0
6641.639811818,10075.0,0.0
6641.649254976,10075.0,0.0
6641.659105630,10075.0,0.0
6641.669396113,10075.0,0.0
6641.680663504,10075.0,0.0
6641.690837321,10075.0,0.0
6641.700422061,10075.0,0.0
6641.715445998,10075.0,0.0
6642.473532450,10075.0,0.0
6642.483804600,10075.0,0.0
6642.493098759,10075.0,0.0
6642.503611657,10075.0,0.0
6642.513772558,10075.0,0.0
6642.522982802,10075.0,0.0
6642.533499783,10075.0,0.0
6642.543512269,10075.0,0.0
6642.553632253,10075.0,0.0
6642.562968746,10075.0,10.0
6642.573255646,10075.0,10.0
6642.583845376,10075.0,0.0
6642.593401033,10075.0,0.0
6642.602939773,10075.0,0.0
6642.613722252,10075.0,0.0
6642.624041068,10075.0,0.0
6642.634377967,10075.0,0.0
6642.650854723,10075.0,0.0
6642.655931007,10075.0,0.0
6642.942038888,10075.0,0.0
6642.951100133,10075.0,0.0
6642.962286857,10075.0,0.0
6642.972726672,10075.0,0.0
6642.982449661,10075.0,0.0
6642.998080092,10075.0,10.0
6643.004173283,10075.0,10.0
6643.071610543,10075.0,10.0
6643.071686292,10075.0,10.0
6643.073254610,10075.0,0.0
6643.083708008,10075.0,0.0
6643.093747327,10075.0,0.0
6643.102940155,10075.0,0.0
6643.114103462,10075.0,0.0
6643.123535121,10075.0,0.0
6643.133862520,10075.0,0.0
6643.145418324,10075.0,0.0
6643.154144656,10075.0,0.0
6643.164532221,10075.0,0.0
6643.177056683,10075.0,0.0
6643.188118325,10075.0,0.0
6643.197595649,10075.0,0.0
6643.208089131,10075.0,0.0
6643.217658287,10075.0,0.0
6643.227880771,10075.0,0.0
6643.241544138,10075.0,0.0
6643.248989649,10075.0,0.0
6643.402114825,10075.0,0.0
6643.410700574,10075.0,0.0
6643.421614135,10075.0,0.0
6643.431940118,10075.0,0.0
6643.441474025,10075.0,0.0
6643.456756376,10075.0,0.0
6643.795653576,10075.0,0.0
6643.805191816,10075.0,0.0
6643.815268052,10075.0,0.0
6643.824333130,10075.0,0.0
6643.834591530,10075.0,0.0
6643.858317049,10075.0,0.0
6643.858361049,10075.0,0.0
6644.390410368,10075.0,0.0
6644.390552367,10075.0,0.0
6644.399004284,10075.0,0.0
6644.408582441,10075.0,0.0
6644.419099505,10075.0,0.0
6644.428588830,10075.0,0.0
6644.438595482,10075.0,0.0
6644.999402105,10075.0,0.0
6645.008681431,10075.0,0.0
6645.020939728,10075.0,0.0
6645.030238888,10075.0,0.0
6645.040592537,10075.0,0.0
6645.393107771,10075.0,0.0
6645.465141236,10075.0,0.0
6645.465183819,10075.0,0.0
6645.465792480,10075.0,0.0
6645.475589468,10075.0,0.0
6645.485522705,10075.0,0.0
6645.495869354,10075.0,0.0
6645.505215013,10075.0,0.0
6645.515677078,10075.0,0.0
6645.525889645,10075.0,0.0
6645.536251877,10075.0,0.0
6645.545423121,10075.0,0.0
6645.555775687,10075.0,0.0
6645.564897932,10075.0,0.0
6645.576189655,10075.0,0.0
6645.586357139,10075.0,0.0
6645.596572207,10075.0,0.0
6645.606829190,10075.0,0.0
6645.616967091,10075.0,0.0
6645.627113576,10075.0,10.0
6645.636403735,10075.0,10.0
6645.651356506,10075.0,10.0
6645.659879173,10075.0,10.0
6645.669194416,10075.0,10.0
6645.681403797,10075.0,10.0
6645.690147545,10075.0,10.0
6645.700561361,10075.0,10.0
6645.711650753,10075.0,10.0
6645.721296492,10075.0,0.0
6646.257513687,10075.0,0.0
6646.267629089,10075.0,0.0
6646.277911739,10075.0,0.0
6646.287479562,10075.0,0.0
6646.297852128,10075.0,0.0
6646.675557033,10075.0,0.0
6646.684588862,10075.0,0.0
6646.694951595,10075.0,0.0
6646.705038163,10075.0,0.0
6646.716542801,10075.0,0.0
6646.726733535,10075.0,0.0
6646.736320358,10075.0,0.0
6646.746911005,10075.0,0.0
6646.755171342,10075.0,0.0
6646.765313159,10075.0,0.0
6646.776694299,10075.0,0.0
6646.790925577,10075.0,0.0
6646.992099534,10075.0,0.0
6647.001770774,10075.0,0.0
6647.011498012,10075.0,0.0
6647.021842495,10075.0,0.0
6647.031564817,10075.0,0.0
6647.041850550,10075.0,0.0
6647.052251532,10075.0,0.0
6647.061477526,10075.0,0.0
6647.071919424,10075.0,0.0
6647.083962390,10075.0,0.0
6647.467094409,10075.0,0.0
6647.476949147,10075.0,0.0
6647.487290879,10075.0,0.0
6647.497290699,10075.0,0.0
6647.506282444,10075.0,0.0
6647.517793916,10075.0,0.0
6647.527275573,10075.0,0.0
6647.683146889,10075.0,0.0
6647.692324549,10075.0,0.0
6647.703139778,10075.0,0.0
6647.713174180,10075.0,0.0
6648.134305662,10075.0,0.0
6648.146774874,10075.0,0.0
6648.154637381,10075.0,0.0
6648.165923605,10075.0,0.0
6648.175311680,10075.0,0.0
6648.591141714,10075.0,-10.0
6648.593014362,10075.0,-10.0
6648.605640156,10075.0,-10.0
6648.614338155,10075.0,-10.0
6648.623605315,10075.0,-10.0
6648.634413876,10075.0,-10.0
6648.645067856,10075.0,-10.0
6648.664348668,10075.0,-10.0
6648.670021446,10075.0,-10.0
6648.997590340,10075.0,-10.0
6649.008063488,10075.0,-10.0
6649.018318388,10075.0,-10.0
6649.028959284,10075.0,-10.0
6649.043380394,10075.0,-10.0
6649.055720357,10075.0,-10.0
6649.336249292,10075.0,0.0
6649.344346547,10075.0,0.0
6649.354623530,10075.0,0.0
6649.365010512,10075.0,0.0
6649.375686158,10075.0,0.0
6649.388287285,10075.0,0.0
6649.796954639,10075.0,0.0
6649.807487370,10075.0,0.0
6649.817798020,10075.0,0.0
6649.828460999,10075.0,0.0
6649.837539911,10075.0,0.0
6649.863855655,10075.0,0.0
6649.863901487,10075.0,0.0
6649.869202936,10075.0,0.0
6650.461316254,10075.0,0.0
6650.471817985,10075.0,0.0
6650.482008302,10075.0,0.0
6650.492210869,10075.0,0.0
6650.503916589,10075.0,0.0
6650.513238331,10075.0,0.0
6650.522613073,10075.0,0.0
6650.533029555,10075.0,0.0
6650.542523463,10075.0,0.0
6650.552445866,10075.0,0.0
6650.562893681,10075.0,0.0
6650.572328173,10075.0,0.0
6650.583009652,10075.0,0.0
6650.593526716,10075.0,0.0
6650.604066364,10075.0,0.0
6650.613191441,10075.0,0.0
6650.624019169,10075.0,0.0
6650.634438901,10075.0,0.0
6650.728730816,10075.0,0.0
6650.738095725,10075.0,0.0
6650.748720038,10075.0,0.0
6650.758835690,10075.0,0.0
6650.768304681,10075.0,0.0
6650.790787962,10075.0,0.0
6650.792231281,10075.0,0.0
6651.155348912,10075.0,0.0
6651.155520577,10075.0,0.0
6651.162573509,10075.0,0.0
6651.175507966,10075.0,0.0
6651.183915217,10075.0,0.0
6651.599123841,10075.0,0.0
6651.609887486,10075.0,0.0
6651.619628058,10075.0,0.0
6651.629773959,10075.0,0.0
6651.642180505,10075.0,0.0
6651.650619423,10075.0,0.0
6651.660758074,10075.0,0.0
6651.671600385,10075.0,0.0
6651.681254708,10075.0,0.0
6651.691457942,10075.0,0.0
6651.702182837,10075.0,0.0
6651.711056918,10075.0,0.0
6651.721150319,10075.0,0.0
6651.731491302,10075.0,0.0
6651.741812202,10075.0,0.0
6651.751119861,10075.0,0.0
6651.761540843,10075.0,0.0
6651.772208572,10075.0,0.0
6651.784185956,10075.0,0.0
6651.794752353,10075.0,0.0
6651.803716432,10075.0,0.0
6651.813867583,10075.0,0.0
6651.823970568,10075.0,0.0
6651.833389727,10075.0,0.0
6651.843540711,10075.0,0.0
6651.862295528,10075.0,0.0
6651.863329518,10075.0,0.0
6651.873417253,10075.0,0.0
6651.884195815,10075.0,0.0
6651.893033729,10075.0,0.0
6651.903251380,10075.0,0.0
6651.913956025,10075.0,0.0
6651.923808846,10075.0,0.0
6651.933102672,10075.0,0.0
6651.943431322,10075.0,0.0
6651.953840054,10075.0,0.0
6651.962929465,10075.0,10.0
6651.973364030,10075.0,10.0
6651.983971844,10075.0,10.0
6651.993710665,10075.0,10.0
6652.004410311,10075.0,10.0
6652.014833460,10075.0,10.0
6652.025202442,10075.0,10.0
6652.035712006,10075.0,10.0
6652.047646890,10075.0,10.0
6652.061716420,10075.0,10.0
6652.065963712,10075.0,0.0
6652.075821116,10075.0,0.0
6652.085581438,9780.0,0.0
6652.095633506,9780.0,0.0
6652.106029905,9780.0,0.0
6652.122285080,10580.0,0.0
6652.129247762,10580.0,0.0
6652.139187666,10580.0,0.0
6652.148873321,10580.0,0.0
6652.160088545,10580.0,0.0
6652.170014782,10580.0,0.0
6652.179031528,10580.0,0.0
6652.189776673,10580.0,0.0
6652.202714464,10580.0,0.0
6652.209113985,10580.0,0.0
6652.219956046,10580.0,0.0
6652.229161039,10580.0,0.0
6652.239289941,10580.0,0.0
6652.250424666,10580.0,0.0
6652.260678899,10580.0,0.0
6652.270846050,10580.0,0.0
6652.281875109,10580.0,0.0
6652.291778180,10580.0,0.0
6652.302051413,10580.0,0.0
6652.312149981,10580.0,0.0
6652.322495631,10580.0,0.0
6652.331832540,10580.0,0.0
6652.341526695,10580.0,0.0
6652.352015093,10580.0,0.0
6652.362039496,10580.0,0.0
6652.373804214,10580.0,0.0
6652.384896273,10580.0,0.0
6652.397465651,10580.0,0.0
6652.402878431,10580.0,0.0
6652.412910750,10075.0,0.0
6652.422343242,10075.0,0.0
6652.432843473,10075.0,0.0
6652.443548619,10075.0,0.0
6652.458209476,10075.0,0.0
6652.462869014,10075.0,0.0
6652.472978165,10075.0,0.0
6652.483031317,10075.0,0.0
6652.493204718,10075.0,0.0
6652.503482368,10075.0,0.0
6652.513614020,10075.0,0.0
6652.523879336,10075.0,0.0
6652.534241319,10075.0,0.0
6652.544359887,10075.0,0.0
6652.554615287,10075.0,0.0
6652.564658189,10075.0,0.0
6652.574056431,10075.0,0.0
6652.584317331,10075.0,0.0
6652.595276308,10075.0,0.0
6652.604949130,10075.0,0.0
6652.614448954,10075.0,0.0
6652.624672522,10075.0,0.0
6652.635012504,10075.0,0.0
6652.644536661,10075.0,0.0
6652.666037369,10075.0,0.0
6652.666144784,10075.0,0.0
6652.674532703,10075.0,0.0
6652.685189849,10075.0,0.0
6652.694381093,10075.0,0.0
6652.704456661,10075.0,0.0
6652.728766925,10075.0,0.0
6652.728858424,10075.0,0.0
6652.735188362,10075.0,0.0
6652.745718676,10075.0,0.0
6652.755971076,10075.0,0.0
6652.765831897,10075.0,0.0
6652.780096591,10075.0,0.0
6652.786041117,10075.0,0.0
6652.796359933,10075.0,0.0
6652.807199244,10075.0,0.0
6652.817323646,10075.0,0.0
6652.826395891,10075.0,0.0
6652.836765040,10075.0,0.0
6652.850830236,10075.0,0.0
6652.856902510,10075.0,0.0
6652.866589666,10075.0,0.0
6652.876724651,10075.0,0.0
6652.886453556,10075.0,0.0
6652.896459458,10075.0,0.0
6652.907874014,10075.0,0.0
6652.923841358,10075.0,0.0
6652.926393500,10075.0,0.0
6652.936965481,10075.0,0.0
6652.946810551,10075.0,0.0
6652.957081785,10075.0,-10.0
6652.967936179,10075.0,-10.0
6652.977730584,10075.0,-10.0
6652.987101326,10075.0,-10.0
6652.997388476,10075.0,-10.0
6653.007585543,10075.0,-10.0
6653.017771944,10075.0,-10.0
6653.027417100,10075.0,-10.0
6653.037480252,10075.0,0.0
6653.047599320,10075.0,0.0
6653.057230226,10075.0,0.0
6653.067299795,10075.0,0.0
6653.078074440,10075.0,0.0
6653.087268850,10075.0,0.0
6653.097567750,10075.0,0.0
6653.108023482,10075.0,0.0
6653.121603266,10075.0,0.0
6653.131869333,10075.0,0.0
6653.141417907,10075.0,0.0
6653.151498892,10075.0,0.0
6653.161806708,10075.0,0.0
6653.171225866,10075.0,0.0
6653.186101721,10075.0,0.0
6653.196538870,10075.0,0.0
6653.206244192,10075.0,0.0
6653.215637850,10075.0,0.0
6653.225692753,10075.0,0.0
6653.238282630,10075.0,0.0
6653.245986638,10075.0,0.0
6653.255314131,10075.0,0.0
6653.265919361,10075.0,0.0
6653.277324333,10075.0,0.0
6653.286385162,10075.0,0.0
6653.297159307,10075.0,0.0
6653.307438707,10075.0,0.0
6653.317450192,10075.0,0.0
6653.327837341,10075.0,0.0
6653.337587413,10075.0,0.0
6653.347902813,10075.0,0.0
6653.359880946,10075.0,10.0
6653.379283174,10075.0,10.0
6653.380847992,10075.0,10.0
6653.389303743,10075.0,10.0
6653.399320812,10075.0,10.0
6653.409445047,10075.0,10.0
6653.420421356,10075.0,10.0
6653.429198688,10075.0,10.0
6653.440122498,10075.0,10.0
6653.450303315,10075.0,10.0
6653.460220969,10075.0,0.0
6653.469396296,10075.0,0.0
6653.479913777,10075.0,0.0
6653.488898106,10075.0,0.0
6653.499387421,10075.0,0.0
6653.509831569,10075.0,0.0
6653.521595621,10075.0,0.0
6653.530060789,10075.0,0.0
6653.539462531,10075.0,0.0
6653.550217009,10075.0,0.0
6653.560357327,10075.0,0.0
6653.570775392,10075.0,0.0
6653.580856461,10075.0,0.0
6653.594475578,10075.0,0.0
6653.600775684,10075.0,0.0
6653.611007584,10075.0,0.0
6653.620795905,10075.0,0.0
6653.630415562,10075.0,0.0
6653.640741544,10075.0,0.0
6653.656965553,10075.0,0.0
6653.660333020,10075.0,0.0
6653.670572671,10075.0,0.0
6653.680689905,10075.0,0.0
6653.689984648,10075.0,0.0
6653.700428047,10075.0,0.0
6653.711028360,10075.0,0.0
6653.721022013,10075.0,0.0
6653.730293089,10075.0,0.0
6653.740437407,10075.0,0.0
6653.750295144,10075.0,0.0
6653.760652793,10075.0,0.0
6653.770892110,10075.0,0.0
6653.779927689,10075.0,0.0
6653.790257505,10075.0,0.0
6653.800720903,10075.0,0.0
6653.811050636,10075.0,0.0
6653.820908957,10075.0,0.0
6653.831010108,10075.0,0.0
6653.855331705,10075.0,0.0
6653.855381621,10075.0,0.0
6653.860688653,10075.0,0.0
6653.870991219,10075.0,0.0
6653.880706041,10075.0,0.0
6653.891281605,10075.0,0.0
6653.900333267,10075.0,0.0
6653.916639108,10075.0,0.0
6653.946788814,10075.0,0.0
6653.946936313,10075.0,0.0
6653.950185781,10075.0,0.0
6653.959825187,10075.0,0.0
6653.969846423,10075.0,0.0
6653.980358154,10075.0,0.0
6653.992279121,10075.0,0.0
6654.020025601,10075.0,0.0
6654.020134517,10075.0,0.0
6654.021977916,10075.0,0.0
6654.031106410,10075.0,0.0
6654.040430569,10075.0,0.0
6654.050564304,10075.0,0.0
6654.060705705,10075.0,0.0
6654.072058678,10075.0,0.0
6654.082683741,10075.0,0.0
6654.092513979,10075.0,0.0
6654.102109469,10075.0,0.0
6654.112536534,10075.0,0.0
6654.133673995,10075.0,0.0
6654.133803743,10075.0,0.0
6654.147618525,10075.0,0.0
6654.154520875,10075.0,0.0
6654.162362715,10075.0,0.0
6654.173205860,10075.0,0.0
6654.182499102,10075.0,0.0
6654.193987907,10075.0,0.0
6654.203045902,10075.0,0.0
6654.212548060,10075.0,0.0
6654.223432204,10075.0,0.0
6654.232305284,10075.0,0.0
6654.242343020,10075.0,0.0
6654.253417829,10075.0,0.0
6654.268543015,10075.0,0.0
6654.273473467,10075.0,0.0
6654.284076113,10075.0,0.0
6654.293143442,10075.0,0.0
6654.304255084,10075.0,0.0
6654.314550483,10075.0,0.0
6654.326432034,10075.0,0.0
6654.338618999,10075.0,0.0
6654.350871880,10075.0,0.0
6654.358915385,10075.0,0.0
6654.379716515,10075.0,0.0
6654.384359304,10075.0,0.0
6654.394520538,10075.0,0.0
6654.401258889,10075.0,0.0
6654.411985451,10075.0,0.0
6654.421400026,10075.0,0.0
6654.431663260,10075.0,0.0
6654.444105555,10075.0,0.0
6654.473843516,10075.0,0.0
6654.474019847,10075.0,0.0
6654.481652940,10075.0,0.0
6654.487654131,10075.0,0.0
6654.497945281,10075.0,0.0
6654.507390106,10075.0,0.0
6654.539017298,10075.0,0.0
6654.539062797,10075.0,0.0
6654.539101547,10075.0,0.0
6654.547657547,10075.0,0.0
6654.558038112,10075.0,0.0
6654.567895350,10075.0,0.0
6654.583797445,10075.0,0.0
6654.588355651,10075.0,0.0
6654.597872475,10075.0,0.0
6654.607527464,10075.0,0.0
6654.617680698,10075.0,0.0
6654.628608009,10075.0,0.0
6654.639015241,10075.0,0.0
6654.651749200,10075.0,0.0
6654.659110212,10075.0,0.0
6654.668394788,10075.0,0.0
6654.678512773,10075.0,0.0
6654.692410721,10075.0,0.0
6654.698312413,10075.0,0.0
6654.708859144,10075.0,0.0
6654.728352954,10075.0,0.0
6654.731440341,10075.0,0.0
6654.741951822,10075.0,0.0
6654.752207722,10075.0,0.0
6654.762328290,10075.0,0.0
6654.772979853,10075.0,0.0
6654.784600573,10075.0,0.0
6654.793344821,10075.0,0.0
6654.803777053,10075.0,0.0
6654.813868871,10075.0,0.0
6654.823191947,10075.0,0.0
6654.834312506,10075.0,0.0
6654.844873819,10075.0,-10.0
6654.859054181,10075.0,-10.0
6654.867776096,10075.0,-10.0
6654.875085692,10075.0,-10.0
6654.884580766,10075.0,-10.0
6654.894638251,10075.0,-10.0
6654.905225648,10075.0,-10.0
6654.925094955,10075.0,-10.0
6654.927697096,10075.0,-10.0
6654.936451344,10075.0,-10.0
6654.946671911,10075.0,-10.0
6654.956810313,10075.0,-10.0
6654.968119119,10075.0,-10.0
6654.977424279,10075.0,-10.0
6654.987479514,10075.0,-10.0
6654.997822247,10075.0,-10.0
6655.007188989,10075.0,-10.0
6655.017288141,10075.0,-10.0
6655.027827621,10075.0,-10.0
6655.037861357,10075.0,-10.0
6655.048081257,10075.0,-10.0
6655.058628238,10075.0,-10.0
6655.068890221,10075.0,-10.0
6655.079153621,10075.0,-10.0
6655.089290606,10075.0,-10.0
6655.100257249,10075.0,-10.0
6655.109962488,10075.0,-10.0
6655.122151453,10075.0,-10.0
6655.129912627,10075.0,-10.0
6655.139213953,10075.0,-10.0
6655.149925849,10075.0,-10.0
6655.160138750,10075.0,-10.0
6655.169162745,10075.0,-10.0
6655.180192804,10075.0,-10.0
6655.195974651,10075.0,-10.0
6655.200942186,10075.0,-10.0
6655.210146763,10075.0,-10.0
6655.220467745,10075.0,-10.0
6655.230726229,10075.0,-10.0
6655.241211377,10075.0,-10.0
6655.251531860,10075.0,-10.0
6655.261787760,10075.0,-10.0
6655.270969837,10075.0,-10.0
6655.281456152,10075.0,-10.0
6655.291130807,10075.0,-10.0
6655.301456123,10075.0,-10.0
6655.317127804,10075.0,-10.0
6655.323380827,10075.0,-10.0
6655.332641487,10075.0,-10.0
6655.342604723,10075.0,-10.0
6655.352899373,10075.0,-10.0
6655.363112023,10075.0,-10.0
6655.373262258,10075.0,-10.0
6655.383418992,10075.0,-10.0
6655.393793808,10075.0,-10.0
6655.403651462,10075.0,-10.0
6655.412761456,10075.0,-10.0
6655.423145189,10075.0,-10.0
6655.433277757,10075.0,-10.0
6655.443413491,10075.0,-10.0
6655.454212053,10075.0,-10.0
6655.464101456,10075.0,-10.0
6655.474371773,10075.0,-10.0
6655.484521008,10075.0,-10.0
6655.496127561,10075.0,-10.0
6655.505992382,10075.0,-10.0
6655.525149362,10075.0,-10.0
6655.526610098,10075.0,-10.0
6655.536986080,10075.0,-10.0
6655.546147074,10075.0,-10.0
6655.556426391,10075.0,-10.0
6655.567330951,10075.0,-10.0
6655.576395280,10075.0,-10.0
6655.592297375,10075.0,-10.0
6655.597438075,10075.0,-10.0
6655.607641559,10075.0,-10.0
6655.618234039,10075.0,-10.0
6655.627391866,10075.0,-10.0
6655.637975263,10075.0,-10.0
6655.650704223,10075.0,-10.0
6655.658521230,10075.0,-10.0
6655.668383801,10075.0,-10.0
6655.678612534,10075.0,0.0
6655.689140098,10075.0,0.0
6655.698197094,9780.0,0.0
6655.708985405,9780.0,0.0
6655.720711458,9780.0,0.0
6655.729730370,9780.0,0.0
6655.740120769,9780.0,0.0
6655.749258763,9780.0,0.0
6655.759508580,9780.0,0.0
6655.770374724,9780.0,0.0
6655.779217971,9780.0,0.0
6655.789663953,9780.0,0.0
6655.800774178,9780.0,0.0
6655.810648499,9780.0,0.0
6655.819299248,9780.0,0.0
6655.829582481,9780.0,0.0
6655.840801955,9780.0,0.0
6655.857201629,9780.0,0.0
6655.862044582,9780.0,0.0
6655.871382491,9780.0,0.0
6655.881719057,9780.0,0.0
6655.895906335,9780.0,0.0
6655.910409194,9780.0,0.0
6655.919073693,9780.0,0.0
6655.928611767,9780.0,0.0
6655.938912750,9780.0,0.0
6655.947817830,9780.0,0.0
6655.958148229,9780.0,0.0
6655.968406296,9780.0,0.0
6655.979522771,9780.0,0.0
6655.988204103,9780.0,0.0
6655.998182506,9780.0,0.0
6656.009779060,9780.0,0.0
6656.019344717,9780.0,0.0
6656.028786125,9780.0,0.0
6656.059893572,9780.0,0.0
6656.059920405,9780.0,0.0
6656.060662481,9780.0,0.0
6656.070677217,9780.0,0.0
6656.080196457,9780.0,0.0
6656.090329109,9780.0,0.0
6656.100865339,9780.0,0.0
6656.110435496,9780.0,0.0
6656.120818645,9780.0,-10.0
6656.130725132,9780.0,-10.0
6656.141409861,9780.0,-10.0
6656.151262765,9780.0,-10.0
6656.162039410,9780.0,-10.0
6656.171778149,9780.0,-10.0
6656.183590367,9780.0,-10.0
6656.191315375,9780.0,-10.0
6656.205711902,9780.0,-10.0
6656.213338161,9780.0,-10.0
6656.224200055,9780.0,-10.0
6656.234300290,9780.0,-10.0
6656.243129204,9780.0,-10.0
6656.253398854,9780.0,-10.0
6656.263919168,9780.0,-10.0
6656.273075663,9780.0,0.0
6656.283206564,9780.0,0.0
6656.293570546,9780.0,0.0
6656.304082361,9780.0,0.0
6656.314241678,9780.0,0.0
6656.328044127,9780.0,0.0
6656.334072485,9780.0,0.0
6656.344891380,9780.0,0.0
6656.354272539,9780.0,0.0
6656.364963018,9780.0,0.0
6656.383513337,9780.0,0.0
6656.392816747,9780.0,0.0
6656.400695670,9780.0,0.0
6656.412201891,9780.0,0.0
6656.422539290,9780.0,0.0
6656.432737441,9780.0,0.0
6656.442222515,9780.0,0.0
6656.454545895,9780.0,0.0
6656.463030146,9780.0,0.0
6656.473204130,9780.0,0.0
6656.484022942,9780.0,0.0
6656.493947262,9780.0,0.0
6656.503857332,9780.0,0.0
6656.519781177,9780.0,0.0
6656.527292437,9780.0,0.0
6656.536379015,9780.0,0.0
6656.547250743,9780.0,0.0
6656.556984648,9780.0,0.0
6656.567673627,9780.0,0.0
6656.595286775,9780.0,0.0
6656.595731104,9780.0,0.0
6656.601719546,9780.0,0.0
6656.612759272,9780.0,0.0
6656.621159856,9780.0,0.0
6656.631544589,9780.0,0.0
6656.642656147,9780.0,0.0
6656.654099452,9780.0,0.0
6656.662439621,9780.0,0.0
6656.672602356,9780.0,0.0
6656.683229919,9780.0,0.0
6656.692393663,9780.0,0.0
6656.703627137,9780.0,0.0
6656.725694089,9780.0,0.0
6656.725982919,9780.0,0.0
6656.732533189,9780.0,0.0
6656.744024410,9780.0,0.0
6656.753048239,9780.0,0.0
6656.763857884,9780.0,0.0
6656.777272086,9780.0,0.0
6656.789764048,9780.0,0.0
6656.797642471,9780.0,0.0
6656.809890769,9780.0,0.0
6656.818946597,9780.0,0.0
6656.828971166,9780.0,0.0
6656.839477231,9780.0,0.0
6656.850404874,9780.0,0.0
6656.859954948,9780.0,0.0
6656.870611094,9780.0,0.0
6656.881230241,9780.0,0.0
6656.889265496,9780.0,0.0
6656.899855059,9780.0,0.0
6656.910967284,9780.0,0.0
6656.920565941,9780.0,0.0
6656.930053265,9780.0,0.0
6656.940698912,9780.0,0.0
6656.951387808,9780.0,0.0
6656.960694384,9780.0,0.0
6656.971383696,9780.0,0.0
6656.984397486,9780.0,0.0
6656.992078495,9780.0,0.0
6657.002826640,9780.0,0.0
6657.012485129,9780.0,0.0
6657.022957194,9780.0,0.0
6657.032216187,9780.0,0.0
6657.046656297,9780.0,0.0
6657.053652062,9780.0,0.0
6657.064740537,9780.0,0.0
6657.074851772,9780.0,0.0
6657.084169931,9780.0,0.0
6657.094565330,9780.0,0.0
6657.117340442,9780.0,0.0
6657.117846187,9780.0,0.0
6657.125486779,9780.0,0.0
6657.134512858,9780.0,0.0
6657.145726332,9780.0,0.0
6657.155021908,9780.0,0.0
6657.164046987,9780.0,0.0
6657.178438680,9780.0,0.0
6657.185628360,9780.0,0.0
6657.195768678,9780.0,0.0
6657.205039338,9780.0,0.0
6657.215325988,9780.0,0.0
6657.225507305,9780.0,0.0
6657.236358533,9780.0,0.0
6657.245440611,9780.0,0.0
6657.255705428,9780.0,0.0
6657.267176649,9780.0,0.0
6657.276209061,9780.0,0.0
6657.285097308,9780.0,0.0
6657.297885434,9780.0,0.0
6657.308615829,9780.0,0.0
6657.317396910,9780.0,0.0
6657.327804642,9780.0,0.0
6657.338053542,9780.0,0.0
6657.347816447,9780.0,0.0
6657.359359168,9780.0,0.0
6657.369704401,9780.0,0.0
6657.378390150,9780.0,0.0
6657.388712049,9780.0,0.0
6657.398779118,9780.0,0.0
6657.408007861,9780.0,0.0
6657.418258178,9780.0,0.0
6657.429320737,9780.0,0.0
6657.438488565,9780.0,0.0
6657.452043599,9780.0,0.0
6657.460482850,9780.0,0.0
6657.469589512,9780.0,0.0
6657.480490406,9780.0,0.0
6657.489445818,9780.0,0.0
6657.500111714,9780.0,0.0
6657.511671519,9780.0,0.0
6657.520290935,9780.0,0.0
6657.529818759,9780.0,0.0
6657.540583070,9780.0,0.0
6657.551516381,9780.0,0.0
6657.560520876,9780.0,0.0
6657.582537245,9780.0,0.0
6657.583084073,9780.0,0.0
6657.591067162,9780.0,0.0
6657.601628643,9780.0,0.0
6657.612047208,9780.0,0.0
6657.622332524,9780.0,0.0
6657.632434676,9780.0,0.0
6657.649989338,9780.0,0.0
6657.653372555,9780.0,0.0
6657.664574446,9780.0,0.0
6657.673679691,9780.0,0.0
6657.683723843,9780.0,0.0
6657.694754402,9780.0,0.0
6657.703464401,9780.0,0.0
6657.718320256,9780.0,0.0
6657.725116607,9780.0,0.0
6657.736193082,9780.0,0.0
6657.744774915,9780.0,0.0
6657.755731892,9780.0,0.0
6657.764272476,9780.0,0.0
6657.775093287,9780.0,0.0
6657.784066199,9780.0,0.0
6657.796088249,9780.0,0.0
6657.804741332,9780.0,0.0
6657.815295145,9780.0,0.0
6657.824632804,9780.0,0.0
6657.834785622,9780.0,0.0
6657.846981837,9780.0,0.0
6657.854694178,9780.0,0.0
6657.864530999,9780.0,0.0
6657.875079147,9780.0,0.0
6657.884940634,9780.0,0.0
6657.894749955,9780.0,0.0
6657.916077664,9780.0,0.0
6657.916124247,9780.0,0.0
6657.925627238,9780.0,0.0
6657.935759806,9780.0,0.0
6657.945163964,9780.0,0.0
6657.955599946,9780.0,0.0
6657.965793513,9780.0,0.0
6657.980555036,9780.0,0.0
6657.986987557,9780.0,0.0
6657.997148791,9780.0,0.0
6658.007667439,9780.0,0.0
6658.018243169,9780.0,0.0
6658.027331747,9780.0,0.0
6658.038361223,9780.0,0.0
6658.050300024,9780.0,0.0
6658.057306372,9780.0,0.0
6658.067613022,9780.0,0.0
6658.077976088,9780.0,0.0
6658.087371663,9780.0,0.0
6658.097495314,9780.0,0.0
6658.112690833,9780.0,0.0
6658.119821680,9780.0,0.0
6658.129641918,9780.0,0.0
6658.139204991,9780.0,0.0
6658.149435642,9780.0,0.0
6658.159660042,9780.0,0.0
6658.169156783,9780.0,0.0
6658.179325934,9780.0,0.0
6658.189692250,9780.0,0.0
6658.199834401,9780.0,0.0
6658.208895729,9780.0,0.0
6658.219765207,9780.0,0.0
6658.230405937,9780.0,0.0
6658.240455672,9780.0,0.0
6658.249974413,9780.0,0.0
6658.259038825,9780.0,0.0
6658.269342558,9780.0,0.0
6658.279850955,9780.0,0.0
6658.289343696,9780.0,0.0
6658.299720012,9780.0,0.0
6658.310101827,9780.0,0.0
6658.323429614,9780.0,0.0
6658.331261288,9780.0,0.0
6658.340788779,9780.0,0.0
6658.350517850,9780.0,0.0
6658.360747751,9780.0,0.0
6658.371119400,9780.0,0.0
6658.382160542,9780.0,0.0
6658.391290870,9780.0,0.0
6658.402257930,9780.0,0.0
6658.411854087,9780.0,0.0
6658.422044321,9780.0,0.0
6658.431106232,9780.0,0.0
6658.445904588,9780.0,0.0
6658.451767698,9780.0,0.0
6658.462832173,9780.0,0.0
6658.472036667,9780.0,0.0
6658.482672397,9780.0,0.0
6658.494538531,9780.0,0.0
6658.505092095,9780.0,0.0
6658.515223163,9780.0,0.0
6658.525536730,9780.0,0.0
6658.535763963,9780.0,0.0
6658.545282037,9780.0,0.0
6658.555655853,9780.0,0.0
6658.565793671,9780.0,0.0
6658.575856823,9780.0,0.0
6658.585441563,9780.0,0.0
6658.595661463,9780.0,0.0
6658.605958696,9780.0,0.0
6658.615226440,9780.0,0.0
6658.625584672,9780.0,0.0
6658.641265603,9780.0,0.0
6658.647622124,9780.0,0.0
6658.656144958,9780.0,0.0
6658.666203277,9780.0,0.0
6658.676859589,9780.0,0.0
6658.686960241,9780.0,0.0
6658.696299900,9780.0,0.0
6658.707294210,9780.0,0.0
6658.723046056,9780.0,0.0
6658.731462808,9780.0,0.0
6658.741739541,9780.0,0.0
6658.751858359,9780.0,0.0
6658.761210851,9780.0,0.0
6658.771718749,9780.0,0.0
6658.784991120,9780.0,0.0
6658.792545296,9780.0,0.0
6658.802881779,9780.0,0.0
6658.813037680,9780.0,0.0
6658.823479995,9780.0,0.0
6658.833632396,9780.0,0.0
6658.850578398,9780.0,0.0
6658.854423694,9780.0,0.0
6658.864665177,9780.0,0.0
6658.874764412,9780.0,0.0
6658.883990656,9780.0,0.0
6658.894311055,9780.0,0.0
6658.913175038,9780.0,0.0
6658.914234278,9780.0,0.0
6658.924565261,9780.0,0.0
6658.935264323,9780.0,0.0
6658.945161810,9780.0,0.0
6658.956109370,9780.0,0.0
6658.965734027,9780.0,0.0
6658.979948888,9780.0,0.0
6658.986707239,9780.0,0.0
6658.997595800,9780.0,0.0
6659.006281965,9780.0,0.0
6659.016830196,9780.0,0.0
6659.026915681,9780.0,0.0
6659.036403672,9780.0,0.0
6659.049914790,9780.0,0.0
6659.059160533,9780.0,0.0
6659.066075216,9780.0,0.0
6659.076659530,9780.0,0.0
6659.086747432,9780.0,0.0
6659.096230506,9780.0,0.0
6659.107858726,9780.0,0.0
6659.121940172,9780.0,0.0
6659.126487128,9780.0,0.0
6659.137780935,9780.0,0.0
6659.147534173,9780.0,0.0
6659.158020988,9780.0,0.0
6659.168790299,9780.0,0.0
6659.178515121,9780.0,0.0
6659.190123425,9780.0,0.0
6659.198159597,9780.0,0.0
6659.208317414,9780.0,0.0
6659.218564148,9780.0,0.0
6659.228938047,9780.0,0.0
6659.237979126,9780.0,0.0
6659.248151943,9780.0,0.0
6659.258456176,9780.0,0.0
6659.269510902,9780.0,0.0
6659.278060402,9780.0,0.0
6659.288445051,9780.0,0.0
6659.298552952,9780.0,0.0
6659.308711437,9780.0,0.0
6659.318472925,9780.0,0.0
6659.328706159,9780.0,0.0
6659.339133557,9780.0,0.0
6659.348596132,9780.0,0.0
6659.358950031,9780.0,0.0
6659.378779588,9780.0,0.0
6659.382591134,9780.0,0.0
6659.403465348,9780.0,0.0
6659.403504764,9780.0,0.0
6659.413822247,9780.0,0.0
6659.423482819,9780.0,0.0
6659.433319474,9780.0,0.0
6659.445478355,9780.0,0.0
6659.453219780,9780.0,0.0
6659.463260849,9780.0,0.0
6659.475298981,9780.0,0.0
6659.484082729,9780.0,0.0
6659.494141715,9780.0,0.0
6659.503915703,9780.0,0.0
6659.514526766,9780.0,0.0
6659.528493547,9780.0,0.0
6659.534789319,9780.0,0.0
6659.544239893,9780.0,0.0
6659.553480720,9780.0,0.0
6659.564036534,9780.0,0.0
6659.573447859,9780.0,0.0
6659.587465306,9780.0,0.0
6659.593614496,9780.0,0.0
6659.604241559,9780.0,0.0
6659.612893392,9780.0,0.0
6659.623003543,9780.0,0.0
6659.633713189,9780.0,0.0
6659.643627176,9780.0,0.0
6659.653889659,9780.0,0.0
6659.666714701,9780.0,0.0
6659.674671790,9780.0,0.0
6659.683779035,9780.0,0.0
6659.694242349,9780.0,0.0
6659.704747081,9780.0,0.0
6659.714678817,9780.0,0.0
6659.724918967,9780.0,0.0
6659.735195534,9780.0,0.0
6659.745501017,9780.0,0.0
6659.755754751,9780.0,0.0
6659.764974661,9780.0,0.0
6659.784918550,9780.0,0.0
6659.785726375,9780.0,0.0
6659.797081765,9780.0,0.0
6659.806711338,9780.0,0.0
6659.817623565,9780.0,0.0
6659.826296397,9780.0,0.0
6659.837084875,9780.0,0.0
6659.848867761,9780.0,0.0
6659.863638033,9780.0,0.0
6659.868023157,9780.0,0.0
6659.877855395,9780.0,0.0
6659.887237304,9780.0,0.0
6659.897286456,9780.0,0.0
6659.908492347,9780.0,0.0
6659.921548553,9780.0,0.0
6659.931713287,9780.0,0.0
6659.938139808,9780.0,0.0
6659.948332709,9780.0,0.0
6659.958412860,9780.0,0.0
6659.969123340,9780.0,0.0
6659.980603311,9780.0,0.0
6659.989287977,9780.0,0.0
6659.999882290,9780.0,0.0
6660.009802777,9780.0,0.0
6660.020110843,9780.0,0.0
6660.030397660,9780.0,0.0
6660.040558811,9780.0,0.0
6660.050992042,9780.0,0.0
6660.062686095,9780.0,0.0
6660.070284271,9780.0,0.0
6660.080876418,9780.0,0.0
6660.090862154,9780.0,0.0
6660.100089814,9780.0,0.0
6660.110192633,9780.0,0.0
6660.123259422,9780.0,0.0
6660.131352843,9780.0,0.0
6660.140121008,9780.0,0.0
6660.151399648,9780.0,0.0
6660.161001804,9780.0,0.0
6660.171484286,9780.0,0.0
6660.181683770,9780.0,0.0
6660.199732177,9780.0,0.0
6660.201141164,9780.0,0.0
6660.211411480,9780.0,0.0
6660.221920711,9780.0,0.0
6660.231183288,9780.0,0.0
6660.246121392,9780.0,0.0