%time,field.velocity,field.angle
6725.873341025,9780.0,0.0
6725.884603999,9780.0,0.0
6725.894281154,9780.0,0.0
6725.903332066,9780.0,0.0
6725.914079795,9780.0,0.0
6725.924353195,9780.0,0.0
6725.934659844,9780.0,0.0
6725.945115826,9780.0,0.0
6725.955557224,9780.0,0.0
6725.965369462,9780.0,0.0
6725.978588583,9780.0,0.0
6725.986386424,9780.0,0.0
6725.996580408,9780.0,0.0
6726.006909724,9780.0,0.0
6726.016121468,9780.0,0.0
6726.026202536,9780.0,0.0
6726.036596602,9780.0,0.0
6726.047127416,9780.0,0.0
6726.057105402,9780.0,0.0
6726.069780862,9780.0,0.0
6726.078221613,9780.0,0.0
6726.087291275,9780.0,0.0
6726.097702174,9780.0,0.0
6726.112029034,9780.0,0.0
6726.117279400,9780.0,0.0
6726.129085618,9780.0,0.0
6726.141218000,9780.0,0.0
6726.151599482,9780.0,0.0
6726.175348167,9780.0,0.0
6726.175477000,9780.0,0.0
6726.181639440,9780.0,0.0
6726.192765331,9780.0,0.0
6726.202946815,9780.0,0.0
6726.212646554,9780.0,0.0
6726.232146864,9780.0,0.0
6726.234088096,9780.0,0.0
6726.243140424,9780.0,0.0
6726.253773904,9780.0,0.0
6726.263003731,9780.0,0.0
6726.273171548,9780.0,0.0
6726.291827200,9780.0,0.0
6726.294703339,9780.0,0.0
6726.304641409,9780.0,0.0
6726.315390554,9780.0,0.0
6726.324826212,9780.0,0.0
6726.335725689,9780.0,0.0
6726.346136671,9780.0,0.0
6726.354952835,9780.0,0.0
6726.364856906,9780.0,0.0
6726.378949102,9780.0,0.0
6726.385122042,9780.0,0.0
6726.394481950,9780.0,0.0
6726.404962682,9780.0,0.0
6726.414752920,9780.0,0.0
6726.425678563,9780.0,0.0
6726.434323896,9780.0,0.0
6726.444468547,9780.0,0.0
6726.454650281,9780.0,0.0
6726.465050680,9780.0,0.0
6726.475148665,9780.0,0.0
6726.485238483,9780.0,0.0
6726.496008128,9780.0,0.0
6726.507174436,9780.0,0.0
6726.517107090,9780.0,0.0
6726.527205908,9780.0,0.0
6726.537172311,9780.0,0.0
6726.546713635,9780.0,0.0
6726.557403197,9780.0,0.0
6726.567414433,9780.0,0.0
6726.584272186,9780.0,0.0
6726.589481552,9780.0,0.0
6726.598957293,9780.0,0.0
6726.608368451,9780.0,0.0
6726.618540435,9780.0,0.0
6726.628801585,9780.0,0.0
6726.638101328,9780.0,0.0
6726.651092868,9780.0,0.0
6726.659175540,9780.0,0.0
6726.669260858,9780.0,0.0
6726.679361510,9780.0,0.0
6726.690370903,9780.0,0.0
6726.699948393,9780.0,0.0
6726.719128206,9780.0,0.0
6726.719227455,9780.0,0.0
6726.729507855,9780.0,0.0
6726.739611256,9780.0,0.0
6726.750202570,9780.0,0.0
6726.759109733,9780.0,0.0
6726.774410501,9780.0,0.0
6726.786922962,9780.0,0.0
6726.790343929,9780.0,0.0
6726.800849827,9780.0,0.0
6726.811205643,9780.0,0.0
6726.820039557,9780.0,0.0
6726.830300040,9780.0,0.0
6726.840858854,9780.0,0.0
6726.851333335,9780.0,0.0
6726.865904610,9780.0,0.0
6726.870472566,9780.0,0.0
6726.881111712,9780.0,0.0
6726.890126041,9780.0,0.0
6726.900512773,9780.0,0.0
6726.910737173,9780.0,0.0
6726.924879369,9780.0,0.0
6726.931429722,9780.0,0.0
6726.941839871,9780.0,0.0
6726.951195196,9780.0,0.0
6726.961417513,9780.0,0.0
6726.971969244,9780.0,0.0
6726.981290153,9780.0,0.0
6727.000635048,9780.0,0.0
6727.002094367,9780.0,0.0
6727.011662607,9780.0,0.0
6727.021671010,9780.0,0.0
6727.031900827,9780.0,0.0
6727.043453131,9780.0,0.0
6727.058867231,9780.0,0.0
6727.062149366,9780.0,0.0
6727.071883271,9780.0,0.0
6727.081848507,9780.0,0.0
6727.091367915,9780.0,0.0
6727.101690814,9780.0,0.0
6727.123973680,9780.0,0.0
6727.124084263,9780.0,0.0
6727.132055518,9780.0,0.0
6727.141361344,9780.0,0.0
6727.151918075,9780.0,0.0
6727.161939144,9780.0,0.0
6727.178926562,9780.0,0.0
6727.184530341,9780.0,0.0
6727.194748325,9780.0,0.0
6727.204018318,9780.0,0.0
6727.214619131,9780.0,0.0
6727.224660367,9780.0,0.0
6727.234603853,9780.0,0.0
6727.244016512,9780.0,0.0
6727.254180163,9780.0,0.0
6727.264401980,9780.0,0.0
6727.275864535,9780.0,0.0
6727.284208370,9780.0,0.0
6727.294144857,9780.0,0.0
6727.304362924,9780.0,0.0
6727.314715323,9780.0,0.0
6727.324736976,9780.0,0.0
6727.335248206,9780.0,0.0
6727.346165184,9780.0,0.0
6727.356029004,9780.0,0.0
6727.365385246,9780.0,0.0
6727.381633421,9780.0,0.0
6727.389081932,9780.0,0.0
6727.398420841,10580.0,0.0
6727.408358995,10580.0,0.0
6727.418441730,10580.0,0.0
6727.428927794,10580.0,0.0
6727.437907540,10580.0,0.0
6727.448149524,10580.0,0.0
6727.458824920,10580.0,0.0
6727.468709824,10580.0,0.0
6727.477851651,10580.0,0.0
6727.488205884,10580.0,0.0
6727.498425201,10580.0,0.0
6727.508518853,10580.0,0.0
6727.518844502,10580.0,0.0
6727.528040496,10580.0,0.0
6727.540464792,10580.0,0.0
6727.548900459,10580.0,0.0
6727.559270275,10580.0,0.0
6727.582295718,10580.0,0.0
6727.582400383,10580.0,0.0
6727.590348139,10580.0,0.0
6727.600728871,10580.0,0.0
6727.610433777,10580.0,0.0
6727.621190006,10580.0,0.0
6727.630454832,10580.0,0.0
6727.643015793,10580.0,0.0
6727.654678263,10580.0,0.0
6727.663916506,10580.0,0.0
6727.671763680,10580.0,0.0
6727.681625000,10580.0,0.0
6727.691682902,10075.0,0.0
6727.701564973,10075.0,0.0
6727.711914705,10075.0,0.0
6727.721193115,10075.0,0.0
6727.731633347,10075.0,0.0
6727.741682166,10075.0,0.0
6727.751788067,10075.0,0.0
6727.762114883,10075.0,0.0
6727.772576865,10075.0,0.0
6727.782531184,10075.0,0.0
6727.793050582,10075.0,0.0
6727.803302566,10075.0,0.0
6727.812672058,10075.0,0.0
6727.823075373,10075.0,0.0
6727.834161432,10075.0,0.0
6727.846312730,10075.0,0.0
6727.854501984,10075.0,0.0
6727.869274090,10075.0,0.0
6727.874790286,10075.0,0.0
6727.885017520,10075.0,0.0
6727.894318679,10075.0,0.0
6727.904764494,10075.0,0.0
6727.915108394,10075.0,0.0
6727.924244221,10075.0,0.0
6727.935232614,10075.0,0.0
6727.945520931,10075.0,0.0
6727.954396844,10075.0,0.0
6727.964466246,10075.0,0.0
6727.990221079,10075.0,0.0
6727.990242412,10075.0,0.0
6727.994683035,10075.0,0.0
6728.004729688,10075.0,0.0
6728.015012171,10075.0,0.0
6728.025149572,10075.0,0.0
6728.035314140,10075.0,0.0
6728.045674539,10075.0,0.0
6728.055937272,10075.0,0.0
6728.065097016,10075.0,0.0
6728.075233084,10075.0,0.0
6728.085713732,10075.0,0.0
6728.095828467,10075.0,0.0
6728.105560206,10075.0,0.0
6728.115626524,10075.0,0.0
6728.126109839,10075.0,0.0
6728.135192167,10075.0,0.0
6728.145714065,10075.0,0.0
6728.155991215,10075.0,0.0
6728.166872942,10075.0,0.0
6728.177376506,10075.0,0.0
6728.188287400,10075.0,0.0
6728.197829974,10075.0,0.0
6728.207759044,10075.0,0.0
6728.217808196,10075.0,0.0
6728.227808265,10075.0,0.0
6728.236963760,10075.0,0.0
6728.247183243,10075.0,0.0
6728.257903222,10075.0,0.0
6728.267611044,10075.0,0.0
6728.277916944,10075.0,0.0
6728.288072929,10075.0,0.0
6728.298132581,10075.0,0.0
6728.308559146,10075.0,0.0
6728.318856629,10075.0,0.0
6728.329047030,10075.0,0.0
6728.338256773,10075.0,0.0
6728.348777171,10075.0,0.0
6728.359130403,10075.0,0.0
6728.381315021,10075.0,0.0
6728.381368020,10075.0,0.0
6728.393790232,10075.0,0.0
6728.401946236,10075.0,0.0
6728.411600142,10075.0,0.0
6728.422534869,10075.0,0.0
6728.431780279,10075.0,0.0
6728.442298677,10075.0,0.0
6728.456230374,10075.0,0.0
6728.463169057,10075.0,0.0
6728.472197386,10075.0,0.0
6728.482136289,10075.0,0.0
6728.492204274,10075.0,0.0
6728.502576673,10075.0,0.0
6728.512759991,10075.0,0.0
6728.522041484,10075.0,0.0
6728.532341133,10075.0,0.0
6728.542429952,10075.0,0.0
6728.552498520,10075.0,0.0
6728.563338998,10075.0,0.0
6728.573282568,10075.0,0.0
6728.583488635,10075.0,0.0
6728.593755869,10075.0,0.0
6728.603072778,10075.0,0.0
6728.613318428,10075.0,0.0
6728.623619995,10075.0,0.0
6728.633584814,10075.0,0.0
6728.653980449,10075.0,0.0
6728.654057031,10075.0,0.0
6728.663903019,10075.0,0.0
6728.674738247,10075.0,0.0
6728.686367717,10075.0,0.0
6728.695109215,10075.0,0.0
6728.705077868,10075.0,0.0
6728.714658441,10075.0,0.0
6728.729572046,10075.0,0.0
6728.737397970,10075.0,0.0
6728.748048450,10075.0,0.0
6728.757931437,10075.0,0.0
6728.767493760,10075.0,0.0
6728.783441438,10075.0,0.0
6728.788791220,10075.0,0.0
6728.796969723,10075.0,0.0
6728.807675119,10075.0,0.0
6728.817453190,10075.0,0.0
6728.827691674,10075.0,0.0
6728.838093906,10075.0,0.0
6728.848031809,10075.0,0.0
6728.858197460,10075.0,0.0
6728.868933689,10075.0,0.0
6728.878651261,10075.0,0.0
6728.887938171,10075.0,0.0
6728.898339819,10075.0,0.0
6728.908640053,10075.0,0.0
6728.919109534,10075.0,0.0
6728.930040011,10075.0,0.0
6728.942489556,10075.0,0.0
6728.949849651,10075.0,0.0
6728.959129394,10075.0,0.0
6728.969565126,10075.0,0.0
6728.981966755,10075.0,0.0
6728.990069593,10075.0,0.0
6728.999401419,10075.0,0.0
6729.009845650,10075.0,0.0
6729.020358548,10075.0,0.0
6729.030432783,10075.0,0.0
6729.048202610,10075.0,0.0
6729.050437755,10075.0,0.0
6729.061321316,10075.0,0.0
6729.070297978,10075.0,0.0
6729.080590878,10075.0,0.0
6729.091776019,10075.0,0.0
6729.101170928,10075.0,0.0
6729.114744462,10075.0,0.0
6729.122898300,10075.0,0.0
6729.130767723,10075.0,0.0
6729.140370046,10075.0,0.0
6729.150510781,10075.0,0.0
6729.160765931,10075.0,0.0
6729.170531086,10075.0,0.0
6729.191468715,10075.0,0.0
6729.192991034,10075.0,0.0
6729.203413432,10075.0,0.0
6729.213605000,10075.0,0.0
6729.223662902,10075.0,0.0
6729.234469963,10075.0,0.0
6729.244678447,10075.0,0.0
6729.254524685,10075.0,0.0
6729.264963250,10075.0,0.0
6729.274062411,10075.0,0.0
6729.284140646,10075.0,0.0
6729.294625961,10075.0,0.0
6729.305260440,10075.0,0.0
6729.314411101,10075.0,0.0
6729.324403087,10075.0,0.0
6729.334567655,10075.0,0.0
6729.345348467,10075.0,0.0
6729.354446378,10075.0,0.0
6729.365209940,10075.0,0.0
6729.379101055,10075.0,0.0
6729.384359337,10075.0,0.0
6729.395269647,10075.0,0.0
6729.404748055,10075.0,0.0
6729.415134704,10075.0,0.0
6729.425678435,10075.0,0.0
6729.436075583,10075.0,0.0
6729.445250161,10075.0,0.0
6729.455496561,10075.0,0.0
6729.465859210,10075.0,0.0
6729.475763447,10075.0,0.0
6729.486209512,10075.0,0.0
6729.496630910,10075.0,0.0
6729.506124735,10075.0,0.0
6729.516400718,10075.0,0.0
6729.526549869,10075.0,0.0
6729.537066683,10075.0,0.0
6729.546365759,10075.0,0.0
6729.556662993,10075.0,0.0
6729.572618254,10075.0,0.0
6729.583178484,10075.0,0.0
6729.592131647,10075.0,0.0
6729.602641961,10075.0,0.0
6729.613224858,10075.0,0.0
6729.622119438,10075.0,0.0
6729.632502837,10075.0,0.0
6729.645176964,10075.0,0.0
6729.655347365,10075.0,0.0
6729.665049770,10075.0,0.0
6729.674475845,10075.0,0.0
6729.685979067,10075.0,0.0
6729.694716565,10075.0,0.0
6729.705128880,10075.0,0.0
6729.725239768,10075.0,0.0
6729.725855512,10075.0,0.0
6729.735639000,10075.0,0.0
6729.745560820,10075.0,0.0
6729.756153800,10075.0,0.0
6729.765533625,10075.0,0.0
6729.775682527,10075.0,0.0
6729.786247674,10075.0,0.0
6729.796339825,10075.0,0.0
6729.806537809,10075.0,0.0
6729.817120540,10075.0,0.0
6729.827488605,10075.0,0.0
6729.837742756,10075.0,0.0
6729.847569493,10075.0,0.0
6729.857872393,10075.0,0.0
6729.867033970,10075.0,0.0
6729.877647534,10075.0,0.0
6729.887784268,10075.0,0.0
6729.896893763,10075.0,0.0
6729.907919572,10075.0,0.0
6729.918320054,10075.0,0.0
6729.927243051,10075.0,0.0
6729.937668949,10075.0,0.0
6729.948579426,10075.0,0.0
6729.959443071,10075.0,0.0
6729.968166569,10075.0,0.0
6729.978409552,10075.0,0.0
6729.993168409,10075.0,0.0
6729.999141351,10075.0,10.0
6730.010322575,10075.0,10.0
6730.019870065,10075.0,10.0
6730.029182975,10075.0,10.0
6730.051275426,10075.0,10.0
6730.051382592,10075.0,10.0
6730.059118017,10075.0,10.0
6730.069728080,10075.0,10.0
6730.079924231,10075.0,0.0
6730.088950143,10075.0,0.0
6730.099601539,10075.0,0.0
6730.109575275,10075.0,0.0
6730.119675344,10075.0,0.0
6730.128988670,10075.0,0.0
6730.139186320,10075.0,0.0
6730.149352971,10075.0,0.0
6730.160025284,10075.0,0.0
6730.169972854,10075.0,0.0
6730.180139005,10075.0,0.0
6730.190495737,10075.0,0.0
6730.200805887,10075.0,0.0
6730.211229785,10075.0,0.0
6730.221663517,10075.0,0.0
6730.232841075,10075.0,0.0
6730.241255326,10075.0,0.0
6730.255039026,10075.0,0.0
6730.263850106,10075.0,0.0
6730.273908258,10075.0,0.0
6730.283175335,10075.0,0.0
6730.293369486,10075.0,0.0
6730.303353388,10075.0,0.0
6730.313611455,10075.0,0.0
6730.323835272,10075.0,0.0
6730.332888351,10075.0,0.0
6730.343217834,10075.0,0.0
6730.353313819,10075.0,0.0
6730.363521219,10075.0,0.0
6730.373736453,10075.0,0.0
6730.382917614,10075.0,0.0
6730.393094181,10075.0,0.0
6730.403800994,10075.0,0.0
6730.413205569,10075.0,0.0
6730.423461969,10075.0,0.0
6730.453137180,10075.0,0.0
6730.453258262,10075.0,0.0
6730.454445167,10075.0,0.0
6730.465196396,10075.0,0.0
6730.474386556,10075.0,0.0
6730.483738715,10075.0,0.0
6730.495877847,10075.0,0.0
6730.504269599,10075.0,0.0
6730.514566915,10075.0,0.0
6730.528223532,10075.0,0.0
6730.534500138,10075.0,0.0
6730.545546947,10075.0,0.0
6730.554484443,10075.0,0.0
6730.565113006,10075.0,0.0
6730.578610291,10075.0,0.0
6730.585760139,10075.0,0.0
6730.596053455,10075.0,0.0
6730.605125033,10075.0,0.0
6730.615373850,10075.0,-10.0
6730.626082496,10075.0,-10.0
6730.635185407,10075.0,-10.0
6730.645189476,10075.0,-10.0
6730.655903956,10075.0,-10.0
6730.666239938,10075.0,0.0
6730.674881854,10075.0,0.0
6730.685671916,10075.0,0.0
6730.695510320,10075.0,0.0
6730.705879969,10075.0,0.0
6730.715240628,10075.0,0.0
6730.725699109,10075.0,0.0
6730.735723012,10075.0,0.0
6730.745957995,10075.0,0.0
6730.755146656,10075.0,0.0
6730.765356723,10075.0,0.0
6730.775597873,10075.0,0.0
6730.785819857,10075.0,0.0
6730.794934768,10075.0,0.0
6730.805228918,10075.0,0.0
6730.815461235,10075.0,0.0
6730.825582053,10075.0,0.0
6730.836185367,10075.0,0.0
6730.846162186,10075.0,0.0
6730.856252338,10075.0,0.0
6730.866609404,10075.0,0.0
6730.876809888,10075.0,0.0
6730.886094214,10075.0,0.0
6730.897174773,10075.0,0.0
6730.906982677,10075.0,0.0
6730.916581001,10075.0,0.0
6730.926458404,10075.0,0.0
6730.936622055,10075.0,0.0
6730.946840456,10075.0,0.0
6730.957068190,10075.0,0.0
6730.967537921,10075.0,0.0
6730.977800904,10075.0,0.0
6730.989547123,10075.0,0.0
6731.001323675,10075.0,0.0
6731.011648908,10075.0,0.0
6731.021804643,10075.0,0.0
6731.031084386,10075.0,0.0
6731.041607700,10075.0,0.0
6731.053943330,10075.0,0.0
6731.062262582,10075.0,0.0
6731.073165476,10075.0,0.0
6731.082387886,10075.0,0.0
6731.093708109,10075.0,0.0
6731.113080004,10075.0,0.0
6731.113516750,10075.0,0.0
6731.123680234,10075.0,0.0
6731.133827135,10075.0,0.0
6731.144427199,10075.0,0.0
6731.154535850,10075.0,0.0
6731.165376911,10075.0,0.0
6731.191220493,10075.0,0.0
6731.191350992,10075.0,0.0
6731.195635283,10075.0,0.0
6731.207495168,10075.0,0.0
6731.216306249,10075.0,0.0
6731.226166236,10075.0,0.0
6731.242953156,10075.0,0.0
6731.250415500,10075.0,0.0
6731.257308099,10075.0,0.0
6731.269568230,10075.0,0.0
6731.277909065,10075.0,0.0
6731.288551295,10075.0,0.0
6731.297810288,10075.0,0.0
6731.307713942,10075.0,0.0
6731.318766501,10075.0,0.0
6731.328378907,10075.0,0.0
6731.338738807,10075.0,0.0
6731.348001550,10075.0,10.0
6731.358337282,10075.0,10.0
6731.368718931,10075.0,10.0
6731.378906582,10075.0,10.0
6731.388603988,10075.0,10.0
6731.398495225,10075.0,10.0
6731.408550543,10075.0,10.0
6731.418894609,10075.0,0.0
6731.428147519,10075.0,0.0
6731.438598084,10075.0,0.0
6731.452460033,10075.0,0.0
6731.459786211,10075.0,0.0
6731.469616282,10075.0,0.0
6731.480075180,10075.0,0.0
6731.489390506,10075.0,0.0
6731.501816719,10075.0,0.0
6731.510772715,10075.0,0.0
6731.524896827,10075.0,0.0
6731.530858269,10075.0,0.0
6731.559261076,10075.0,0.0
6731.559549906,10075.0,0.0
6731.561607720,10075.0,0.0
6731.571062211,10075.0,0.0
6731.581017864,10075.0,0.0
6731.590742936,10075.0,0.0
6731.606292285,10075.0,0.0
6731.610865157,10075.0,0.0
6731.619942152,10075.0,0.0
6731.630721630,10075.0,0.0
6731.641308860,10075.0,0.0
6731.651610010,10075.0,0.0
6731.661167417,10075.0,0.0
6731.671379567,10075.0,0.0
6731.681446219,10075.0,0.0
6731.691714453,10075.0,0.0
6731.700980696,10075.0,0.0
6731.711076264,10075.0,0.0
6731.721230832,10075.0,0.0
6731.731970477,10075.0,0.0
6731.741056889,10075.0,0.0
6731.751206874,10075.0,0.0
6731.761742354,10075.0,0.0
6731.770810849,10075.0,0.0
6731.780932917,10075.0,0.0
6731.794558285,10075.0,0.0
6731.805239681,10075.0,0.0
6731.815394832,10075.0,0.0
6731.825638149,10075.0,0.0
6731.835700551,10075.0,0.0
6731.847374854,10075.0,0.0
6731.856601681,10075.0,0.0
6731.866980413,10075.0,0.0
6731.877939556,10075.0,0.0
6731.887868126,10075.0,0.0
6731.897132953,10075.0,0.0
6731.922459623,10075.0,0.0
6731.922960118,10075.0,0.0
6731.927439574,10075.0,0.0
6731.937583892,10075.0,0.0
6731.949362277,10075.0,0.0
6731.957155618,10075.0,0.0
6731.967513101,10075.0,0.0
6731.979052822,10075.0,0.0
6731.991108621,10075.0,0.0
6731.998227718,10075.0,0.0
6732.008756699,10075.0,0.0
6732.019132098,10075.0,0.0
6732.029350915,10075.0,0.0
6732.040086394,10075.0,0.0
6732.050149463,10075.0,0.0
6732.060460612,10075.0,0.0
6732.069804521,10075.0,0.0
6732.083023392,10075.0,0.0
6732.092273719,10075.0,0.0
6732.103766274,10075.0,0.0
6732.128333701,10075.0,0.0
6732.128501866,10075.0,0.0
6732.132051165,10075.0,0.0
6732.142245149,10075.0,0.0
6732.152759380,10075.0,0.0
6732.163064613,10075.0,0.0
6732.172277607,10075.0,0.0
6732.182755338,10075.0,0.0
6732.192751241,10075.0,0.0
6732.202818976,10075.0,0.0
6732.213475456,10075.0,0.0
6732.223038779,10075.0,0.0
6732.233598926,10075.0,0.0
6732.245332562,10075.0,0.0
6732.254214809,10075.0,0.0
6732.266175026,10075.0,0.0
6732.276627674,10075.0,0.0
6732.287254237,10075.0,0.0
6732.296132817,10075.0,0.0
6732.306826297,10075.0,0.0
6732.317143029,10075.0,0.0
6732.327096933,10075.0,0.0
6732.336704922,10075.0,0.0
6732.347226487,10075.0,0.0
6732.356768310,10075.0,0.0
6732.367667871,10075.0,10.0
6732.388666416,10075.0,10.0
6732.388802165,10075.0,10.0
6732.397242750,10075.0,10.0
6732.408219809,10075.0,10.0
6732.416998974,10075.0,0.0
6732.427867368,10075.0,0.0
6732.438007186,10075.0,0.0
6732.451201307,10075.0,0.0
6732.465493585,10075.0,0.0
6732.473577173,10075.0,0.0
6732.483587409,10075.0,0.0
6732.492668654,10075.0,0.0
6732.503342133,10075.0,0.0
6732.512843207,10075.0,0.0
6732.526612323,10075.0,0.0
6732.536810557,10075.0,0.0
6732.546853709,10075.0,0.0
6732.556546948,10075.0,0.0
6732.567161095,10075.0,0.0
6732.580793712,10075.0,0.0
6732.592917761,10075.0,0.0
6732.597808047,10075.0,0.0
6732.607258705,10075.0,0.0
6732.617793269,10075.0,0.0
6732.627624340,10075.0,0.0
6732.638179320,10075.0,0.0
6732.651013612,10075.0,0.0
6732.657672630,10075.0,0.0
6732.668539358,10075.0,0.0
6732.679112005,10075.0,0.0
6732.688610079,10075.0,0.0
6732.698944145,10075.0,0.0
6732.708546468,10075.0,0.0
6732.719567611,10075.0,0.0
6732.735079960,10075.0,0.0
6732.739488334,10075.0,0.0
6732.749635568,10075.0,0.0
6732.759090143,10075.0,0.0
6732.769086629,10075.0,0.0
6732.786351544,10075.0,0.0
6732.788605272,10075.0,0.0
6732.799242668,10075.0,0.0
6732.809511568,10075.0,0.0
6732.819642636,10075.0,0.0
6732.829778371,10075.0,0.0
6732.839803607,10075.0,0.0
6732.848866519,10075.0,0.0
6732.859198835,10075.0,0.0
6732.869423402,10075.0,0.0
6732.879564386,10075.0,0.0
6732.889807953,10075.0,0.0
6732.900879929,10075.0,0.0
6732.911608908,10075.0,0.0
6732.922752549,10075.0,0.0
6732.933200864,10075.0,0.0
6732.941787947,10075.0,0.0
6732.952064347,10075.0,0.0
6732.962737576,10075.0,0.0
6732.985550771,10075.0,0.0
6732.985583854,10075.0,0.0
6732.991913292,10075.0,0.0
6733.001645531,10075.0,0.0
6733.011914264,10075.0,0.0
6733.021840501,10075.0,0.0
6733.031329075,10075.0,0.0
6733.041515893,10075.0,0.0
6733.051869792,10075.0,0.0
6733.062023110,10075.0,0.0
6733.073082419,10075.0,0.0
6733.082520243,10075.0,0.0
6733.092971475,10075.0,0.0
6733.102373050,10075.0,0.0
6733.118651058,10075.0,0.0
6733.125804239,10075.0,0.0
6733.137606040,10075.0,0.0
6733.146642869,10075.0,0.0
6733.157701845,10075.0,0.0
6733.168084160,10075.0,0.0
6733.179689297,10075.0,0.0
6733.194287072,10075.0,0.0
6733.199725102,10075.0,0.0
6733.209234093,10075.0,0.0
6733.219669075,10075.0,0.0
6733.229947975,10075.0,0.0
6733.239782212,10075.0,0.0
6733.249608700,10075.0,0.0
6733.261423668,10075.0,0.0
6733.269126760,10075.0,0.0
6733.279682990,10075.0,10.0
6733.290503052,10075.0,10.0
6733.301695609,10075.0,10.0
6733.312141091,10075.0,10.0
6733.320328678,10075.0,10.0
6733.330594911,10075.0,10.0
6733.340883978,10075.0,0.0
6733.350673216,10075.0,0.0
6733.360984199,10075.0,0.0
6733.370314274,10075.0,0.0
6733.384655968,10075.0,0.0
6733.393987961,10075.0,0.0
6733.401590387,10075.0,0.0
6733.412300949,10075.0,0.0
6733.421325278,10075.0,0.0
6733.431666927,10075.0,0.0
6733.445362960,10075.0,0.0
6733.451328236,10075.0,0.0
6733.461614052,10075.0,0.0
6733.472187116,10075.0,0.0
6733.483745087,10075.0,0.0
6733.492631667,10075.0,0.0
6733.503364729,10075.0,0.0
6733.526214840,10075.0,0.0
6733.526314589,10075.0,0.0
6733.533583268,10075.0,0.0
6733.543799168,10075.0,0.0
6733.552932330,10075.0,0.0
6733.563454477,10075.0,0.0
6733.574647451,10075.0,0.0
6733.584042860,10075.0,0.0
6733.592886190,10075.0,0.0
6733.603590586,10075.0,0.0
6733.613451240,10075.0,0.0
6733.623890305,10075.0,0.0
6733.634369203,10075.0,0.0
6733.644338189,10075.0,0.0
6733.654477257,10075.0,0.0
6733.665280069,10075.0,0.0
6733.674391397,10075.0,0.0
6733.686435863,10075.0,0.0
6733.696962427,10075.0,0.0
6733.705342929,10075.0,0.0
6733.730305519,10075.0,0.0
6733.730659932,10075.0,0.0
6733.736189212,10075.0,0.0
6733.746373446,10075.0,0.0
6733.756899927,10075.0,0.0
6733.767014328,10075.0,0.0
6733.784619657,10075.0,0.0
6733.786740303,10075.0,0.0
6733.796818288,10075.0,0.0
6733.807370519,10075.0,0.0
6733.816342598,10075.0,0.0
6733.827321324,10075.0,0.0
6733.836281654,10075.0,0.0
6733.852962075,10075.0,0.0
6733.856921453,10075.0,0.0
6733.866264695,10075.0,0.0
6733.876969091,10075.0,0.0
6733.887869318,10075.0,0.0
6733.896618483,10075.0,0.0
6733.918552186,10075.0,0.0
6733.918600769,10075.0,0.0
6733.927330684,10075.0,0.0
6733.938076496,10075.0,0.0
6733.947748152,10075.0,0.0
6733.957743721,10075.0,0.0
6733.968109787,10075.0,0.0
6733.982229899,10075.0,0.0
6733.988551921,10075.0,0.0
6733.998839321,10075.0,0.0
6734.008163230,10075.0,0.0
6734.018128216,10075.0,0.0
6734.028571115,10075.0,0.0
6734.038686016,10075.0,0.0
6734.049188581,10075.0,0.0
6734.059512730,10075.0,0.0
6734.070008378,10075.0,0.0
6734.079851365,10075.0,0.0
6734.089804018,10075.0,0.0
6734.099188510,10075.0,0.0
6734.121872290,10075.0,0.0
6734.121908789,10075.0,0.0
6734.128933054,10075.0,0.0
6734.139271203,10075.0,0.0
6734.149448354,10075.0,0.0
6734.159834253,10075.0,0.0
6734.169099580,10075.0,0.0
6734.180567218,10075.0,0.0
6734.190314706,10075.0,0.0
6734.201327683,10075.0,0.0
6734.210676925,10075.0,0.0
6734.220062000,10075.0,0.0
6734.229370076,10075.0,0.0
6734.239964390,10075.0,0.0
6734.256723226,10075.0,0.0
6734.263839574,10075.0,0.0
6734.273877309,10075.0,0.0
6734.283419633,10075.0,0.0
6734.293704033,10075.0,0.0
6734.304369763,10075.0,0.0
6734.313515423,10075.0,0.0
6734.323777990,10075.0,0.0
6734.332981901,10075.0,0.0
6734.343664880,10075.0,0.0
6734.353625700,10075.0,0.0
6734.366383992,10075.0,0.0
6734.373747420,10075.0,0.0
6734.383743406,10075.0,0.0
6734.395142212,10075.0,0.0
6734.404728035,10075.0,0.0
6734.414712021,10075.0,0.0
6734.424755424,10075.0,0.0
6734.434796992,10075.0,0.0
6734.444664730,10075.0,0.0
6734.454427718,10075.0,0.0
6734.464760617,10075.0,0.0
6734.473879362,10075.0,0.0
6734.483985764,10075.0,0.0
6734.494656993,10075.0,0.0
6734.504512814,10075.0,0.0
6734.514680715,10075.0,0.0
6734.526184686,10075.0,0.0
6734.534557438,10075.0,0.0
6734.544972503,10075.0,0.0
6734.554112747,10075.0,0.0
6734.564390231,10075.0,0.0
6734.574611214,10075.0,0.0
6734.585221111,10075.0,0.0
6734.599101809,10075.0,0.0
6734.604555589,10075.0,0.0
6734.615293985,10075.0,0.0
6734.624342563,10075.0,0.0
6734.634619880,10075.0,0.0
6734.645022529,10075.0,0.0
6734.658331233,10075.0,0.0
6734.664868919,10075.0,0.0
6734.675220818,10075.0,0.0
6734.685188054,10075.0,0.0
6734.694728545,10075.0,0.0
6734.704900779,10075.0,0.0
6734.725276831,10075.0,0.0
6734.726676734,10075.0,0.0
6734.735963560,10075.0,0.0
6734.745504217,10075.0,0.0
6734.755488453,10075.0,0.0
6734.770727471,10075.0,0.0
6734.776706580,10075.0,0.0
6734.786371652,10075.0,0.0
6734.795956559,10075.0,0.0
6734.805083970,10075.0,0.0
6734.815198455,10075.0,0.0
6734.825464772,10075.0,0.0
6734.835903920,10075.0,0.0
6734.869351678,10075.0,0.0
6734.870248169,10075.0,10.0
6734.880627901,10075.0,10.0
6734.890857385,10075.0,10.0
6734.900241294,10075.0,10.0
6734.910427278,10075.0,10.0
6734.920714678,10075.0,0.0
6734.930739247,10075.0,0.0
6734.940260571,10075.0,0.0
6734.950623303,10075.0,0.0
6734.960045045,10075.0,0.0
6734.977364626,10075.0,0.0
6734.983621482,10075.0,0.0
6734.993234638,10075.0,0.0
6735.003504788,10075.0,0.0
6735.013778188,10075.0,0.0
6735.024166587,10075.0,0.0
6735.034935399,10075.0,0.0
6735.046218956,10075.0,0.0
6735.054748622,10075.0,0.0
6735.064612693,10075.0,0.0
6735.074961926,10075.0,0.0
6735.084343501,10075.0,0.0
6735.094721067,10075.0,0.0
6735.106077706,10075.0,0.0
6735.116017776,10075.0,0.0
6735.125810181,10075.0,0.0
6735.138520140,10075.0,0.0
6735.146830643,10075.0,0.0
6735.156733879,10075.0,0.0
6735.167264444,10075.0,0.0
6735.176574603,10075.0,0.0
6735.188926899,10075.0,0.0
6735.200618452,10075.0,0.0
6735.206527895,10075.0,0.0
6735.216748295,10075.0,0.0
6735.226124037,10075.0,0.0
6735.236422520,10075.0,0.0
6735.246270591,10075.0,0.0
6735.260852199,10075.0,0.0
6735.266958639,10075.0,0.0
6735.277231956,10075.0,0.0
6735.287863853,10075.0,0.0
6735.297165512,10075.0,0.0
6735.307579494,10075.0,0.0
6735.319776708,10075.0,0.0
6735.327384634,10075.0,0.0
6735.338742274,10075.0,0.0
6735.348165515,10075.0,0.0
6735.360166399,10075.0,0.0
6735.370618713,10075.0,0.0
6735.391040265,10075.0,0.0
6735.393082245,10075.0,0.0
6735.403967972,10075.0,0.0
6735.413914292,10075.0,0.0
6735.423079786,10075.0,0.0
6735.434366426,10075.0,0.0
6735.445245487,10075.0,0.0
6735.455745051,10075.0,0.0
6735.465948952,10075.0,0.0
6735.474438786,10075.0,0.0
6735.483894777,10075.0,0.0
6735.493721015,10075.0,0.0
6735.504251579,10075.0,0.0
6735.519374682,10075.0,0.0
6735.523426392,10075.0,0.0
6735.534842114,10075.0,0.0
6735.543179616,10075.0,0.0
6735.553099603,10075.0,0.0
6735.563491169,10075.0,0.0
6735.573575487,10075.0,0.0
6735.583726638,10075.0,0.0
6735.593056297,10075.0,0.0
6735.603953441,10075.0,10.0
6735.613936511,10075.0,10.0
6735.624497741,10075.0,10.0
6735.634357062,10075.0,10.0
6735.644523130,10075.0,10.0
6735.654864696,10075.0,10.0
6735.664176188,10075.0,10.0
6735.675061332,10075.0,0.0
6735.685116318,10075.0,0.0
6735.694789140,10075.0,0.0
6735.725429759,10075.0,0.0
6735.725798922,10075.0,0.0
6735.728534062,10075.0,0.0
6735.740182948,10075.0,0.0
6735.750184767,10075.0,0.0
6735.760713248,10075.0,0.0
6735.779990227,10075.0,0.0
6735.781717877,10075.0,0.0
6735.792083359,10075.0,0.0
6735.802549591,10075.0,0.0
6735.813257820,10075.0,0.0
6735.822217649,10075.0,0.0
6735.833483790,10075.0,0.0
6735.853973007,10075.0,0.0
6735.854136255,10075.0,0.0
6735.862592090,10075.0,0.0
6735.873014405,10075.0,0.0
6735.881860735,10075.0,0.0
6735.891988470,10075.0,0.0
6735.904236101,10075.0,0.0
6735.912780851,10075.0,0.0
6735.922210342,10075.0,0.0
6735.934920969,10075.0,0.0
6735.942026483,10075.0,0.0
6735.952153384,10075.0,0.0
6735.963020195,10075.0,0.0
6735.974412751,10075.0,0.0
6735.984277571,10075.0,0.0
6735.994324307,10075.0,0.0
6736.004189794,10075.0,0.0
6736.013138124,10075.0,0.0
6736.023550772,10075.0,0.0
6736.045513475,10075.0,0.0
6736.046072386,10075.0,0.0
6736.057212278,10075.0,0.0
6736.068420669,10075.0,0.0
6736.079243647,10075.0,0.0
6736.087804063,10075.0,0.0
6736.098358461,10075.0,0.0
6736.108878775,10075.0,0.0
6736.127078681,10075.0,0.0
6736.129896570,10075.0,0.0
6736.139844640,10075.0,0.0
6736.149702377,10075.0,0.0
6736.158786122,10075.0,0.0
6736.170663423,10075.0,0.0
6736.179538920,10075.0,0.0
6736.189860403,10075.0,0.0
6736.199969221,10075.0,0.0
6736.210686783,10075.0,0.0
6736.218844621,10075.0,0.0
6736.229265019,10075.0,0.0
6736.240041914,10075.0,0.0
6736.249754236,10075.0,0.0
6736.258888647,10075.0,0.0
6736.269527127,10075.0,0.0
6736.280014525,10075.0,0.0
6736.289163269,10075.0,0.0
6736.301074070,10075.0,0.0
6736.312630874,10075.0,0.0
6736.319102061,10075.0,0.0
6736.329651708,10075.0,0.0
6736.339789943,10075.0,0.0
6736.348961687,10075.0,0.0
6736.359448835,10075.0,0.0
6736.369400488,10075.0,0.0
6736.379478056,10075.0,0.0
6736.391087443,10075.0,0.0
6736.399117365,10075.0,0.0
6736.409330682,10075.0,0.0
6736.420052661,10075.0,0.0
6736.430305812,10075.0,0.0
6736.440359880,10075.0,0.0
6736.450298117,10075.0,0.0
6736.461938087,10075.0,0.0
6736.476375530,10075.0,0.0
6736.480855986,10075.0,0.0
6736.491351800,10075.0,0.0
6736.502113779,10075.0,0.0
6736.511164108,10075.0,0.0
6736.527354200,10075.0,0.0
6736.530846666,10075.0,0.0
6736.540110576,10075.0,0.0
6736.550388392,10075.0,0.0
6736.560817874,10075.0,0.0
6736.571175190,10075.0,0.0
6736.580409517,10075.0,0.0
6736.590808415,10075.0,0.0
6736.607930165,10075.0,0.0
6736.613623110,10075.0,0.0
6736.621591616,10075.0,0.0
6736.634721488,10075.0,0.0
6736.644735224,10075.0,0.0
6736.669480733,10075.0,0.0
6736.669733314,10075.0,0.0
6736.674146521,10075.0,0.0
6736.683821093,10075.0,0.0
6736.694274575,10075.0,0.0
6736.727282670,10075.0,0.0
6736.727327586,10075.0,0.0
6736.727361336,10075.0,0.0
6736.737551320,10075.0,0.0
6736.744373670,10075.0,0.0
6736.754759652,10075.0,0.0
6736.767646943,10075.0,0.0
6736.786352845,10075.0,0.0
6736.786851006,10075.0,0.0
6736.795877502,10075.0,0.0
6736.806309400,10075.0,0.0
6736.815495228,10075.0,0.0
6736.826253289,10075.0,0.0
6736.835259035,10075.0,0.0
6736.846109096,10075.0,0.0
6736.859005637,10075.0,0.0
6736.867535971,10075.0,0.0
6736.877603456,10075.0,0.0
6736.887210696,10075.0,0.0
6736.896220108,10075.0,0.0
6736.907097336,10075.0,0.0
6736.922048857,10075.0,0.0
6736.929563033,10075.0,0.0
6736.939437271,10075.0,0.0
6736.949190092,10075.0,0.0
6736.959530742,10075.0,0.0
6736.969855891,10075.0,0.0
6736.979897543,10075.0,0.0
6736.989864196,10075.0,0.0
6737.000717757,10075.0,0.0
6737.009844418,10075.0,0.0
6737.019632490,10075.0,0.0
6737.030522884,10075.0,0.0
6737.041182530,10075.0,0.0
6737.050611771,10075.0,0.0
6737.059710516,10075.0,0.0
6737.070149248,10075.0,0.0
6737.080186567,10075.0,0.0
6737.090791880,10075.0,0.0
6737.111781759,10075.0,0.0
6737.111821842,10075.0,0.0
6737.120188094,10075.0,0.0
6737.131244820,10075.0,0.0
6737.140111650,10075.0,0.0
6737.150702047,10075.0,0.0
6737.160857448,10075.0,0.0
6737.171214930,10075.0,0.0
6737.181406081,10075.0,0.0
6737.191864396,10075.0,0.0
6737.201770466,10075.0,0.0
6737.210914794,10075.0,0.0
6737.221635606,10075.0,0.0
6737.231748258,10075.0,0.0
6737.242074240,10075.0,0.0
6737.253599378,10075.0,0.0
6737.263955777,10075.0,0.0
6737.274655340,10075.0,0.0
6737.285194237,10075.0,0.0
6737.296326129,10075.0,0.0
6737.305769204,10075.0,0.0
6737.323684029,10075.0,0.0
6737.325144765,10075.0,0.0
6737.335821328,10075.0,0.0
6737.346574056,10075.0,0.0
6737.356138713,10075.0,0.0
6737.365503372,10075.0,0.0
6737.394304591,10075.0,0.0
6737.394345424,10075.0,0.0
6737.395176250,10075.0,0.0
6737.406431223,10075.0,0.0
6737.415727883,10075.0,0.0
6737.425944700,10075.0,0.0
6737.438315746,10075.0,0.0
6737.446597416,10075.0,0.0
6737.456859732,10075.0,0.0
6737.466093976,10075.0,0.0
6737.476739789,10075.0,0.0
6737.486701775,10075.0,0.0
6737.497618169,10075.0,0.0
6737.510581043,10075.0,10.0
6737.788448754,10075.0,0.0
6737.798661654,10075.0,0.0
6737.809623964,10075.0,0.0
6737.819657450,10075.0,0.0
6737.830039765,10075.0,0.0
6738.121052515,10075.0,0.0
6738.130842420,10075.0,0.0
6738.144821367,10075.0,0.0
6738.155393180,10075.0,0.0
6738.165558915,10075.0,0.0
6738.181322011,10075.0,0.0
6738.394866349,10075.0,0.0
6738.402802605,10075.0,0.0
6738.414370075,10075.0,0.0
6738.425620466,10075.0,0.0
6738.434526712,10075.0,0.0
6738.446190766,10075.0,0.0
6738.455468259,10075.0,0.0
6738.463956759,10075.0,0.0
6738.474798904,10075.0,0.0
6738.484540892,10075.0,0.0
6738.494616961,10075.0,0.0
6738.505305357,10075.0,0.0
6738.518892891,10075.0,0.0
6738.528694046,10075.0,0.0
6738.538878196,10075.0,0.0
6738.549280762,10075.0,0.0
6738.559553828,10075.0,0.0
6738.570569304,10075.0,0.0
6738.579673049,10075.0,0.0
6738.596459136,10075.0,0.0
6738.601122757,10075.0,0.0
6738.612234565,10075.0,0.0
6738.621799972,10075.0,0.0
6738.631248714,10075.0,0.0
6738.643745425,10075.0,0.0
6738.654017325,10075.0,0.0
6738.915276865,10075.0,-10.0
6738.917254012,10075.0,-10.0
6738.927205332,10075.0,-10.0
6738.937531981,10075.0,-10.0
6738.948236960,10075.0,-10.0
6738.957228039,10075.0,-10.0
6738.967743020,10075.0,-10.0
6738.977883588,10075.0,-10.0
6738.987813658,10075.0,-10.0
6738.997586730,10075.0,-10.0
6739.118510136,10075.0,-10.0
6739.118551219,10075.0,-10.0
6739.118913548,10075.0,-10.0
6739.129567278,10075.0,-10.0
6739.138711606,10075.0,-10.0
6739.149138671,10075.0,-10.0
6739.158619578,10075.0,-10.0
6739.168750313,10075.0,-10.0
6739.191063346,10075.0,-10.0
6739.192463832,10075.0,-10.0
6739.199437931,10075.0,-10.0
6739.209637332,10075.0,-10.0
6739.219790816,10075.0,-10.0
6739.229062726,10075.0,-10.0
6739.240216201,10075.0,-10.0
6739.252967743,10075.0,-10.0
6739.265144458,10075.0,-10.0
6739.276156434,10075.0,-10.0
6739.280351393,10075.0,-10.0
6739.291074955,10075.0,-10.0
6739.301822434,10075.0,-10.0
6739.310792930,10075.0,-10.0
6739.324878876,10075.0,-10.0
6739.331223148,10075.0,-10.0
6739.343072532,10075.0,-10.0
6739.350537710,10075.0,-10.0
6739.360799943,10075.0,-10.0
6739.372060167,10075.0,-10.0
6739.387361351,10075.0,-10.0
6739.391220063,10075.0,-10.0
6739.400786054,10075.0,-10.0
6739.592293939,10075.0,-10.0
6739.602700671,10075.0,-10.0
6739.612201495,10075.0,-10.0
6739.621874568,10075.0,-10.0
6739.632129968,10075.0,0.0
6739.644439681,10075.0,0.0
6739.652837266,10075.0,0.0
6739.671385169,10075.0,0.0
6739.673926227,10075.0,0.0
6739.737445609,10075.0,0.0
6739.737520858,10075.0,0.0
6739.738264934,10075.0,0.0
6739.748984663,10075.0,0.0
6739.759098565,10075.0,0.0
6739.768664805,10075.0,0.0
6739.779290368,10075.0,0.0
6739.790128846,10075.0,0.0
6739.993274701,10075.0,0.0
6740.003762016,10075.0,0.0
6740.012836844,10075.0,0.0
6740.022662165,10075.0,0.0
6740.032984064,10075.0,0.0
6740.045973605,10075.0,0.0
6740.136165143,10075.0,0.0
6740.145886548,10075.0,0.0
6740.155451872,10075.0,0.0
6740.166290850,10075.0,0.0
6740.175924423,10075.0,0.0
6740.189259209,10075.0,0.0
6740.270442002,10075.0,0.0
6740.280672819,10075.0,0.0
6740.290866553,10075.0,0.0
6740.300132213,10075.0,0.0
6740.315697312,10075.0,0.0
6740.321903501,10075.0,0.0
6740.331268743,10075.0,0.0
6740.404809527,10075.0,0.0
6740.414054520,10075.0,0.0
6740.424544085,10075.0,0.0
6740.434537238,10075.0,0.0
6740.444691639,10075.0,0.0
6740.453972965,10075.0,0.0
6740.464299531,10075.0,0.0
6740.474309517,10075.0,0.0
6740.484640333,10075.0,0.0
6740.494821484,10075.0,0.0
6740.505029218,10075.0,0.0
6740.515362867,10075.0,0.0
6740.525620767,10075.0,0.0
6740.536464995,10075.0,0.0
6740.545639823,10075.0,0.0
6740.557758121,10075.0,0.0
6740.566319454,10075.0,0.0
6740.581060228,10075.0,10.0
6740.672614753,10075.0,0.0
6740.682071161,10075.0,0.0
6740.691306404,10075.0,0.0
6740.704251278,10075.0,0.0
6740.714318097,10075.0,0.0
6740.932220558,10075.0,0.0
6740.938705578,10075.0,0.0
6740.948040654,10075.0,0.0
6740.958190722,10075.0,0.0
6740.968308624,10075.0,0.0
6740.978608023,10075.0,0.0
6740.988761508,10075.0,0.0
6740.998195499,10075.0,0.0
6741.008208402,10075.0,0.0
6741.018454969,10075.0,0.0
6741.028533454,10075.0,0.0
6741.039452681,10075.0,0.0
6741.048359094,10075.0,0.0
6741.058751826,10075.0,0.0
6741.068414399,10075.0,0.0
6741.079175044,10075.0,0.0
6741.089121530,10075.0,0.0
6741.099840176,10075.0,0.0
6741.110079160,10075.0,0.0
6741.121824379,10075.0,0.0
6741.129436721,10075.0,0.0
6741.141379355,10075.0,0.0
6741.149900022,10075.0,0.0
6741.159369013,10075.0,0.0
6741.169441498,10075.0,0.0
6741.179848147,10075.0,0.0
6741.259730536,10075.0,0.0
6741.268895530,10075.0,0.0
6741.279504843,10075.0,0.0
6741.289703827,10075.0,0.0
6741.299613897,10075.0,0.0
6741.309908214,10075.0,0.0
6741.320144948,10075.0,0.0
6741.330550096,10075.0,0.0
6741.341875403,10075.0,0.0
6741.350720150,10075.0,0.0
6741.359866061,10075.0,0.0
6741.370065961,10075.0,0.0
6741.380919272,10075.0,0.0
6741.391852916,10075.0,0.0
6741.399927254,10075.0,0.0
6741.410295653,10075.0,0.0
6741.420677802,10075.0,0.0
6741.430956619,10075.0,0.0
6741.443025668,10075.0,0.0
6741.857025386,10075.0,0.0
6741.866075382,10075.0,0.0
6741.876078701,10075.0,0.0
6741.886856013,10075.0,0.0
6741.897213662,10075.0,0.0
6741.906551654,10075.0,0.0
6741.916917387,10075.0,0.0
6741.926565543,10075.0,0.0
6741.937076274,10075.0,0.0
6741.945850772,10075.0,0.0
6741.961219372,10075.0,0.0
6741.966683569,10075.0,0.0
6741.976641138,10075.0,0.0
6741.986160546,10075.0,0.0
6741.997061273,10075.0,0.0
6742.007111425,10075.0,0.0
6742.017459074,10075.0,0.0
6742.028262969,10075.0,0.0
6742.037160382,10075.0,0.0
6742.048739103,10075.0,0.0
6742.118234010,10075.0,0.0
6742.118280926,10075.0,0.0
6742.120813735,10075.0,0.0
6742.129194570,10075.0,0.0
6742.141541449,10075.0,0.0
6742.150450446,10075.0,0.0
6742.160294767,10075.0,0.0
6742.170599666,10075.0,0.0
6742.192475287,10075.0,0.0
6742.192702035,10075.0,0.0
6742.723030121,10075.0,10.0
6742.733160272,10075.0,10.0
6742.743309006,10075.0,10.0
6742.753636489,10075.0,10.0
6742.763880056,10075.0,0.0
6742.773080633,10075.0,0.0
6742.783277284,10075.0,0.0
6742.793499601,10075.0,0.0
6742.803704002,10075.0,0.0
6742.813874819,10075.0,0.0
6742.824091636,10075.0,0.0
6742.834223204,10075.0,0.0
6742.844511104,10075.0,0.0
6742.854991669,10075.0,0.0
6742.863850416,10075.0,0.0
6742.874615311,10075.0,0.0
6742.884771546,10075.0,0.0
6742.894943947,10075.0,0.0
6742.905573593,10075.0,0.0
6742.919523541,10075.0,0.0
6743.318556072,10075.0,0.0
6743.318601738,10075.0,0.0
6743.323021945,10075.0,0.0
6743.333316511,10075.0,0.0
6743.344640151,10075.0,0.0
6743.354363473,10075.0,0.0
6743.364768705,10075.0,0.0
6743.376857921,10075.0,0.0
6743.598838676,10075.0,0.0
6743.609646987,10075.0,0.0
6743.618901897,10075.0,0.0
6743.628670635,10075.0,0.0
6743.657212024,10075.0,0.0
6743.657250024,10075.0,0.0
6743.661933645,10075.0,0.0
6743.793645029,10075.0,0.0
6743.803306518,10075.0,0.0
6743.813960331,10075.0,0.0
6743.824048733,10075.0,0.0
6743.833535057,10075.0,0.0
6743.848722409,10075.0,0.0
6744.250084501,10075.0,0.0
6744.250171417,10075.0,0.0
6744.256611104,10075.0,0.0
6744.266141345,10075.0,0.0
6744.276232830,10075.0,0.0
6744.286945226,10075.0,0.0
6744.296225302,10075.0,0.0
6744.306331453,10075.0,0.0
6744.316641520,10075.0,0.0
6744.326931919,10075.0,0.0
6744.336073830,10075.0,0.0
6744.346331147,10075.0,0.0
6744.356516298,10075.0,0.0
6744.366640699,10075.0,0.0
6744.376386438,10075.0,0.0
6744.386566755,10075.0,10.0
6744.396798073,10075.0,10.0
6744.407238471,10075.0,10.0
6744.416415215,10075.0,0.0
6744.426973195,10075.0,0.0
6744.443008539,10075.0,0.0
6744.451987618,10075.0,0.0
6744.461928772,10075.0,0.0
6744.471563178,10075.0,0.0
6744.482080659,10075.0,0.0
6744.491321152,10075.0,0.0
6744.501596385,10075.0,0.0
6744.511739537,10075.0,0.0
6744.615145196,10075.0,0.0
6744.624323190,10075.0,0.0
6744.635782412,10075.0,0.0
6744.646625140,10075.0,0.0
6744.728020097,10075.0,10.0
6744.737621920,10075.0,10.0
6744.748060985,10075.0,10.0
6744.757671892,10075.0,0.0
6744.770140937,10075.0,0.0
6744.782441151,10075.0,0.0
6744.789660664,10075.0,0.0
6744.797847667,10075.0,0.0
6744.808222400,10075.0,0.0
6744.817620808,10075.0,0.0
6744.827854209,10075.0,0.0
6744.844343131,10075.0,0.0
6744.847725265,10075.0,0.0
6745.145776946,10075.0,0.0
6745.154148365,10075.0,0.0
6745.166139915,10075.0,0.0
6745.177642553,10075.0,0.0
6745.186819546,10075.0,0.0
6745.196756783,10075.0,0.0
6745.207462179,10075.0,0.0
6745.217661663,10075.0,0.0
6745.228302726,10075.0,0.0
6745.239292702,10075.0,0.0
6745.248371697,10075.0,0.0
6745.258547681,10075.0,0.0
6745.269205828,10075.0,0.0
6745.279427145,10075.0,0.0
6745.289520380,10075.0,0.0
6745.300471690,10075.0,0.0
6745.310685090,10075.0,0.0
6745.320086832,10075.0,0.0
6745.330445148,10075.0,0.0
6745.340794797,10075.0,0.0
6745.351049864,10075.0,0.0
6745.360477189,10075.0,0.0
6745.395051019,10075.0,0.0
6745.395548597,10075.0,0.0
6745.396086175,10075.0,0.0
6745.400899795,10075.0,0.0
6745.470986613,10075.0,0.0
6745.532199683,10075.0,0.0
6745.542866163,10075.0,0.0
6745.553463310,10075.0,0.0
6745.562615637,10075.0,0.0
6745.574376273,10075.0,0.0
6745.590681781,10075.0,0.0
6745.594065664,10075.0,0.0
6745.959050610,10075.0,-10.0
6745.960774510,10075.0,-10.0
6745.971980651,10075.0,-10.0
6745.983265041,10075.0,-10.0
6745.993067029,10075.0,-10.0
6746.003369429,10075.0,-10.0
6746.018138452,10075.0,-10.0
6746.025755294,10075.0,-10.0
6746.100275819,10075.0,-10.0
6746.109213981,10075.0,-10.0
6746.119451298,10075.0,-10.0
6746.129862197,10075.0,-10.0
6746.478023140,10075.0,-10.0
6746.535985409,10075.0,-10.0
6746.545419817,10075.0,-10.0
6746.555769383,10075.0,-10.0
6746.566616278,10075.0,-10.0
6746.575940687,10075.0,-10.0
6746.590008633,10075.0,-10.0
6746.596970482,10075.0,-10.0
6746.606809303,10075.0,-10.0
6746.616989287,10075.0,-10.0
6746.627651683,10075.0,-10.0
6746.649563887,10075.0,-10.0
6746.649616386,10075.0,-10.0
6746.799949672,10075.0,0.0
6746.810067990,10075.0,0.0
6746.819170318,10075.0,0.0
6746.830609124,10075.0,0.0
6746.839991866,10075.0,0.0
6746.849663771,10075.0,0.0
6746.859797923,10075.0,0.0
6747.286379436,10075.0,0.0
6747.286431769,10075.0,0.0
6747.292595875,10075.0,0.0
6747.304800756,10075.0,0.0
6747.312630347,10075.0,0.0
6747.916423801,10075.0,0.0
6747.918154951,10075.0,0.0
6747.927293528,10075.0,0.0
6747.938269838,10075.0,0.0
6747.947930911,10075.0,0.0
6747.957347819,10075.0,10.0
6747.968966706,10075.0,10.0
6747.990390914,10075.0,10.0
6747.990881326,10075.0,10.0
6748.325737982,10075.0,0.0
6748.335498470,10075.0,0.0
6748.345720121,10075.0,0.0
6748.354958614,10075.0,0.0
6748.365329596,10075.0,0.0
6748.375419915,10075.0,0.0
6748.385550233,10075.0,0.0
6748.396117963,10075.0,0.0
6748.406117282,10075.0,0.0
6748.416160935,10075.0,0.0
6748.427086745,10075.0,0.0
6748.437949806,10075.0,0.0
6748.446807720,10075.0,0.0
6748.458714687,10075.0,0.0
6748.468938087,10075.0,0.0
6748.478508994,10075.0,0.0
6748.488816144,10075.0,0.0
6748.499130377,10075.0,0.0
6748.509041614,10075.0,0.0
6748.532268304,10075.0,0.0
6748.532768883,10075.0,0.0
6748.539253653,10075.0,0.0
6748.548575562,10075.0,0.0
6748.559274124,10075.0,0.0
6748.574685808,10075.0,0.0
6748.579024932,10075.0,0.0
6748.809075442,10075.0,0.0
6748.818490850,10075.0,0.0
6748.829202579,10075.0,0.0
6748.838740403,10075.0,0.0
6748.849022636,10075.0,0.0
6748.859188621,10075.0,0.0
6748.869462521,10075.0,0.0
6748.879590172,10075.0,0.0
6748.889890488,10075.0,0.0
6748.900080556,10075.0,0.0
6748.910269290,10075.0,0.0
6748.920618189,10075.0,0.0
6748.930892673,10075.0,0.0
6748.940889742,10075.0,0.0
6748.951236891,10075.0,0.0
6748.961325793,10075.0,0.0
6748.971476361,10075.0,0.0
6748.981813760,10075.0,0.0
6748.991028504,10075.0,0.0
6749.002384893,10075.0,0.0
6749.012259797,10075.0,0.0
6749.022080368,10075.0,0.0
6749.035540404,10075.0,0.0
6749.053370897,10075.0,0.0
6749.056687114,10075.0,0.0
6749.452767591,10075.0,0.0
6749.452798341,10075.0,0.0
6749.459551608,10075.0,0.0
6749.469862674,10075.0,0.0
6749.478850504,10075.0,0.0
6749.489055321,10075.0,0.0
6749.499629968,10075.0,0.0
6749.510494029,10075.0,0.0
6749.520738179,10075.0,0.0
6749.533976967,10075.0,0.0
6749.541696475,10075.0,0.0
6749.550779303,10075.0,0.0
6749.561736530,10075.0,0.0
6749.571751932,10075.0,0.0
6749.581068592,10075.0,0.0
6749.592057068,10075.0,0.0
6749.603136293,10075.0,0.0
6749.612073123,10075.0,0.0
6749.622026776,10075.0,0.0
6749.631693432,10075.0,0.0
6749.653747884,10075.0,0.0
6749.724801859,10075.0,10.0
6749.726425509,10075.0,10.0
6749.735179591,10075.0,10.0
6749.745409408,10075.0,10.0
6749.755957472,10075.0,0.0
6749.765396047,10075.0,0.0
6749.775664863,10075.0,0.0
6749.785568184,10075.0,0.0
6749.796959823,10075.0,0.0
6750.120550255,10075.0,0.0
6750.129052922,10075.0,0.0
6750.139478237,10075.0,0.0
6750.149909303,10075.0,0.0
6750.159241295,10075.0,0.0
6750.169802109,10075.0,0.0
6750.180048676,10075.0,0.0
6750.191358066,10075.0,0.0
6750.340959859,10075.0,0.0
6750.351341674,10075.0,0.0
6750.361627408,10075.0,0.0
6750.371814142,10075.0,0.0
6750.381876210,10075.0,0.0
6750.396598817,10075.0,0.0
6750.647200460,10075.0,0.0
6750.658016605,10075.0,0.0
6750.667978841,10075.0,0.0
6750.677572415,10075.0,0.0
6750.687809815,10075.0,0.0
6750.700531524,10075.0,0.0
6751.254484880,10075.0,0.0
6751.263638541,10075.0,0.0
6751.315643535,10075.0,0.0
6751.317882930,10075.0,0.0
6751.327404754,10075.0,0.0
6751.337490739,10075.0,0.0
6751.347750305,10075.0,0.0
6751.358006539,10075.0,0.0
6751.368315022,10075.0,0.0
6751.383156211,10075.0,0.0
6751.932826858,10075.0,0.0
6751.943248757,10075.0,0.0
6751.952624166,10075.0,0.0
6751.963152896,10075.0,0.0
6751.978101418,10075.0,0.0
6752.046475835,10075.0,0.0
6752.057359229,10075.0,0.0
6752.066256809,10075.0,0.0
6752.078708771,10075.0,0.0
6752.086864442,10075.0,0.0
6752.096164768,10075.0,0.0
6752.112779273,10075.0,0.0
6752.116798817,10075.0,0.0
6752.449524910,10075.0,0.0
6752.459646645,10075.0,0.0
6752.470336624,10075.0,0.0
6752.479109456,10075.0,0.0
6752.490091599,10075.0,0.0
6752.500308083,10075.0,0.0
6752.515239187,10075.0,0.0
6752.519458979,10075.0,0.0
6752.650463037,10075.0,0.0
6752.652517350,10075.0,0.0
6752.663549743,10075.0,0.0
6752.717674133,10075.0,0.0
6752.728745275,10075.0,0.0
6752.738240182,10075.0,0.0
6752.748424667,10075.0,0.0
6752.758808066,10075.0,0.0
6752.767984809,10075.0,0.0
6752.778370958,10075.0,0.0
6753.063623847,10075.0,0.0
6753.066834983,10075.0,0.0
6753.076231891,10075.0,0.0
6753.086388042,10075.0,0.0
6753.096635443,10075.0,0.0
6753.106158767,10075.0,0.0
6753.116191669,10075.0,0.0
6753.127135979,10075.0,0.0
6753.136106642,10075.0,0.0
6753.146334542,10075.0,0.0
6753.156791107,10075.0,0.0
6753.166008267,10075.0,0.0
6753.176273667,10075.0,0.0
6753.186684316,10075.0,0.0
6753.197656709,10075.0,0.0
6753.207804943,10075.0,0.0
6753.217969011,10075.0,0.0
6753.227304754,10075.0,0.0
6753.239885048,10075.0,0.0
6753.326989533,10075.0,0.0
6753.337728512,10075.0,0.0
6753.347792914,10075.0,0.0
6753.357865982,10075.0,0.0
6753.368420796,10075.0,0.0
6753.378952360,10075.0,0.0
6753.388494017,10075.0,0.0
6753.398827417,10075.0,0.0
6753.408104326,10075.0,0.0
6753.418003313,10075.0,0.0
6753.428507211,10075.0,0.0
6753.438709362,10075.0,0.0
6753.447897856,10075.0,0.0
6753.458129006,10075.0,0.0
6753.468865568,10075.0,0.0
6753.479186051,10075.0,0.0
6753.488376878,10075.0,0.0
6753.498576862,10075.0,0.0
6753.508973844,10075.0,0.0
6753.600118290,10075.0,0.0
6753.610480439,10075.0,0.0
6753.619433185,10075.0,0.0
6753.629848834,10075.0,0.0
6753.649057147,10075.0,0.0
6753.786282811,10075.0,0.0
6753.793758071,10075.0,0.0
6753.803219396,10075.0,0.0
6753.813244715,10075.0,0.0
6753.823459532,10075.0,0.0
6753.835085169,10075.0,0.0
6753.843132257,10075.0,0.0
6753.853183076,10075.0,0.0
6753.863450726,10075.0,0.0
6753.873723959,10075.0,0.0
6753.882848370,10075.0,0.0
6753.893154687,10075.0,0.0
6753.903589502,10075.0,0.0
6753.913707070,10075.0,0.0
6753.923873138,10075.0,0.0
6753.933493294,10075.0,0.0
6753.943844693,10075.0,10.0
6753.953383850,10075.0,10.0
6753.963705416,10075.0,10.0
6753.974835975,10075.0,10.0
6754.050041742,10075.0,0.0
6754.123157697,10075.0,0.0
6754.126097918,10075.0,0.0
6754.136339069,10075.0,0.0
6754.146597135,10075.0,0.0
6754.156701870,10075.0,0.0
6754.166061029,10075.0,0.0
6754.176184347,10075.0,0.0
6754.186459997,10075.0,0.0
6754.196699731,10075.0,0.0
6754.205924808,10075.0,0.0
6754.216425706,10075.0,0.0
6754.226063528,10075.0,0.0
6754.236259596,10075.0,0.0
6754.246446080,10075.0,0.0
6754.256851145,10075.0,0.0
6754.266703133,10075.0,0.0
6754.276921116,10075.0,0.0
6754.286753271,10075.0,0.0
6754.297540749,10075.0,0.0
6754.315488658,10075.0,0.0
6754.319565785,10075.0,0.0
6754.408899498,10075.0,0.0
6754.418060659,10075.0,0.0
6754.428498141,10075.0,0.0
6754.439970695,10075.0,0.0
6754.448804609,10075.0,0.0
6754.457967687,10075.0,0.0
6754.468166421,10075.0,0.0
6754.478370238,10075.0,0.0
6754.488516889,10075.0,0.0
6754.499702531,10075.0,0.0
6754.509981347,10075.0,0.0
6754.520783242,10075.0,0.0
6754.530525064,10075.0,0.0
6754.540157803,10075.0,0.0
6754.550325371,10075.0,0.0
6754.560866185,10075.0,0.0
6754.570899254,10075.0,0.0
6754.581112154,10075.0,0.0
6754.592872540,10075.0,0.0
6754.603327771,10075.0,0.0
6754.612048187,10075.0,0.0
6754.622846831,10075.0,0.0
6754.631542747,10075.0,0.0
6754.652237545,10075.0,0.0
6754.653223452,10075.0,0.0
6754.921016261,10075.0,0.0
6754.930812666,10075.0,0.0
6754.940932151,10075.0,0.0
6754.950956303,10075.0,0.0
6754.960346462,10075.0,0.0
6754.970720777,10075.0,0.0
6754.985296385,10075.0,0.0
6754.993015477,10075.0,0.0
6755.334739233,10075.0,0.0
6755.344343806,10075.0,0.0
6755.354544540,10075.0,0.0
6755.367272499,10075.0,0.0
6755.381777525,10075.0,0.0
6755.384386583,10075.0,0.0
6755.455919303,10075.0,0.0
6755.465839706,10075.0,0.0
6755.476049107,10075.0,0.0
6755.487481579,10075.0,0.0
6755.496767322,10075.0,0.0
6755.506910806,10075.0,0.0
6755.515981135,10075.0,0.0
6755.526737447,10075.0,0.0
6755.536756182,10075.0,0.0
6755.546134841,10075.0,0.0
6755.556709321,10075.0,0.0
6755.566917472,10075.0,0.0
6755.576731543,10075.0,0.0
6755.587278774,10075.0,0.0
6755.597278176,10075.0,0.0
6755.608109321,10075.0,0.0
6755.617510896,10075.0,0.0
6755.627815212,10075.0,0.0
6755.651229901,10075.0,0.0
6755.653184632,10075.0,0.0
6755.662537208,10075.0,0.0
6755.673174187,10075.0,0.0
6755.682486597,10075.0,0.0
6755.692349584,10075.0,0.0
6755.702686067,10075.0,0.0
6755.717738503,10075.0,0.0
6755.724153024,10075.0,0.0
6755.858345718,10075.0,0.0
6755.867828459,10075.0,0.0
6755.878301190,10075.0,0.0
6755.888256676,10075.0,0.0
6755.898696991,10075.0,0.0
6755.908829893,10075.0,0.0
6755.917972220,10075.0,0.0
6755.928226287,10075.0,0.0
6755.938324772,10075.0,0.0
6755.948419007,10075.0,0.0
6755.959289235,10075.0,0.0
6755.967990400,10075.0,0.0
6755.978158134,10075.0,0.0
6755.988660032,10075.0,0.0
6755.998775267,10075.0,0.0
6756.009345497,10075.0,0.0
6756.019356233,10075.0,0.0
6756.029590967,10075.0,0.0
6756.055055052,10075.0,0.0
6756.055172301,10075.0,0.0
6756.059589591,10075.0,0.0
6756.130462151,10075.0,0.0
6756.141766041,10075.0,0.0
6756.149825713,10075.0,0.0
6756.159149705,10075.0,0.0
6756.169605103,10075.0,0.0
6756.189978905,10075.0,0.0
6756.190032738,10075.0,0.0
6756.203150443,10075.0,0.0
6756.210581788,10075.0,0.0
6756.219359869,10075.0,0.0
6756.230083015,10075.0,0.0
6756.240115417,10075.0,0.0
6756.253396538,10075.0,0.0
6756.263950685,10075.0,0.0
6756.272508351,10075.0,0.0
6756.282716669,10075.0,0.0
6756.293012818,10075.0,0.0
6756.302617975,10075.0,0.0
6756.314828773,10075.0,0.0
6756.335235407,10075.0,0.0
6756.335274990,10075.0,0.0
6756.342188506,10075.0,0.0
6756.354194306,10075.0,0.0
6756.364591121,10075.0,0.0
6756.374822105,10075.0,0.0
6756.385026506,10075.0,0.0
6756.468792607,10075.0,-10.0
6756.478767176,10075.0,-10.0
6756.487956087,10075.0,-10.0
6756.498194571,10075.0,-10.0
6756.508345388,10075.0,-10.0
6756.519036951,10075.0,-10.0
6756.528591775,10075.0,-10.0
6756.539358253,10075.0,-10.0
6756.550038232,10075.0,-10.0
6756.558866813,10075.0,-10.0
6756.569633208,10075.0,-10.0
6756.580433603,10075.0,-10.0
6756.591002417,10075.0,-10.0
6756.601402732,10075.0,-10.0
6756.611227637,10075.0,-10.0
6756.622158030,10075.0,-10.0
6756.638016792,10075.0,-10.0
6756.643521322,10075.0,-10.0
6757.078949499,10075.0,-10.0
6757.089359564,10075.0,-10.0
6757.099964544,10075.0,-10.0
6757.109751366,10075.0,-10.0
6757.118843360,10075.0,-10.0
6757.251301821,10075.0,-10.0
6757.261460305,10075.0,-10.0
6757.271831287,10075.0,-10.0
6757.281516943,10075.0,-10.0
6757.292355171,10075.0,-10.0
6757.306160953,10075.0,-10.0
6757.314647954,10075.0,-10.0
6757.553283963,10075.0,0.0
6757.594525895,10075.0,0.0
6757.604811295,10075.0,0.0
6757.615640023,10075.0,0.0
6757.625177597,10075.0,0.0
6757.637396144,10075.0,0.0
6757.648360121,10075.0,0.0
6757.659163349,10075.0,0.0
6757.922553534,10075.0,0.0
6757.922651533,10075.0,0.0
6757.932362022,10075.0,0.0
6757.942842753,10075.0,0.0
6757.953283152,10075.0,0.0
6757.964521459,10075.0,0.0
6757.974725860,10075.0,0.0
6758.188824858,10075.0,10.0
6758.198004436,10075.0,10.0
6758.208553666,10075.0,10.0
6758.218770567,10075.0,10.0
6758.228904135,10075.0,10.0
6758.244072570,10075.0,10.0
6758.250276093,10075.0,10.0
6758.259477587,10075.0,10.0
6758.268679581,10075.0,0.0
6758.278861232,10075.0,0.0
6758.288211141,10075.0,0.0
6758.298780204,10075.0,0.0
6758.308709691,10075.0,0.0
6758.318334681,10075.0,0.0
6758.328631497,10075.0,0.0
6758.339274810,10075.0,0.0
6758.348229639,10075.0,0.0
6758.358552706,10075.0,0.0
6758.368972771,10075.0,0.0
6758.378901424,10075.0,0.0
6758.389009826,10075.0,0.0
6758.399332059,10075.0,0.0
6758.409762790,10075.0,0.0
6758.420289354,10075.0,0.0
6758.429259850,10075.0,0.0
6758.441510148,10075.0,0.0
6758.452941786,10075.0,0.0
6758.459729054,10075.0,0.0
6758.469120629,10075.0,0.0
6758.479416445,10075.0,0.0
6758.490060342,10075.0,0.0
6758.499981328,10075.0,0.0
6758.509322904,10075.0,0.0
6758.519212558,10075.0,0.0
6758.529473625,10075.0,0.0
6758.539656525,10075.0,0.0
6758.549888342,10075.0,0.0
6758.560003577,10075.0,0.0
6758.570610557,10075.0,0.0
6758.580502628,10075.0,0.0
6758.590834860,10075.0,0.0
6758.600148353,10075.0,0.0
6758.610307338,10075.0,0.0
6758.620461905,10075.0,0.0
6758.631881711,10075.0,0.0
6758.641213370,10075.0,0.0
6758.650981858,10075.0,0.0
6758.660946678,10075.0,0.0
6758.671094829,10075.0,0.0
6758.681242730,10075.0,0.0
6758.691552963,10075.0,0.0
6758.701861779,10075.0,0.0
6758.711816682,10075.0,0.0
6758.722147665,10075.0,0.0
6758.732348732,10075.0,0.0
6758.742388385,10075.0,0.0
6758.752698868,10075.0,0.0
6758.761912278,10075.0,0.0
6758.772160428,10075.0,0.0
6758.783067239,10075.0,0.0
6758.792755644,10075.0,0.0
6758.802950045,10075.0,0.0
6758.813504942,10075.0,0.0
6758.823805009,10075.0,0.0
6758.838091120,10075.0,0.0
6758.844438891,10075.0,0.0
6758.856620689,10075.0,0.0
6758.863932701,10075.0,0.0
6758.874148435,10075.0,0.0
6758.884411502,10075.0,0.0
6758.894682652,10075.0,0.0
6758.905011635,10075.0,0.0
6758.913942631,10075.0,0.0
6758.924140615,10075.0,0.0
6758.934831011,10075.0,0.0
6758.944728831,10075.0,0.0
6758.953906908,10075.0,0.0
6758.964255724,10075.0,0.0
6758.974841371,10075.0,0.0
6758.984742442,10075.0,0.0
6758.995960249,10075.0,0.0
6759.005448157,10075.0,0.0
6759.015617224,10075.0,0.0
6759.030883826,10075.0,0.0
6759.042699294,10075.0,0.0
6759.048326406,10075.0,0.0
6759.059281049,10075.0,0.0
6759.069841363,10075.0,0.0
6759.078294364,10075.0,0.0
6759.089557504,10075.0,0.0
6759.099280660,10075.0,0.0
6759.110403385,10075.0,10.0
6759.118602638,10075.0,10.0
6759.128747373,10075.0,10.0
6759.137927700,10075.0,10.0
6759.149181507,10075.0,10.0
6759.158910079,10075.0,10.0
6759.168039490,10075.0,0.0
6759.178419806,10075.0,0.0
6759.189123535,10075.0,0.0
6759.197953532,10075.0,0.0
6759.208539846,10075.0,0.0
6759.218709163,10075.0,0.0
6759.228810315,10075.0,0.0
6759.239072298,10075.0,0.0
6759.250678519,10075.0,0.0
6759.259913512,10075.0,0.0
6759.270587825,10075.0,0.0
6759.279144491,10075.0,0.0
6759.289479724,10075.0,0.0
6759.299906789,10075.0,0.0
6759.310375604,10075.0,0.0
6759.321476913,10075.0,0.0
6759.331691480,10075.0,0.0
6759.342002713,10075.0,0.0
6759.351127291,10075.0,0.0
6759.362649095,10075.0,0.0
6759.382259237,10075.0,0.0
6759.386237699,10075.0,0.0
6759.396438683,10075.0,0.0
6759.406624167,10075.0,0.0
6759.416801234,10075.0,0.0
6759.427121467,10075.0,0.0
6759.437340784,10075.0,0.0
6759.447006357,10075.0,0.0
6759.457349256,10075.0,0.0
6759.467595906,10075.0,0.0
6759.477784641,10075.0,0.0
6759.486992384,10075.0,0.0
6759.497294617,10075.0,0.0
6759.507471268,10075.0,0.0
6759.517771251,10075.0,0.0
6759.527313408,10075.0,0.0
6759.537566808,10075.0,0.0
6759.547961874,10075.0,0.0
6759.557780362,10075.0,0.0
6759.568017095,10075.0,0.0
6759.582141124,10075.0,0.0
6759.588061150,10075.0,0.0
6759.598321300,10075.0,0.0
6759.609063362,10075.0,0.0
6759.617982442,10075.0,0.0
6759.628400341,10075.0,0.0
6759.642047374,10075.0,0.0
6759.649061556,10075.0,0.0
6759.659758119,10075.0,0.0
6759.670773928,10075.0,0.0
6759.679276512,10075.0,0.0
6759.690064074,10075.0,0.0
6759.704304768,10075.0,0.0
6759.713927425,10075.0,0.0
6759.723095085,10075.0,0.0
6759.733583316,10075.0,0.0
6759.744312212,10075.0,0.0
6759.753154626,10075.0,0.0
6759.763601024,10075.0,0.0
6759.785764058,10075.0,0.0
6759.785862057,10075.0,0.0
6759.795252799,10075.0,0.0
6759.805573449,10075.0,0.0
6759.815697017,10075.0,0.0
6759.824948843,10075.0,0.0
6759.835678322,10075.0,0.0
6759.845676558,10075.0,0.0
6759.855841376,10075.0,0.0
6759.866714270,10075.0,0.0
6759.874949440,10075.0,0.0
6759.885360089,10075.0,0.0
6759.895828987,10075.0,0.0
6759.905845139,10075.0,0.0
6759.915122382,10075.0,0.0
6759.926895601,10075.0,0.0
6759.937306166,10075.0,0.0
6759.945570669,10075.0,0.0
6759.956096316,10075.0,0.0
6759.970125263,10075.0,0.0
6759.978774179,10075.0,0.0
6759.987179097,10075.0,0.0
6759.997357915,10075.0,0.0
6760.008092977,10075.0,0.0
6760.017614467,10075.0,0.0
6760.028435862,10075.0,0.0
6760.041030239,10075.0,0.0
6760.047479427,10075.0,0.0
6760.057718660,10075.0,0.0
6760.068659637,10075.0,0.0
6760.078920954,10075.0,0.0
6760.089071938,10075.0,0.0
6760.100464077,10075.0,0.0
6760.113650532,10075.0,0.0
6760.124487760,10075.0,0.0
6760.133463923,10075.0,0.0
6760.143443659,10075.0,0.0
6760.152929066,10075.0,0.0
6760.164404121,10075.0,0.0
6760.183738600,10075.0,0.0
6760.191736605,10075.0,0.0
6760.196969054,10075.0,0.0
6760.206484962,10075.0,0.0
6760.216657696,10075.0,0.0
6760.228058085,10075.0,0.0
6760.238057238,10075.0,0.0
6760.247734810,10075.0,0.0
6760.260433353,10075.0,0.0
6760.273301478,10075.0,0.0
6760.278432928,10075.0,0.0
6760.287314175,10075.0,0.0
6760.299336558,10075.0,0.0
6760.307316063,10075.0,0.0
6760.319958273,10075.0,0.0
6760.328294609,10075.0,0.0
6760.338314011,10075.0,0.0
6760.348565328,10075.0,0.0
6760.358579564,10075.0,0.0
6760.368963213,10075.0,0.0
6760.378579036,10075.0,0.0
6760.389396847,10075.0,0.0
6760.398733340,10075.0,0.0
6760.408633743,10075.0,0.0
6760.418392482,10075.0,0.0
6760.428729798,10075.0,0.0
6760.439292278,10075.0,0.0
6760.448051859,10075.0,0.0
6760.458386259,10075.0,0.0
6760.468760408,10075.0,0.0
6760.480477294,10075.0,0.0
6760.490073034,10075.0,0.0
6760.500903678,10075.0,0.0
6760.512779146,10075.0,0.0
6760.520501154,10075.0,0.0
6760.532114291,10075.0,10.0
6760.542093444,10075.0,10.0
6760.551126272,10075.0,10.0
6760.561350340,10075.0,10.0
6760.574866958,10075.0,0.0
6760.583913203,10075.0,0.0
6760.594584599,10075.0,0.0
6760.605273745,10075.0,0.0
6760.613688330,10075.0,0.0
6760.624708223,10075.0,0.0
6760.634379212,10075.0,0.0
6760.644736278,10075.0,0.0
6760.654745263,10075.0,0.0
6760.664249338,10075.0,0.0
6760.674985150,10075.0,0.0
6760.686534871,10075.0,0.0
6760.696480774,10075.0,0.0
6760.718246728,10075.0,0.0
6760.718291645,10075.0,0.0
6760.726940060,10075.0,0.0
6760.736412135,10075.0,0.0
6760.746588452,10075.0,0.0
6760.758428671,10075.0,0.0
6760.781623111,10075.0,0.0
6760.781788526,10075.0,0.0
6760.788242630,10075.0,0.0
6760.798027368,10075.0,0.0
6760.807556525,10075.0,0.0
6760.817622927,10075.0,0.0
6760.827699246,10075.0,0.0
6760.844496582,10075.0,0.0
6760.860105680,10075.0,0.0
6760.860142597,10075.0,0.0
6760.871198239,10075.0,0.0
6760.880162985,10075.0,0.0
6760.890155221,10075.0,0.0
6760.901586027,10075.0,0.0
6760.913148331,10075.0,0.0
6760.921839996,10075.0,0.0
6760.931981647,10075.0,0.0
6760.941320223,10075.0,0.0
6760.951580873,10075.0,0.0
6760.962677932,10075.0,0.0
6760.984378054,10075.0,0.0
6760.984413970,10075.0,0.0
6760.993951294,10075.0,0.0
6761.001914050,10075.0,0.0
6761.011191209,10075.0,0.0
6761.021822439,10075.0,0.0
6761.033216495,10075.0,0.0
6761.041523997,10075.0,0.0
6761.053158801,10075.0,0.0
6761.062379211,10075.0,0.0
6761.071374790,10075.0,0.0
6761.081691606,10075.0,0.0
6761.091638426,10075.0,0.0
6761.106813862,10075.0,0.0
6761.115253779,10075.0,0.0
6761.128566316,10075.0,0.0
6761.133784849,10075.0,0.0
6761.144682576,10075.0,0.0
6761.154156817,10075.0,0.0
6761.165307459,10075.0,0.0
6761.174332371,10075.0,0.0
6761.198374553,10075.0,0.0
6761.198582468,10075.0,0.0
6761.207213884,10075.0,0.0
6761.217167537,10075.0,0.0
6761.226170699,10075.0,0.0
6761.236814012,10075.0,0.0
6761.252910606,10075.0,0.0
6761.258651966,10075.0,0.0
6761.269146781,10075.0,0.0
6761.278917269,10075.0,0.0
6761.288692257,10075.0,0.0
6761.298155415,10075.0,0.0
6761.308308566,10075.0,0.0
6761.318374218,10075.0,0.0
6761.328929365,10075.0,0.0
6761.338061110,10075.0,0.0
6761.348089012,10075.0,0.0
6761.358516494,10075.0,0.0
6761.368667978,10075.0,0.0
6761.378747880,10075.0,0.0
6761.389357610,10075.0,0.0
6761.400109756,10075.0,0.0
6761.409552664,10075.0,0.0
6761.421046302,10075.0,0.0
6761.430261462,10075.0,0.0
6761.445870310,10075.0,0.0
6761.451534088,10075.0,0.0
6761.462416149,10075.0,0.0
6761.471957889,10075.0,0.0
6761.482364038,10075.0,0.0
6761.491968611,10075.0,0.0
6761.502480842,10075.0,0.0
6761.515873628,10075.0,0.0
6761.521164077,10075.0,0.0
6761.531352144,10075.0,0.0
6761.543986021,10075.0,0.0
6761.552842518,10075.0,0.0
6761.563511915,10075.0,0.0
6761.573852980,10075.0,0.0
6761.584794541,10075.0,0.0
6761.593943868,10075.0,0.0
6761.604673264,10075.0,0.0
6761.614234837,10075.0,0.0
6761.623308332,10075.0,0.0
6761.641942151,10075.0,0.0
6761.652283800,10075.0,0.0
6761.655810099,10075.0,0.0
6761.666034916,10075.0,0.0
6761.675853237,10075.0,0.0
6761.685010148,10075.0,0.0
6761.695961291,10075.0,0.0
6761.707665094,10075.0,0.0
6761.715100272,10075.0,0.0
6761.735394824,10075.0,0.0
6761.737089141,10075.0,0.0
6761.746227302,10075.0,0.0
6761.756558368,10075.0,0.0
6761.767324347,10075.0,0.0
6761.777678579,10075.0,0.0
6761.788365392,10075.0,0.0
6761.803474911,10075.0,0.0
6761.810187929,10075.0,0.0
6761.819596254,10075.0,0.0
6761.830106902,10075.0,0.0
6761.839090064,10075.0,0.0
6761.850323705,10075.0,0.0
6761.860484023,10075.0,0.0
6761.872760403,10075.0,0.0
6761.879964333,10075.0,0.0
6761.889276826,10075.0,0.0
6761.899872889,10075.0,0.0
6761.916852057,10075.0,0.0
6761.919573197,10075.0,0.0
6761.929373935,10075.0,0.0
6761.941121404,10075.0,0.0
6761.951739968,10075.0,0.0
6761.962286782,10075.0,0.0
6761.973374507,10075.0,0.0
6761.988064114,10075.0,0.0
6761.996982027,10075.0,0.0
6762.006860097,10075.0,0.0
6762.016441004,10075.0,0.0
6762.026401324,10075.0,0.0
6762.040576019,10075.0,0.0
6762.051297331,10075.0,0.0
6762.056615780,10075.0,0.0
6762.067033095,10075.0,0.0
6762.076659584,10075.0,0.0
6762.086560071,10075.0,0.0
6762.097015636,10075.0,0.0
6762.116744194,10075.0,0.0
6762.117021858,10075.0,0.0
6762.126830513,10075.0,0.0
6762.136288087,10075.0,0.0
6762.147067566,10075.0,0.0
6762.159630277,10075.0,0.0
6762.168293859,10075.0,0.0
6762.191317885,10075.0,0.0
6762.191465133,10075.0,0.0
6762.199754469,10075.0,0.0
6762.210284200,10075.0,0.0
6762.219343612,10075.0,0.0
6762.230937666,10075.0,0.0
6762.249239571,10075.0,0.0
6762.261545368,10075.0,0.0
6762.261582867,10075.0,0.0
6762.270384865,10075.0,0.0
6762.280259769,10075.0,0.0
6762.290449503,10075.0,0.0
6762.300806735,10075.0,0.0
6762.311103635,10075.0,0.0
6762.321286952,10075.0,0.0
6762.330259032,10075.0,0.0
6762.340885012,10075.0,10.0
6762.350058506,10075.0,10.0
6762.360263906,10075.0,10.0
6762.370737554,10075.0,10.0
6762.380887622,10075.0,10.0
6762.390073949,10075.0,0.0
6762.400572930,10075.0,0.0
6762.411201410,10075.0,0.0
6762.420395821,10075.0,0.0
6762.445768157,10075.0,0.0
6762.445789490,10075.0,0.0
6762.453557664,10075.0,0.0
6762.464667806,10075.0,0.0
6762.475152371,10075.0,0.0
6762.484217449,10075.0,0.0
6762.495065510,10075.0,0.0
6762.511474017,10075.0,0.0
6762.515205231,10075.0,0.0
6762.525851294,10075.0,0.0
6762.536309025,10075.0,0.0
6762.547282919,10075.0,0.0
6762.557314821,10075.0,0.0
6762.566825562,10075.0,0.0
6762.578677446,10075.0,0.0
6762.587172197,10075.0,0.0
6762.597236182,10075.0,0.0
6762.608047494,10075.0,0.0
6762.617357570,10075.0,0.0
6762.627530220,10075.0,0.0
6762.640386762,10075.0,0.0
6762.647142196,10075.0,0.0
6762.657765843,10075.0,0.0
6762.667858744,10075.0,0.0
6762.677206320,10075.0,0.0
6762.687573219,10075.0,0.0
6762.698167949,10075.0,0.0
6762.709534005,10075.0,0.0
6762.720194735,10075.0,0.0
6762.729158148,10075.0,0.0
6762.741585443,10075.0,0.0
6762.750149443,10075.0,0.0
6762.759844849,10075.0,0.0
6762.770697243,10075.0,0.0
6762.783268787,10075.0,0.0
6762.792397698,10075.0,0.0
6762.801732524,10075.0,0.0
6762.811842176,10075.0,0.0
6762.820985003,10075.0,0.0
6762.831772482,10075.0,0.0
6762.841965466,10075.0,0.0
6762.851383791,10075.0,0.0
6762.861333611,10075.0,0.0
6762.871973590,10075.0,0.0
6762.882240907,10075.0,0.0
6762.890884739,10075.0,0.0
6762.904044195,10075.0,0.0
6762.914261428,10075.0,0.0
6762.926732140,10075.0,0.0
6762.934674646,10075.0,0.0
6762.944936213,10075.0,0.0
6762.956435518,10075.0,0.0
6762.965245182,10075.0,0.0
6762.980515867,10075.0,0.0
6762.985910814,10075.0,0.0
6762.995792385,10075.0,0.0
6763.006141950,10075.0,0.0
6763.015273278,10075.0,0.0
6763.026113839,10075.0,0.0
6763.039913622,10075.0,0.0
6763.049057283,10075.0,0.0
6763.059856761,10075.0,0.0
6763.070388158,10075.0,0.0
6763.079935732,10075.0,0.0
6763.089551972,10075.0,0.0
6763.104629408,10075.0,0.0
6763.111213844,10075.0,0.0
6763.120175090,10075.0,0.0
6763.129815080,10075.0,0.0
6763.140750806,10075.0,0.0
6763.150742292,10075.0,0.0
6763.161100525,10075.0,0.0
6763.171530257,10075.0,0.0
6763.185162041,10075.0,0.0
6763.192272138,10075.0,0.0
6763.202634454,10075.0,0.0
6763.213259600,10075.0,0.0
6763.224500991,10075.0,0.0
6763.232495996,10075.0,0.0
6763.242970311,10075.0,0.0
6763.254033370,10075.0,0.0
6763.263280197,10075.0,0.0
6763.273372015,10075.0,0.0
6763.283475417,10075.0,0.0
6763.293780316,10075.0,0.0
6763.303248724,10075.0,0.0
6763.313834954,10075.0,-10.0
6763.324134021,10075.0,-10.0
6763.333754844,10075.0,-10.0
6763.343064586,10075.0,-10.0
6763.353175988,10075.0,-10.0
6763.363557054,10075.0,-10.0
6763.373750121,10075.0,-10.0
6763.383084697,10075.0,-10.0
6763.393297681,10075.0,-10.0
6763.403798245,10075.0,-10.0
6763.413450651,10075.0,-10.0
6763.424140380,10075.0,-10.0
6763.433128793,10075.0,-10.0
6763.450097378,10075.0,-10.0
6763.455493492,10075.0,-10.0
6763.463983492,10075.0,-10.0
6763.474634805,10075.0,-10.0
6763.484748540,10075.0,-10.0
6763.495070273,10075.0,-10.0
6763.505171925,10075.0,-10.0
6763.514517750,10075.0,-10.0
6763.527071878,10075.0,-10.0
6763.534911218,10075.0,-10.0
6763.545240284,10075.0,-10.0
6763.554388362,10075.0,-10.0
6763.565640752,10075.0,-10.0
6763.582006426,10075.0,-10.0
6763.585978638,10075.0,-10.0
6763.595338213,10075.0,-10.0
6763.605887611,10075.0,-10.0
6763.615355935,10075.0,-10.0
6763.625749584,10075.0,-10.0
6763.636214565,10075.0,-10.0
6763.659950167,10075.0,-10.0
6763.660478746,10075.0,-10.0
6763.667322179,10075.0,-10.0
6763.679107898,10075.0,-10.0
6763.687975061,10075.0,-10.0
6763.702557419,10075.0,-10.0
6763.707889284,10075.0,-10.0
6763.726578269,10075.0,-10.0
6763.740894213,10075.0,-10.0
6763.740956379,10075.0,-10.0
6763.750309288,10075.0,-10.0
6763.761085266,10075.0,-10.0
6763.774554968,10075.0,-10.0
6763.784903534,10075.0,-10.0
6763.794106528,10075.0,-10.0
6763.809274963,10075.0,-10.0
6763.824316150,10075.0,-10.0
6763.824380316,10075.0,-10.0
6763.834834381,10075.0,-10.0
6763.848343500,10075.0,-10.0
6763.854661271,10075.0,-10.0
6763.864450010,10075.0,-10.0
6763.875837149,10075.0,-10.0
6763.884143818,10075.0,-10.0
6763.894494217,10075.0,-10.0
6763.917318828,10075.0,-10.0
6763.917496076,10075.0,-10.0
6763.926379656,10075.0,-10.0
6763.935977730,10075.0,-10.0
6763.945657302,10075.0,-10.0
6763.956495530,10075.0,-10.0
6763.965199945,10075.0,-10.0
6763.975824508,10075.0,-10.0
6763.987476062,10075.0,-10.0
6763.995770564,10075.0,-10.0
6764.006296795,10075.0,-10.0
6764.016641944,10075.0,-10.0
6764.026986427,10075.0,-10.0
6764.047035565,10075.0,-10.0
6764.047317062,10075.0,-10.0
6764.056315891,10075.0,-10.0
6764.067146536,10075.0,-10.0
6764.077617434,10075.0,-10.0
6764.087344256,10075.0,-10.0
6764.098030818,10075.0,-10.0
6764.106971481,10075.0,-10.0
6764.117156715,10075.0,-10.0
6764.127905111,10075.0,-10.0
6764.137845097,10075.0,-10.0
6764.146919009,10075.0,-10.0
6764.157562905,10075.0,-10.0
6764.168176635,10075.0,-10.0
6764.179522942,9780.0,-10.0
6764.188174607,9780.0,0.0
6764.198070011,9780.0,0.0
6764.207091173,9780.0,0.0
6764.217456655,9780.0,0.0
6764.227988886,9780.0,0.0
6764.242044666,9780.0,0.0
6764.250339419,9780.0,0.0
6764.260067907,9780.0,0.0
6764.270896885,9780.0,0.0
6764.280222294,9780.0,0.0
6764.290299446,9780.0,0.0
6764.300671929,9780.0,0.0
6764.311251992,9780.0,0.0
6764.321219395,9780.0,0.0
6764.330659803,9780.0,0.0
6764.341342366,9780.0,0.0
6764.351342268,9780.0,0.0
6764.361429670,9780.0,0.0
6764.372223065,9780.0,0.0
6764.381043813,9780.0,0.0
6764.391361379,9780.0,0.0
6764.401692362,9780.0,0.0
6764.411383600,9780.0,0.0
6764.425107550,9780.0,0.0
6764.435151786,9780.0,0.0
6764.445837682,9780.0,0.0
6764.460638954,9780.0,0.0
6764.465786737,9780.0,0.0
6764.476688548,9780.0,0.0
6764.485163215,9780.0,0.0
6764.495631530,9780.0,0.0
6764.506045679,9780.0,0.0
6764.527195056,9780.0,0.0
6764.527245722,9780.0,0.0
6764.537101710,9780.0,0.0
6764.546527785,9780.0,0.0
6764.556734102,9780.0,0.0
6764.567196833,9780.0,0.0
6764.579299132,9780.0,0.0
6764.588415877,9780.0,0.0
6764.597161875,9780.0,0.0
6764.607309526,9780.0,0.0
6764.617529593,9780.0,0.0
6764.627802076,9780.0,0.0
6764.645572403,9780.0,0.0
6764.650449023,9780.0,0.0
6764.659483685,9780.0,0.0
6764.669020092,9780.0,0.0
6764.680647229,9780.0,0.0
6764.689615725,9780.0,0.0
6764.700070456,9780.0,0.0
6764.710988600,9780.0,0.0
6764.720769505,9780.0,0.0
6764.730615575,9780.0,0.0
6764.741222722,9780.0,0.0
6764.750063803,9780.0,0.0
6764.760241620,9780.0,0.0
6764.770542353,9780.0,0.0
6764.780724921,9780.0,0.0
6764.789963997,9780.0,0.0
6764.800917974,9780.0,0.0
6764.811521121,9780.0,0.0
6764.820337702,9780.0,0.0
6764.832649415,9780.0,0.0
6764.847203440,9780.0,0.0
6764.850524241,9780.0,0.0
6764.861940297,9780.0,0.0
6764.871183373,9780.0,0.0
6764.880136119,9780.0,0.0
6764.890529185,9780.0,0.0
6764.903744890,9780.0,0.0
6764.916325600,9780.0,0.0
6764.924536354,9780.0,0.0
6764.933915012,9780.0,0.0
6764.944097580,9780.0,0.0
6764.953909484,9780.0,0.0
6764.966479529,9780.0,0.0
6764.979288571,9780.0,0.0
6764.984166690,9780.0,0.0
6764.994115926,9780.0,0.0
6765.004261411,9780.0,0.0
6765.014517811,9780.0,0.0
6765.025114958,9780.0,0.0
6765.034297118,9780.0,0.0
6765.044257855,9780.0,0.0
6765.054919251,9780.0,0.0
6765.065394316,9780.0,0.0
6765.074808641,9780.0,0.0
6765.085423037,9780.0,0.0
6765.095174859,9780.0,0.0
6765.105321177,9780.0,0.0
6765.117128728,9780.0,0.0
6765.125136234,9780.0,0.0
6765.138527937,9780.0,0.0
6765.146573692,9780.0,0.0
6765.157304754,9780.0,0.0
6765.166797995,9780.0,0.0
6765.182522342,9780.0,0.0
6765.189702605,9780.0,0.0
6765.199752257,9780.0,0.0
6765.210396570,9780.0,0.0
6765.220101642,9780.0,0.0
6765.231950194,9780.0,0.0
6765.240194530,9780.0,0.0
6765.250417097,9780.0,0.0
6765.261361407,9780.0,0.0
6765.270516985,9780.0,0.0
6765.280516971,9780.0,0.0
6765.291914693,9780.0,0.0
6765.302517757,9780.0,0.0
6765.311297338,9780.0,0.0
6765.322923141,9780.0,0.0
6765.331726305,9780.0,0.0
6765.342921030,9780.0,0.0
6765.351912109,9780.0,0.0
6765.364601402,9780.0,0.0
6765.373442483,9780.0,0.0
6765.382171314,9780.0,0.0
6765.391348558,9780.0,0.0
6765.401573125,9780.0,0.0
6765.411682444,9780.0,0.0
6765.421673430,9780.0,0.0
6765.431658082,9780.0,0.0
6765.442400894,9780.0,0.0
6765.453127790,9780.0,0.0
6765.462498532,9780.0,0.0
6765.472643100,9780.0,0.0
6765.482325089,9780.0,0.0
6765.492194243,9780.0,0.0
6765.502370811,9780.0,0.0
6765.512679877,9780.0,0.0
6765.523092525,9780.0,0.0
6765.533106428,9780.0,0.0
6765.542787750,9780.0,0.0
6765.552974984,9780.0,0.0
6765.562306560,9780.0,0.0
6765.572591710,9780.0,0.0
6765.591379777,9780.0,0.0
6765.595057991,9780.0,0.0
6765.603262245,9780.0,0.0
6765.613560311,9780.0,0.0
6765.623766712,9780.0,0.0
6765.633279786,9780.0,0.0
6765.645474584,9780.0,0.0
6765.653121843,9780.0,0.0
6765.663282160,9780.0,0.0
6765.673405478,9780.0,0.0
6765.683642629,9780.0,0.0
6765.694132527,9780.0,0.0
6765.704534009,9780.0,0.0
6765.715139989,9780.0,0.0
6765.724384565,9780.0,0.0
6765.734544133,9780.0,0.0
6765.744598785,9780.0,0.0
6765.753935694,9780.0,0.0
6765.764661423,9780.0,0.0
6765.774739575,9780.0,0.0
6765.784777811,9780.0,0.0
6765.796535696,9780.0,0.0
6765.807059594,9780.0,0.0
6765.816565001,9780.0,0.0
6765.826805235,9780.0,0.0
6765.845825383,9780.0,0.0
6765.846790457,9780.0,0.0
6765.856896858,9780.0,0.0
6765.866662597,9780.0,0.0
6765.876843331,9780.0,0.0
6765.886209990,9780.0,0.0
6765.897505796,9780.0,0.0
6765.923939206,9780.0,0.0
6765.923969122,9780.0,0.0
6765.926241850,9780.0,0.0
6765.937051578,9780.0,0.0
6765.947767474,9780.0,0.0
6765.957879125,9780.0,0.0
6765.967222117,9780.0,0.0
6765.982903465,9780.0,0.0
6765.987295755,9780.0,0.0
6765.997476156,9780.0,0.0
6766.008556215,9780.0,0.0
6766.017937124,9780.0,0.0
6766.028495854,9780.0,0.0
6766.039354582,9780.0,0.0
6766.048841239,9780.0,0.0
6766.058202732,9780.0,0.0
6766.068956710,9780.0,0.0
6766.078831697,9780.0,0.0
6766.088413687,9780.0,0.0
6766.107016923,9780.0,0.0
6766.108369076,9780.0,0.0
6766.119957547,9780.0,0.0
6766.127974552,9780.0,0.0
6766.138200953,9780.0,0.0
6766.148429520,9780.0,0.0
6766.158833502,9780.0,0.0
6766.169551814,9780.0,0.0
6766.178263396,9780.0,0.0
6766.189085040,9780.0,0.0
6766.198805112,9780.0,0.0
6766.213630551,9780.0,0.0
6766.219083915,9780.0,0.0
6766.228312408,9780.0,0.0
6766.238511476,9780.0,0.0
6766.248870208,9780.0,0.0
6766.258043202,9780.0,0.0
6766.268257603,9780.0,0.0
6766.279169163,9780.0,0.0
6766.288072743,9780.0,0.0
6766.299263468,9780.0,0.0
6766.316741047,9780.0,0.0
6766.320037515,9780.0,0.0
6766.330014668,9780.0,0.0
6766.339552992,9780.0,0.0
6766.349796559,9780.0,0.0
6766.360024626,9780.0,0.0
6766.383129151,9780.0,0.0
6766.383178150,9780.0,0.0
6766.391854899,9780.0,0.0
6766.401116476,9780.0,0.0
6766.411507291,9780.0,0.0
6766.421903773,9780.0,0.0
6766.435486474,9780.0,0.0
6766.446328119,9780.0,0.0
6766.453697297,9780.0,0.0
6766.463792782,9780.0,0.0
6766.472869944,9780.0,0.0
6766.482979179,9780.0,0.0
6766.493898322,9780.0,0.0
6766.504318804,9780.0,0.0
6766.513243717,9780.0,0.0
6766.523681949,9780.0,0.0
6766.533064691,9780.0,0.0
6766.543072844,9780.0,0.0
6766.553413743,9780.0,0.0
6766.563731059,9780.0,0.0
6766.573172467,9780.0,0.0
6766.583551366,9780.0,0.0
6766.593862849,9780.0,0.0
6766.604244581,9780.0,0.0
6766.614688146,9780.0,0.0
6766.626136368,9780.0,0.0
6766.636072271,9780.0,0.0
6766.658920382,9780.0,0.0
6766.658948549,9780.0,0.0
6766.667439466,9780.0,0.0
6766.677206704,9780.0,0.0
6766.686559030,9780.0,0.0
6766.699667735,9780.0,0.0
6766.707897655,9780.0,0.0
6766.724070831,9780.0,0.0
6766.729941274,9780.0,0.0
6766.740478671,9780.0,0.0
6766.750746321,9780.0,0.0
6766.765014266,9780.0,0.0
6766.772699941,9780.0,0.0
6766.791116345,9780.0,0.0
6766.793403239,9780.0,0.0
6766.803679723,9780.0,0.0
6766.814078205,9780.0,0.0
6766.824514770,9780.0,0.0
6766.843729249,9780.0,0.0
6766.844859572,9780.0,0.0
6766.854590977,9780.0,0.0
6766.864725461,9780.0,0.0
6766.873816290,9780.0,0.0
6766.884105273,9780.0,0.0
6766.894850501,9780.0,0.0
6766.904667156,9780.0,0.0
6766.914806224,9780.0,0.0
6766.926311612,9780.0,0.0
6766.935426773,9780.0,0.0
6766.945558258,9780.0,0.0
6766.956151655,9780.0,0.0
6766.966117474,9780.0,0.0
6766.976391041,9780.0,0.0
6766.987222185,9780.0,0.0
6766.996075099,9780.0,0.0
6767.006865827,9780.0,0.0
6767.016926896,9780.0,0.0
6767.026696301,9780.0,0.0
6767.045067539,9780.0,0.0
6767.048899251,9780.0,0.0
6767.060276807,9780.0,0.0
6767.069811131,9780.0,0.0
6767.078987042,9780.0,0.0
6767.089369607,9780.0,0.0
6767.108528587,9780.0,0.0
6767.113728120,9780.0,0.0
6767.124552931,9780.0,0.0
6767.133515011,9780.0,0.0
6767.144452988,9780.0,0.0
6767.154308142,9780.0,0.0
6767.163256638,9780.0,0.0
6767.173529538,9780.0,0.0
6767.184712679,9780.0,0.0
6767.193200930,9780.0,0.0
6767.203318081,9780.0,0.0
6767.214359807,9780.0,0.0
6767.223188471,9780.0,0.0
6767.233486204,9780.0,0.0
6767.247979646,9780.0,0.0
6767.254843996,9780.0,0.0
6767.263925741,9780.0,0.0
6767.273959810,9780.0,0.0
6767.284251043,9780.0,0.0
6767.294519443,9780.0,0.0
6767.307509400,9780.0,0.0
6767.314691497,9780.0,0.0
6767.324587567,9780.0,0.0
6767.334208557,9780.0,0.0
6767.344283375,9780.0,0.0
6767.354710690,9780.0,0.0
6767.364069683,9780.0,0.0
6767.374009752,9780.0,0.0
6767.384759398,9780.0,0.0
6767.394684801,9780.0,0.0
6767.404866869,9780.0,0.0
6767.414285777,9780.0,0.0
6767.425554667,9780.0,0.0
6767.445140976,9780.0,0.0
6767.445741887,9780.0,0.0
6767.458494096,9780.0,0.0
6767.465198698,9780.0,0.0
6767.476425255,9780.0,0.0
6767.486032745,9780.0,0.0
6767.495628818,9780.0,0.0
6767.506495212,9780.0,0.0
6767.516182285,9780.0,0.0
6767.524971532,9780.0,0.0
6767.535849760,9780.0,0.0
6767.545953745,9780.0,0.0
6767.555921981,9780.0,0.0
6767.566606294,9780.0,0.0
6767.576227783,9780.0,0.0
6767.586394184,9780.0,0.0
6767.596692751,9780.0,0.0
6767.606875652,9780.0,0.0
6767.617077886,9780.0,0.0
6767.628117028,9780.0,0.0
6767.637833517,9780.0,0.0
6767.647931585,9780.0,0.0
6767.658385483,9780.0,0.0
6767.670015620,9780.0,0.0
6767.678966533,9780.0,0.0
6767.688261192,9780.0,0.0
6767.706341766,9780.0,0.0
6767.709926315,9780.0,0.0
6767.723937678,9780.0,0.0
6767.730259950,9780.0,0.0
6767.740371852,9780.0,0.0
6767.749470263,9780.0,0.0
6767.760287491,9780.0,0.0
6767.782018113,9780.0,0.0
6767.782070446,9780.0,0.0
6767.791394272,9780.0,0.0
6767.801505756,9780.0,0.0
6767.812740314,9780.0,0.0
6767.822826549,9780.0,0.0
6767.832285290,9780.0,0.0
6767.842511357,9780.0,0.0
6767.852620342,9780.0,0.0
6767.862786993,9780.0,0.0
6767.872209818,9780.0,0.0
6767.882322553,9780.0,0.0
6767.892516370,9780.0,0.0
6767.902875853,9780.0,0.0
6767.912022680,9780.0,0.0
6767.922513411,9780.0,0.0
6767.932970643,9780.0,0.0
6767.943340709,9780.0,0.0
6767.952268455,9780.0,0.0
6767.963142099,9780.0,0.0
6767.983302320,9780.0,0.0
6767.983447568,9780.0,0.0
6767.992757727,9780.0,0.0