%time,field.velocity,field.angle
6797.315857115,9780.0,0.0
6797.325414772,9780.0,0.0
6797.335648089,9780.0,0.0
6797.346049488,9780.0,0.0
6797.357343711,9780.0,0.0
6797.367478946,9780.0,0.0
6797.376806355,9780.0,0.0
6797.386924840,9780.0,0.0
6797.396389331,9780.0,0.0
6797.408921959,9780.0,0.0
6797.417438710,9780.0,0.0
6797.427314613,9780.0,0.0
6797.436290193,9780.0,0.0
6797.446500427,9780.0,0.0
6797.457786567,9780.0,0.0
6797.468024550,9780.0,0.0
6797.477942787,9780.0,0.0
6797.487253863,9780.0,0.0
6797.496706104,9780.0,0.0
6797.506112346,9780.0,0.0
6797.517415403,9780.0,0.0
6797.527891217,9780.0,0.0
6797.544939301,9780.0,0.0
6797.548630182,9780.0,0.0
6797.558573669,9780.0,0.0
6797.568866902,9780.0,0.0
6797.577225404,9780.0,0.0
6797.587615052,9780.0,0.0
6797.597532373,9780.0,0.0
6797.607689440,9780.0,0.0
6797.617346513,9780.0,0.0
6797.627824078,9780.0,0.0
6797.638370475,9780.0,0.0
6797.648254379,9780.0,0.0
6797.658796193,9780.0,0.0
6797.669146592,9780.0,0.0
6797.678711499,9780.0,0.0
6797.688767318,9780.0,0.0
6797.699685128,9780.0,0.0
6797.710301858,9780.0,0.0
6797.719454852,9780.0,0.0
6797.729537004,9780.0,0.0
6797.739787571,9780.0,0.0
6797.749147730,9780.0,0.0
6797.759607378,9780.0,0.0
6797.771200848,9780.0,0.0
6797.781405165,9780.0,0.0
6797.791527234,9780.0,0.0
6797.801920549,9780.0,0.0
6797.811321041,9780.0,0.0
6797.821539275,9780.0,0.0
6797.835084893,9780.0,0.0
6797.843426062,9780.0,0.0
6797.853698128,9780.0,0.0
6797.863471450,9780.0,0.0
6797.874128596,9780.0,0.0
6797.883468005,9780.0,0.0
6797.894214317,9780.0,0.0
6797.906832194,9780.0,0.0
6797.916890846,9780.0,0.0
6797.926823833,9780.0,0.0
6797.937269398,9780.0,0.0
6797.947336300,9780.0,0.0
6797.957625283,9780.0,0.0
6797.979263656,9780.0,0.0
6797.979283905,9780.0,0.0
6797.987606658,9780.0,0.0
6797.997987057,9780.0,0.0
6798.008788368,9780.0,0.0
6798.019756511,9780.0,0.0
6798.030555489,9780.0,0.0
6798.041022721,9780.0,0.0
6798.049173808,9780.0,0.0
6798.064141079,9780.0,0.0
6798.075055806,9780.0,0.0
6798.081776074,9780.0,0.0
6798.092400304,9780.0,0.0
6798.104653768,9780.0,0.0
6798.113610431,9780.0,0.0
6798.123680416,9780.0,0.0
6798.134221063,9780.0,0.0
6798.143064894,9780.0,0.0
6798.154559282,9780.0,0.0
6798.172695439,9780.0,0.0
6798.175938157,9780.0,0.0
6798.183491334,9780.0,0.0
6798.194339061,9780.0,0.0
6798.205351621,9780.0,0.0
6798.214437616,9780.0,0.0
6798.224758598,9780.0,0.0
6798.242371844,9780.0,0.0
6798.245412564,9780.0,0.0
6798.255622131,9780.0,0.0
6798.266134612,9780.0,0.0
6798.275210190,9780.0,0.0
6798.285486924,9780.0,0.0
6798.297226809,9780.0,0.0
6798.306624968,9780.0,0.0
6798.320470583,9780.0,0.0
6798.331166896,9780.0,0.0
6798.340366056,9780.0,0.0
6798.350598456,9780.0,0.0
6798.360983522,9780.0,0.0
6798.375690629,9780.0,0.0
6798.381024910,9780.0,0.0
6798.391330810,9780.0,0.0
6798.402427118,9780.0,0.0
6798.411983692,9780.0,0.0
6798.423574996,9780.0,0.0
6798.433559065,9780.0,0.0
6798.441821068,9780.0,0.0
6798.451522140,9780.0,0.0
6798.461567293,9780.0,0.0
6798.472214189,9780.0,0.0
6798.481791679,9780.0,0.0
6798.492098912,9780.0,0.0
6798.505705363,9780.0,0.0
6798.511690138,9780.0,0.0
6798.522786946,9780.0,0.0
6798.531245614,9780.0,0.0
6798.541798345,9780.0,0.0
6798.552388408,9780.0,0.0
6798.562499810,9780.0,0.0
6798.586703157,9780.0,0.0
6798.586885822,9780.0,0.0
6798.593564174,9780.0,0.0
6798.604135821,9780.0,0.0
6798.613338398,9780.0,0.0
6798.623462299,9780.0,0.0
6798.634600524,9780.0,0.0
6798.646323827,9780.0,0.0
6798.653139927,9780.0,0.0
6798.663227579,9780.0,0.0
6798.674170056,9780.0,0.0
6798.683003220,9780.0,0.0
6798.693161037,9780.0,0.0
6798.703476187,9780.0,0.0
6798.713666921,9780.0,0.0
6798.722812665,9780.0,0.0
6798.733777725,9780.0,0.0
6798.744117958,9780.0,0.0
6798.754396358,9780.0,0.0
6798.772133518,9780.0,0.0
6798.777268968,9780.0,0.0
6798.787919448,9780.0,0.0
6798.798250931,9780.0,0.0
6798.807841504,9780.0,0.0
6798.820530131,9780.0,0.0
6798.831402775,9780.0,0.0
6798.843531073,9780.0,0.0
6798.854743547,9780.0,0.0
6798.864749533,9780.0,0.0
6798.874914184,9780.0,0.0
6798.883487684,9780.0,0.0
6798.895675899,9780.0,0.0
6798.907214370,9780.0,0.0
6798.915728037,9780.0,0.0
6798.924963447,9780.0,0.0
6798.935956590,9780.0,0.0
6798.945817994,9780.0,0.0
6798.955709814,9780.0,0.0
6798.970891083,9780.0,0.0
6798.976732193,9780.0,0.0
6798.986309100,9780.0,0.0
6798.997112494,9780.0,0.0
6799.007284562,9780.0,0.0
6799.017138216,9780.0,0.0
6799.027861695,9780.0,0.0
6799.042501386,9780.0,0.0
6799.050039562,9780.0,0.0
6799.060064215,9780.0,0.0
6799.069786287,9780.0,0.0
6799.079524692,9780.0,0.0
6799.089918174,9780.0,0.0
6799.099158667,9780.0,0.0
6799.109768064,9780.0,0.0
6799.120284295,9780.0,0.0
6799.130098033,9780.0,0.0
6799.140556514,9780.0,0.0
6799.151543241,9780.0,0.0
6799.160587069,9780.0,0.0
6799.171504630,9780.0,0.0
6799.180256378,9780.0,0.0
6799.190412446,9780.0,0.0
6799.201159008,9780.0,0.0
6799.211430908,9780.0,0.0
6799.220576485,9780.0,0.0
6799.231393796,9780.0,0.0
6799.244037757,9780.0,0.0
6799.252154511,9780.0,0.0
6799.262490910,9780.0,0.0
6799.273246472,9780.0,0.0
6799.282632881,9780.0,0.0
6799.294459182,9780.0,0.0
6799.306229484,9780.0,0.0
6799.314942733,9780.0,0.0
6799.323282818,9780.0,0.0
6799.333562552,9780.0,0.0
6799.343977034,9780.0,0.0
6799.353801271,9780.0,0.0
6799.370393193,9780.0,0.0
6799.374501653,9780.0,0.0
6799.384925635,9780.0,0.0
6799.394309460,9780.0,0.0
6799.404419612,9780.0,0.0
6799.414801427,9780.0,0.0
6799.424371501,9780.0,0.0
6799.436861962,9780.0,0.0
6799.448066603,9780.0,0.0
6799.457356346,9780.0,0.0
6799.468328906,9780.0,0.0
6799.477577066,9780.0,0.0
6799.487154973,9780.0,0.0
6799.497299374,9780.0,0.0
6799.507685106,9780.0,0.0
6799.518014256,9780.0,0.0
6799.527459830,9780.0,0.0
6799.537850979,9780.0,0.0
6799.546984973,9780.0,0.0
6799.557159958,9780.0,0.0
6799.567361025,9780.0,0.0
6799.658537971,9780.0,0.0
6799.658566887,10580.0,0.0
6799.668887870,10580.0,0.0
6799.678475110,10580.0,0.0
6799.689631834,10580.0,0.0
6799.700275064,10580.0,0.0
6799.713985181,10580.0,0.0
6799.724193915,10580.0,0.0
6799.729610112,10580.0,0.0
6799.740354091,10580.0,0.0
6799.749758749,10580.0,0.0
6799.759735485,10580.0,0.0
6799.770769544,10580.0,0.0
6799.781041778,10580.0,0.0
6799.790016274,10580.0,0.0
6799.800271340,10580.0,0.0
6799.810383575,10580.0,0.0
6799.820644892,10580.0,0.0
6799.831523786,10580.0,0.0
6799.840095869,10580.0,0.0
6799.850269354,10580.0,0.0
6799.860578837,10580.0,0.0
6799.871422898,10580.0,0.0
6799.881044221,10580.0,0.0
6799.893593515,10580.0,0.0
6799.901636437,10580.0,0.0
6799.910033188,10580.0,0.0
6799.921653909,10580.0,0.0
6799.930716904,10580.0,0.0
6799.941058553,10580.0,0.0
6799.951417369,10075.0,0.0
6799.961863517,10075.0,0.0
6799.989324500,10075.0,0.0
6799.989354583,10075.0,0.0
6799.992542552,10075.0,0.0
6800.003345696,10075.0,0.0
6800.013617596,10075.0,0.0
6800.022916256,10075.0,0.0
6800.033315988,10075.0,0.0
6800.043238475,10075.0,0.0
6800.054047119,10075.0,0.0
6800.063703525,10075.0,0.0
6800.074523253,10075.0,0.0
6800.083413417,10075.0,0.0
6800.093867315,10075.0,0.0
6800.105592867,10075.0,0.0
6800.116678759,10075.0,0.0
6800.125769254,10075.0,0.0
6800.135360161,10075.0,0.0
6800.145769476,10075.0,0.0
6800.155231384,10075.0,0.0
6800.165688032,10075.0,0.0
6800.176390511,10075.0,0.0
6800.185330341,10075.0,0.0
6800.195528492,10075.0,0.0
6800.206256554,10075.0,0.0
6800.215467048,10075.0,0.0
6800.225933946,10075.0,0.0
6800.236934589,10075.0,0.0
6800.248238645,10075.0,0.0
6800.256720729,10075.0,0.0
6800.265746058,10075.0,0.0
6800.275775294,10075.0,0.0
6800.285791779,10075.0,0.0
6800.301141380,10075.0,0.0
6800.309288134,10075.0,0.0
6800.319703616,10075.0,0.0
6800.329742268,10075.0,0.0
6800.339548756,10075.0,0.0
6800.350570065,10075.0,0.0
6800.365951166,10075.0,0.0
6800.371576027,10075.0,0.0
6800.380738522,10075.0,0.0
6800.390841673,10075.0,0.0
6800.401468653,10075.0,0.0
6800.411781719,10075.0,0.0
6800.421680123,10075.0,0.0
6800.432072855,10075.0,0.0
6800.442729668,10075.0,0.0
6800.453243649,10075.0,0.0
6800.462918221,10075.0,0.0
6800.472621627,10075.0,0.0
6800.482911193,10075.0,0.0
6800.493719505,10075.0,0.0
6800.503603159,10075.0,0.0
6800.512691070,10075.0,0.0
6800.522833388,10075.0,0.0
6800.532056048,10075.0,0.0
6800.542125367,10075.0,0.0
6800.552306184,10075.0,0.0
6800.563129746,10075.0,0.0
6800.573214481,10075.0,0.0
6800.582292142,10075.0,0.0
6800.592767457,10075.0,0.0
6800.602736027,10075.0,0.0
6800.611989520,10075.0,0.0
6800.622375835,10075.0,0.0
6800.633234396,10075.0,0.0
6800.642237392,10075.0,0.0
6800.652385543,10075.0,0.0
6800.662649360,10075.0,0.0
6800.673640670,10075.0,0.0
6800.682334502,10075.0,0.0
6800.698209264,10075.0,0.0
6800.707576172,10075.0,0.0
6800.718501899,10075.0,0.0
6800.727595644,10075.0,0.0
6800.738394372,10075.0,0.0
6800.748844771,10075.0,0.0
6800.758627842,10075.0,0.0
6800.771792464,10075.0,0.0
6800.779840052,10075.0,0.0
6800.790067869,10075.0,0.0
6800.799984606,10075.0,0.0
6800.810375505,10075.0,0.0
6800.820243909,10075.0,0.0
6800.830189812,10075.0,0.0
6800.843697347,10075.0,0.0
6800.850885944,10075.0,0.0
6800.859981272,10075.0,0.0
6800.870368671,10075.0,0.0
6800.880646404,10075.0,0.0
6800.891191384,10075.0,0.0
6800.904103842,10075.0,0.0
6800.912524927,10075.0,0.0
6800.922576746,10075.0,0.0
6800.932865395,10075.0,0.0
6800.942611550,10075.0,0.0
6800.952699452,10075.0,0.0
6800.963058185,10075.0,0.0
6800.976612553,10075.0,0.0
6800.983852982,10075.0,0.0
6800.994620294,10075.0,0.0
6801.003130128,10075.0,0.0
6801.013208363,10075.0,0.0
6801.024880166,10075.0,0.0
6801.033097919,10075.0,0.0
6801.043278237,10075.0,0.0
6801.054417628,10075.0,0.0
6801.063831787,10075.0,0.0
6801.073083613,10075.0,0.0
6801.083313180,10075.0,0.0
6801.093566747,10075.0,0.0
6801.103913063,10075.0,0.0
6801.113191639,10075.0,0.0
6801.123229125,10075.0,0.0
6801.134248768,10075.0,0.0
6801.143568677,10075.0,0.0
6801.153793411,10075.0,0.0
6801.167557277,10075.0,0.0
6801.177439014,10075.0,0.0
6801.186794089,10075.0,0.0
6801.195981500,10075.0,0.0
6801.206859311,10075.0,0.0
6801.216919879,10075.0,0.0
6801.226493620,10075.0,0.0
6801.247671497,10075.0,0.0
6801.253556773,10075.0,0.0
6801.258462892,10075.0,0.0
6801.269185120,10075.0,0.0
6801.278393614,10075.0,0.0
6801.289159759,10075.0,0.0
6801.305802347,10075.0,0.0
6801.313281108,10075.0,0.0
6801.322892348,10075.0,0.0
6801.332460504,10075.0,0.0
6801.341942412,10075.0,0.0
6801.352278895,10075.0,0.0
6801.363075206,10075.0,0.0
6801.372223867,10075.0,0.0
6801.382638766,10075.0,0.0
6801.393539243,10075.0,0.0
6801.401897995,10075.0,0.0
6801.412576224,10075.0,0.0
6801.422489044,10075.0,0.0
6801.432829360,10075.0,0.0
6801.441908022,10075.0,0.0
6801.452271504,10075.0,0.0
6801.462497405,10075.0,0.0
6801.472958553,10075.0,0.0
6801.482722875,10075.0,0.0
6801.493171773,10075.0,0.0
6801.504214165,10075.0,0.0
6801.513241994,10075.0,0.0
6801.523182981,10075.0,0.0
6801.533383548,10075.0,0.0
6801.543812280,10075.0,0.0
6801.554223845,10075.0,0.0
6801.571290429,10075.0,0.0
6801.575378722,10075.0,0.0
6801.584267886,10075.0,0.0
6801.594651451,10075.0,0.0
6801.605065183,10075.0,0.0
6801.614667090,10075.0,0.0
6801.624714492,10075.0,0.0
6801.634247566,10075.0,0.0
6801.645201542,10075.0,0.0
6801.655300027,10075.0,0.0
6801.664049276,10075.0,0.0
6801.674296509,10075.0,0.0
6801.684746907,10075.0,0.0
6801.702593900,10075.0,0.0
6801.707263271,10075.0,0.0
6801.715837688,10075.0,0.0
6801.726116171,10075.0,0.0
6801.736422988,10075.0,0.0
6801.746763137,10075.0,0.0
6801.757019537,10075.0,0.0
6801.770455656,10075.0,0.0
6801.776369599,10075.0,0.0
6801.786590582,10075.0,0.0
6801.796801733,10075.0,0.0
6801.806971551,10075.0,0.0
6801.817630863,10075.0,0.0
6801.828134594,10075.0,0.0
6801.836961425,10075.0,0.0
6801.847677904,10075.0,0.0
6801.857828972,10075.0,0.0
6801.867819791,10075.0,0.0
6801.878347689,10075.0,0.0
6801.888939002,10075.0,0.0
6801.898534409,10075.0,0.0
6801.908845975,10075.0,0.0
6801.918288050,10075.0,0.0
6801.928702782,10075.0,0.0
6801.939219429,10075.0,0.0
6801.948092843,10075.0,0.0
6801.958446409,10075.0,0.0
6801.972448689,10075.0,0.0
6801.978215383,10075.0,0.0
6801.988294535,10075.0,0.0
6801.998877349,10075.0,0.0
6802.008219924,10075.0,0.0
6802.018369242,10075.0,0.0
6802.029295302,10075.0,0.0
6802.039397371,10075.0,0.0
6802.048802529,10075.0,0.0
6802.058298437,10075.0,0.0
6802.068553420,10075.0,0.0
6802.079376315,10075.0,0.0
6802.089303385,10075.0,0.0
6802.112348994,10075.0,0.0
6802.112375660,10075.0,0.0
6802.122714726,10075.0,0.0
6802.131888720,10075.0,0.0
6802.141953372,10075.0,0.0
6802.153700091,10075.0,0.0
6802.168732695,10075.0,0.0
6802.174165475,10075.0,0.0
6802.186126525,10075.0,0.0
6802.195910597,10075.0,0.0
6802.205785750,10075.0,0.0
6802.215286575,10075.0,0.0
6802.225926804,10075.0,0.0
6802.235730709,10075.0,0.0
6802.245641029,10075.0,0.0
6802.256414424,10075.0,0.0
6802.266730240,10075.0,10.0
6802.275103826,10075.0,10.0
6802.285774388,10075.0,10.0
6802.300173331,10075.0,10.0
6802.308220253,10075.0,0.0
6802.316708004,10075.0,0.0
6802.325080339,10075.0,0.0
6802.335473404,10075.0,0.0
6802.345965719,10075.0,0.0
6802.355141463,10075.0,0.0
6802.367683591,10075.0,0.0
6802.378187488,10075.0,0.0
6802.386746405,10075.0,0.0
6802.397077721,10075.0,0.0
6802.407192289,10075.0,0.0
6802.417461356,10075.0,0.0
6802.427750422,10075.0,0.0
6802.438423235,10075.0,0.0
6802.447502563,10075.0,0.0
6802.457626465,10075.0,0.0
6802.467787199,10075.0,0.0
6802.477008276,10075.0,0.0
6802.487751172,10075.0,0.0
6802.497770407,10075.0,0.0
6802.507064150,10075.0,0.0
6802.518233125,10075.0,0.0
6802.528419192,10075.0,0.0
6802.538600593,10075.0,0.0
6802.550790058,10075.0,0.0
6802.559902469,10075.0,0.0
6802.569451126,10075.0,0.0
6802.579869025,10075.0,0.0
6802.589866594,10075.0,0.0
6802.599110587,10075.0,0.0
6802.609375487,10075.0,0.0
6802.619696553,10075.0,0.0
6802.632632761,10075.0,0.0
6802.640589600,10075.0,0.0
6802.650514420,10075.0,0.0
6802.660664905,10075.0,0.0
6802.671441800,10075.0,0.0
6802.681730949,10075.0,10.0
6802.693658000,10075.0,10.0
6802.704440145,10075.0,10.0
6802.712932396,10075.0,10.0
6802.722343554,10075.0,10.0
6802.733440029,10075.0,0.0
6802.743615430,10075.0,0.0
6802.754634906,10075.0,0.0
6802.765439051,10075.0,0.0
6802.775479703,10075.0,0.0
6802.786387680,10075.0,0.0
6802.795246011,10075.0,0.0
6802.805459828,10075.0,0.0
6802.815610646,10075.0,0.0
6802.826483457,10075.0,0.0
6802.836486526,10075.0,0.0
6802.846562511,10075.0,0.0
6802.857063825,10075.0,0.0
6802.867093144,10075.0,0.0
6802.877314378,10075.0,0.0
6802.887809609,10075.0,0.0
6802.897288684,10075.0,0.0
6802.907112671,10075.0,0.0
6802.918041482,10075.0,0.0
6802.927887136,10075.0,0.0
6802.937492209,10075.0,0.0
6802.949347677,10075.0,0.0
6802.957971760,10075.0,0.0
6802.970508804,10075.0,0.0
6802.977793733,10075.0,0.0
6802.988243798,10075.0,0.0
6802.997458875,10075.0,0.0
6803.008439435,10075.0,0.0
6803.018905166,10075.0,0.0
6803.028386324,10075.0,0.0
6803.040906702,10075.0,0.0
6803.050905021,10075.0,0.0
6803.060707593,10075.0,0.0
6803.070661496,10075.0,0.0
6803.080498983,10075.0,0.0
6803.090969548,10075.0,0.0
6803.100167375,10075.0,0.0
6803.110612523,10075.0,0.0
6803.120640092,10075.0,0.0
6803.130796410,10075.0,0.0
6803.141856719,10075.0,0.0
6803.150549801,10075.0,0.0
6803.163300427,10075.0,0.0
6803.173551910,10075.0,0.0
6803.182857320,10075.0,0.0
6803.190980157,10075.0,10.0
6803.200457732,10075.0,10.0
6803.210730215,10075.0,0.0
6803.220899283,10075.0,0.0
6803.230824853,10075.0,0.0
6803.246747698,10075.0,0.0
6803.256213689,10075.0,0.0
6803.265195351,10075.0,0.0
6803.275815498,10075.0,0.0
6803.286049898,10075.0,0.0
6803.295623722,10075.0,0.0
6803.308306765,10075.0,0.0
6803.315160781,10075.0,0.0
6803.325581097,10075.0,0.0
6803.335625082,10075.0,0.0
6803.345739067,10075.0,0.0
6803.355457889,10075.0,0.0
6803.365275960,10075.0,0.0
6803.375473861,10075.0,0.0
6803.386354672,10075.0,0.0
6803.395653748,10075.0,0.0
6803.406086146,10075.0,0.0
6803.415854301,10075.0,0.0
6803.424981462,10075.0,0.0
6803.435109197,10075.0,0.0
6803.445482346,10075.0,0.0
6803.456191658,10075.0,0.0
6803.465166654,10075.0,0.0
6803.475386555,10075.0,0.0
6803.485941035,10075.0,0.0
6803.499067407,10075.0,0.0
6803.505126515,10075.0,0.0
6803.515317166,10075.0,0.0
6803.525479900,10075.0,0.0
6803.539790178,10075.0,0.0
6803.551413731,10075.0,0.0
6803.560135646,10075.0,0.0
6803.571079290,10075.0,0.0
6803.581552521,10075.0,0.0
6803.589507193,10075.0,0.0
6803.599671011,10075.0,0.0
6803.610263075,10075.0,0.0
6803.620528891,10075.0,10.0
6803.631340369,10075.0,10.0
6803.640594613,10075.0,10.0
6803.650803180,10075.0,10.0
6803.660901748,10075.0,10.0
6803.671515978,10075.0,10.0
6803.681591047,10075.0,10.0
6803.704661072,10075.0,0.0
6803.708144205,10075.0,0.0
6803.718233523,10075.0,0.0
6803.727372434,10075.0,0.0
6803.737473503,10075.0,0.0
6803.748045983,10075.0,0.0
6803.758245050,10075.0,0.0
6803.768620449,10075.0,0.0
6803.779071181,10075.0,0.0
6803.789514913,10075.0,0.0
6803.799565565,10075.0,0.0
6803.809796798,10075.0,0.0
6803.819053708,10075.0,0.0
6803.829439440,10075.0,0.0
6803.840427917,10075.0,0.0
6803.852192802,10075.0,0.0
6803.862439952,10075.0,0.0
6803.872964683,10075.0,0.0
6803.883447831,10075.0,0.0
6803.895836377,10075.0,0.0
6803.904212212,10075.0,0.0
6803.914592111,10075.0,0.0
6803.924478682,10075.0,0.0
6803.935388492,10075.0,0.0
6803.945736391,10075.0,0.0
6803.956023791,10075.0,0.0
6803.969144080,10075.0,0.0
6803.976048346,10075.0,0.0
6803.985718502,10075.0,0.0
6803.996215316,10075.0,0.0
6804.006786797,10075.0,0.0
6804.016801699,10075.0,0.0
6804.026184691,10075.0,0.0
6804.039609644,10075.0,0.0
6804.048227810,10075.0,0.0
6804.058452627,10075.0,0.0
6804.068721610,10075.0,0.0
6804.077888271,10075.0,0.0
6804.088205421,10075.0,0.0
6804.098845400,10075.0,0.0
6804.110103291,10075.0,0.0
6804.119610865,10075.0,0.0
6804.128707193,10075.0,0.0
6804.137980686,10075.0,0.0
6804.148300419,10075.0,0.0
6804.158456653,10075.0,0.0
6804.168905218,10075.0,0.0
6804.178013880,10075.0,0.0
6804.189165521,10075.0,0.0
6804.198770677,10075.0,0.0
6804.208881579,10075.0,0.0
6804.218529985,10075.0,0.0
6804.232134519,10075.0,0.0
6804.238925120,10075.0,0.0
6804.249815514,10075.0,0.0
6804.258331098,10075.0,0.0
6804.269034243,10075.0,0.0
6804.278200071,10075.0,0.0
6804.288542803,10075.0,0.0
6804.301542427,10075.0,0.0
6804.309414767,10075.0,0.0
6804.319517668,10075.0,0.0
6804.330340980,10075.0,0.0
6804.339676639,10075.0,0.0
6804.349633625,10075.0,0.0
6804.364330982,10075.0,0.0
6804.373579642,10075.0,0.0
6804.382160642,10075.0,0.0
6804.392367292,10075.0,0.0
6804.402627192,10075.0,0.0
6804.412773677,10075.0,0.0
6804.423670904,10075.0,0.0
6804.434462466,10075.0,0.0
6804.443515961,10075.0,0.0
6804.453681945,10075.0,0.0
6804.463881179,10075.0,0.0
6804.474089997,10075.0,0.0
6804.484386230,10075.0,0.0
6804.494619213,10075.0,0.0
6804.505388025,10075.0,0.0
6804.515782341,10075.0,0.0
6804.526301738,10075.0,0.0
6804.535662314,10075.0,0.0
6804.545991796,10075.0,0.0
6804.555694452,10075.0,0.0
6804.568228747,10075.0,0.0
6804.577254159,10075.0,0.0
6804.585595494,10075.0,0.0
6804.596129142,10075.0,0.0
6804.605744131,10075.0,0.0
6804.615766700,10075.0,0.0
6804.626157266,10075.0,0.0
6804.636586748,10075.0,0.0
6804.649734620,10075.0,0.0
6804.655976392,10075.0,0.0
6804.666415374,10075.0,0.0
6804.676947355,10075.0,0.0
6804.686260597,10075.0,0.0
6804.699463552,10075.0,0.0
6804.706103321,10075.0,0.0
6804.716490553,10075.0,0.0
6804.726907785,10075.0,0.0
6804.736057529,10075.0,0.0
6804.746938840,10075.0,0.0
6804.757150490,10075.0,0.0
6804.773126418,10075.0,0.0
6804.779807020,10075.0,0.0
6804.789257761,10075.0,0.0
6804.799205248,10075.0,0.0
6804.809648062,10075.0,0.0
6804.819891379,10075.0,0.0
6804.829465953,10075.0,0.0
6804.839418606,10075.0,0.0
6804.850072919,10075.0,0.0
6804.859588326,10075.0,0.0
6804.869574229,10075.0,0.0
6804.880531706,10075.0,0.0
6804.890513608,10075.0,0.0
6804.900814591,10075.0,0.0
6804.910674579,10075.0,0.0
6804.921511057,10075.0,0.0
6804.931502209,10075.0,0.0
6804.941832359,10075.0,0.0
6804.951433349,10075.0,0.0
6804.964359973,10075.0,0.0
6804.972016981,10075.0,0.0
6804.981669554,10075.0,0.0
6804.991388793,10075.0,0.0
6805.002943847,10075.0,0.0
6805.011120351,10075.0,0.0
6805.021505250,10075.0,0.0
6805.031695900,10075.0,0.0
6805.041832885,10075.0,0.0
6805.051782371,10075.0,0.0
6805.061572443,10075.0,0.0
6805.071803010,10075.0,0.0
6805.081037253,10075.0,0.0
6805.091487485,10075.0,0.0
6805.101846801,10075.0,0.0
6805.113353189,10075.0,0.0
6805.122188686,10075.0,0.0
6805.132701250,10075.0,0.0
6805.141289833,10075.0,0.0
6805.151448734,10075.0,0.0
6805.161726051,10075.0,0.0
6805.171122043,10075.0,0.0
6805.181344443,10075.0,0.0
6805.191712176,10075.0,0.0
6805.202194157,10075.0,0.0
6805.212168893,10075.0,0.0
6805.222763457,10075.0,0.0
6805.232583611,10075.0,0.0
6805.242356016,10075.0,0.0
6805.252686832,10075.0,0.0
6805.263177480,10075.0,0.0
6805.275120863,10075.0,0.0
6805.284017110,10075.0,0.0
6805.294392342,10075.0,0.0
6805.374673977,10075.0,0.0
6805.384365133,10075.0,0.0
6805.394374702,10075.0,0.0
6805.404943933,10075.0,0.0
6805.414487673,10075.0,0.0
6805.424544158,10075.0,0.0
6805.437337200,10075.0,0.0
6805.641236382,10075.0,0.0
6805.650129378,10075.0,0.0
6805.660256363,10075.0,0.0
6805.670388598,10075.0,0.0
6805.680620915,10075.0,0.0
6805.690818732,10075.0,0.0
6805.700979967,10075.0,0.0
6805.711274116,10075.0,0.0
6805.721630599,10075.0,0.0
6805.731710084,10075.0,0.0
6805.741070160,10075.0,0.0
6805.751347060,10075.0,0.0
6805.761423961,10075.0,0.0
6805.772179523,10075.0,0.0
6805.782773837,10075.0,0.0
6805.791975997,10075.0,0.0
6805.802628644,10075.0,0.0
6805.812793295,10075.0,0.0
6805.822034121,10075.0,0.0
6805.837959216,10075.0,0.0
6805.843211832,10075.0,0.0
6806.109734736,10075.0,0.0
6806.119849555,10075.0,0.0
6806.129133214,10075.0,0.0
6806.139400364,10075.0,0.0
6806.150300508,10075.0,0.0
6806.159302337,10075.0,0.0
6806.174290691,10075.0,0.0
6806.183738016,10075.0,0.0
6806.573220640,10075.0,0.0
6806.576493191,10075.0,0.0
6806.585927266,10075.0,0.0
6806.597718901,10075.0,0.0
6806.608130217,10075.0,0.0
6806.618645864,10075.0,0.0
6806.633432804,10075.0,0.0
6806.640160488,10075.0,0.0
6807.057138345,10075.0,0.0
6807.236636597,10075.0,0.0
6807.246916080,10075.0,0.0
6807.256253156,10075.0,0.0
6807.266411640,10075.0,0.0
6807.276664790,10075.0,0.0
6807.287140522,10075.0,0.0
6807.296586430,10075.0,10.0
6807.308680895,10075.0,10.0
6807.722879529,10075.0,0.0
6807.733015930,10075.0,0.0
6807.743196414,10075.0,0.0
6807.753428065,10075.0,0.0
6807.766314022,10075.0,0.0
6807.773322621,10075.0,0.0
6808.047671366,10075.0,0.0
6808.057887267,10075.0,0.0
6808.068374998,10075.0,0.0
6808.078629648,10075.0,0.0
6808.088882131,10075.0,0.0
6808.098226124,10075.0,0.0
6808.109861677,10075.0,0.0
6808.312616870,10075.0,0.0
6808.321857946,10075.0,0.0
6808.331024774,10075.0,0.0
6808.341184008,10075.0,0.0
6808.351795155,10075.0,0.0
6808.361605893,10075.0,0.0
6808.371467047,10075.0,0.0
6808.382818436,10075.0,0.0
6808.392394926,10075.0,0.0
6808.402587744,10075.0,0.0
6808.413684802,10075.0,0.0
6808.422239552,10075.0,0.0
6808.432408036,10075.0,0.0
6808.442791852,10075.0,0.0
6808.451936680,10075.0,0.0
6808.462497493,10075.0,0.0
6808.472913309,10075.0,0.0
6808.482075803,10075.0,0.0
6808.492499868,10075.0,0.0
6808.503807508,10075.0,0.0
6808.922523681,10075.0,0.0
6808.932738165,10075.0,0.0
6808.943153896,10075.0,0.0
6808.953309881,10075.0,0.0
6808.967185079,10075.0,0.0
6808.975594914,10075.0,0.0
6809.258419243,10075.0,0.0
6809.268987557,10075.0,0.0
6809.279252457,10075.0,0.0
6809.288708532,10075.0,0.0
6809.298204939,10075.0,0.0
6809.308482589,10075.0,0.0
6809.320155976,10075.0,0.0
6809.380137141,10075.0,0.0
6809.390598706,10075.0,0.0
6809.401914179,10075.0,0.0
6809.410245932,10075.0,0.0
6809.420829495,10075.0,0.0
6809.436604925,10075.0,0.0
6809.443755355,10075.0,0.0
6809.722076729,10075.0,0.0
6809.733275536,10075.0,0.0
6809.742570029,10075.0,0.0
6809.752873429,10075.0,0.0
6809.762252671,10075.0,0.0
6809.777546605,10075.0,0.0
6809.913616863,10075.0,0.0
6809.923797181,10075.0,0.0
6809.933363588,10075.0,0.0
6809.943645154,10075.0,0.0
6809.953863055,10075.0,0.0
6809.968558578,10075.0,0.0
6810.237679958,10075.0,0.0
6810.242621243,10075.0,0.0
6810.252131901,10075.0,0.0
6810.262805630,10075.0,0.0
6810.272507702,10075.0,0.0
6810.283021433,10075.0,0.0
6810.292357009,10075.0,0.0
6810.303180070,10075.0,0.0
6810.313216722,10075.0,0.0
6810.509832641,10075.0,0.0
6810.516242412,10075.0,0.0
6810.526522645,10075.0,0.0
6810.537640787,10075.0,0.0
6810.547913520,10075.0,0.0
6810.557257596,10075.0,0.0
6810.571436958,10075.0,0.0
6810.578156143,10075.0,-10.0
6811.125374064,10075.0,-10.0
6811.317005448,10075.0,0.0
6811.327791843,10075.0,0.0
6811.338014577,10075.0,0.0
6811.347159405,10075.0,0.0
6811.357729885,10075.0,0.0
6811.372802322,10075.0,0.0
6811.982364136,10075.0,0.0
6811.994339936,10075.0,0.0
6812.001953445,10075.0,0.0
6812.012705007,10075.0,0.0
6812.022606744,10075.0,0.0
6812.032716146,10075.0,0.0
6812.042211970,10075.0,0.0
6812.052393621,10075.0,0.0
6812.062818269,10075.0,0.0
6812.072356843,10075.0,0.0
6812.082756408,10075.0,0.0
6812.093412055,10075.0,0.0
6812.103290542,10075.0,0.0
6812.115564589,10075.0,0.0
6812.125838989,10075.0,0.0
6812.135316897,10075.0,0.0
6812.145506464,10075.0,0.0
6812.155746948,10075.0,0.0
6812.166363511,10075.0,0.0
6812.579215574,10075.0,0.0
6812.589435225,10075.0,0.0
6812.599675625,10075.0,0.0
6812.611573093,10075.0,0.0
6812.619876178,10075.0,10.0
6812.632266224,10075.0,10.0
6812.639934733,10075.0,10.0
6812.775277749,10075.0,0.0
6812.780424115,10075.0,0.0
6812.791373425,10075.0,0.0
6812.800582169,10075.0,0.0
6812.811218399,10075.0,0.0
6812.820523391,10075.0,0.0
6812.839178543,10075.0,0.0
6812.844430575,10075.0,0.0
6813.065416257,10075.0,0.0
6813.074900081,10075.0,0.0
6813.086713633,10075.0,0.0
6813.095418631,10075.0,0.0
6813.106051361,10075.0,0.0
6813.115477519,10075.0,0.0
6813.125150675,10075.0,0.0
6813.188789222,10075.0,0.0
6813.199885531,10075.0,0.0
6813.210004015,10075.0,0.0
6813.219109177,10075.0,0.0
6813.231130143,10075.0,0.0
6813.238682403,10075.0,0.0
6813.254950411,10075.0,0.0
6813.270570009,10075.0,0.0
6813.270792257,10075.0,0.0
6813.443733823,10075.0,0.0
6813.453911390,10075.0,0.0
6813.464158541,10075.0,0.0
6813.474440857,10075.0,0.0
6813.485064170,10075.0,0.0
6813.494302664,10075.0,0.0
6813.504420399,10075.0,0.0
6813.515955120,10075.0,0.0
6813.525842273,10075.0,0.0
6813.917410794,10075.0,0.0
6813.990230751,10075.0,0.0
6814.000791315,10075.0,0.0
6814.009938810,10075.0,0.0
6814.021942359,10075.0,0.0
6814.031228269,10075.0,0.0
6814.042795823,10075.0,0.0
6814.313694268,10075.0,0.0
6814.326067481,10075.0,0.0
6814.334086653,10075.0,0.0
6814.344457552,10075.0,0.0
6814.356523935,10075.0,0.0
6814.366735335,10075.0,0.0
6814.378196807,10075.0,0.0
6814.446956304,10075.0,0.0
6814.457255621,10075.0,0.0
6814.467187357,10075.0,0.0
6814.477448757,10075.0,0.0
6814.488331651,10075.0,0.0
6814.497714977,10075.0,0.0
6814.508037459,10075.0,0.0
6814.518929437,10075.0,0.0
6814.527383604,10075.0,0.0
6814.537837669,10075.0,0.0
6814.548192402,10075.0,0.0
6814.558462052,10075.0,0.0
6814.568353789,10075.0,0.0
6814.579574346,10075.0,0.0
6814.588194346,10075.0,0.0
6814.599311904,10075.0,0.0
6814.609299140,10075.0,0.0
6814.620195451,10075.0,0.0
6814.634132898,10075.0,0.0
6814.640873333,10075.0,0.0
6814.777192089,10075.0,0.0
6814.846098918,10075.0,0.0
6814.856621398,10075.0,0.0
6814.867139379,10075.0,0.0
6814.878635184,10075.0,0.0
6814.887714596,10075.0,0.0
6814.901461462,10075.0,0.0
6815.052099828,10075.0,10.0
6815.062749808,10075.0,0.0
6815.072843293,10075.0,0.0
6815.082355200,10075.0,0.0
6815.094023670,10075.0,0.0
6815.102700669,10075.0,0.0
6815.112500407,10075.0,0.0
6815.123175553,10075.0,0.0
6815.133298871,10075.0,0.0
6815.143061943,10075.0,0.0
6815.154424332,10075.0,0.0
6815.164757898,10075.0,0.0
6815.173643395,10075.0,0.0
6815.183777629,10075.0,0.0
6815.194710106,10075.0,0.0
6815.204921840,10075.0,0.0
6815.215180407,10075.0,0.0
6815.224506400,10075.0,0.0
6815.235402627,10075.0,0.0
6815.245907941,10075.0,0.0
6815.651284244,10075.0,0.0
6815.658244843,10075.0,0.0
6815.671417714,10075.0,0.0
6815.679793883,10075.0,0.0
6815.689888118,10075.0,0.0
6815.699178861,10075.0,0.0
6815.710192670,10075.0,0.0
6816.114958979,10075.0,0.0
6816.124604218,10075.0,0.0
6816.135272364,10075.0,0.0
6816.144774105,10075.0,0.0
6816.155031172,10075.0,0.0
6816.168831371,10075.0,0.0
6816.176036968,10075.0,0.0
6816.242336072,10075.0,0.0
6816.244646883,10075.0,0.0
6816.254965199,10075.0,0.0
6816.264162443,10075.0,0.0
6816.274358010,10075.0,0.0
6816.284719909,10075.0,0.0
6816.295094225,10075.0,0.0
6816.304457717,10075.0,0.0
6816.314830699,10075.0,0.0
6816.324442356,10075.0,0.0
6816.334487091,10075.0,0.0
6816.344666909,10075.0,0.0
6816.355086557,10075.0,0.0
6816.364193552,10075.0,0.0
6816.378081750,10075.0,0.0
6816.448309816,10075.0,0.0
6816.457795974,10075.0,0.0
6816.467688711,10075.0,0.0
6816.478118776,10075.0,0.0
6816.487213187,10075.0,0.0
6816.510231880,10075.0,0.0
6816.510269713,10075.0,0.0
6816.787235516,10075.0,0.0
6816.797321251,10075.0,0.0
6816.807593651,10075.0,0.0
6816.817954884,10075.0,0.0
6816.828590863,10075.0,0.0
6816.918250990,10075.0,0.0
6816.928954969,10075.0,0.0
6816.939375451,10075.0,0.0
6816.948555945,10075.0,0.0
6816.958799762,10075.0,0.0
6816.970062652,10075.0,0.0
6816.980056472,10075.0,0.0
6817.525147747,10075.0,-10.0
6817.535669395,10075.0,-10.0
6817.545793963,10075.0,-10.0
6817.555090789,10075.0,-10.0
6817.572081874,10075.0,-10.0
6817.575649172,10075.0,-10.0
6818.240798362,10075.0,0.0
6818.250502601,10075.0,0.0
6818.260480671,10075.0,0.0
6818.270956735,10075.0,0.0
6818.280466559,10075.0,0.0
6818.290551044,10075.0,0.0
6818.302882341,10075.0,0.0
6818.310159937,10075.0,0.0
6818.714548416,10075.0,0.0
6818.724605318,10075.0,10.0
6818.736805199,10075.0,10.0
6818.745268950,10075.0,10.0
6818.756506924,10075.0,10.0
6818.771863024,10075.0,10.0
6818.776187232,10075.0,10.0
6818.856333119,10075.0,0.0
6818.867135347,10075.0,0.0
6818.877130666,10075.0,0.0
6818.886372076,10075.0,0.0
6818.896460895,10075.0,0.0
6818.908574027,10075.0,0.0
6819.251860517,10075.0,0.0
6819.261049178,10075.0,0.0
6819.272408650,10075.0,0.0
6819.281838892,10075.0,0.0
6819.291555464,10075.0,0.0
6819.305243997,10075.0,0.0
6819.518961500,10075.0,0.0
6819.529314149,10075.0,0.0
6819.539683465,10075.0,0.0
6819.550104530,10075.0,0.0
6819.560477679,10075.0,0.0
6819.573302387,10075.0,0.0
6819.782232353,10075.0,0.0
6819.792465753,10075.0,0.0
6819.803111816,10075.0,0.0
6819.813869961,10075.0,0.0
6819.823111288,10075.0,0.0
6819.833019358,10075.0,0.0
6820.182189458,10075.0,0.0
6820.192463358,10075.0,0.0
6820.204069495,10075.0,-10.0
6820.213056741,10075.0,-10.0
6820.223191559,10075.0,-10.0
6820.238571159,10075.0,-10.0
6820.713562534,10075.0,0.0
6820.723722602,10075.0,0.0
6820.733241842,10075.0,0.0
6820.743785490,10075.0,0.0
6820.754026890,10075.0,0.0
6820.764326790,10075.0,0.0
6820.776071842,10075.0,0.0
6820.914169997,10075.0,0.0
6820.924358815,10075.0,0.0
6820.934615882,10075.0,0.0
6820.944125372,10075.0,0.0
6820.954387772,10075.0,0.0
6820.964662256,10075.0,0.0
6820.974754491,10075.0,0.0
6820.984560229,10075.0,0.0
6820.994972627,10075.0,0.0
6821.004966863,10075.0,0.0
6821.015436261,10075.0,0.0
6821.028141971,10075.0,0.0
6821.038474704,10075.0,0.0
6821.051554576,10075.0,0.0
6821.057479769,10075.0,0.0
6821.067534421,10075.0,0.0
6821.077315742,10075.0,0.0
6821.087676975,10075.0,0.0
6821.098573368,10075.0,0.0
6821.445501990,10075.0,0.0
6821.453796910,10075.0,0.0
6821.463720896,10075.0,0.0
6821.474535708,10075.0,0.0
6821.483634452,10075.0,0.0
6821.500889701,10075.0,0.0
6821.504839246,10075.0,0.0
6821.513756909,10075.0,0.0
6821.642328574,10075.0,0.0
6821.643419063,10075.0,0.0
6821.653636130,10075.0,0.0
6821.663872947,10075.0,0.0
6821.673495187,10075.0,0.0
6821.683605588,10075.0,0.0
6821.693980071,10075.0,0.0
6821.706245451,10075.0,0.0
6821.715380029,10075.0,0.0
6821.723901613,10075.0,0.0
6821.733154189,10075.0,0.0
6821.743441923,10075.0,0.0
6821.753779905,10075.0,0.0
6821.767924017,10075.0,0.0
6821.916890400,10075.0,0.0
6821.918778882,10075.0,0.0
6821.928247040,10075.0,0.0
6821.938419441,10075.0,0.0
6821.948696591,10075.0,0.0
6821.959038157,10075.0,0.0
6821.970068466,10075.0,0.0
6822.453137179,10075.0,0.0
6822.463204997,10075.0,0.0
6822.473429481,10075.0,0.0
6822.483751714,10075.0,0.0
6822.495922845,10075.0,0.0
6822.504278347,10075.0,0.0
6823.048451549,10075.0,0.0
6823.058830531,10075.0,0.0
6823.068058358,10075.0,0.0
6823.078642671,10075.0,0.0
6823.089049737,10075.0,0.0
6823.102940935,10075.0,0.0
6823.109816451,10075.0,0.0
6823.648307708,10075.0,0.0
6823.658961854,10075.0,0.0
6823.668239180,10075.0,0.0
6823.678454831,10075.0,0.0
6823.689119393,10075.0,0.0
6823.701381857,10075.0,0.0
6823.709950607,10075.0,0.0
6823.851090566,10075.0,0.0
6823.860671306,10075.0,0.0
6823.871532951,10075.0,0.0
6823.881442604,10075.0,0.0
6823.890347101,10075.0,0.0
6823.901528242,10075.0,0.0
6823.911463978,10075.0,0.0
6823.920435224,10075.0,0.0
6823.984085355,10075.0,0.0
6823.996362902,10075.0,0.0
6824.004271241,10075.0,0.0
6824.013920147,10075.0,0.0
6824.023055058,10075.0,0.0
6824.034174617,10075.0,0.0
6824.047569403,10075.0,0.0
6824.446478352,10075.0,0.0
6824.457053166,10075.0,0.0
6824.466649656,10075.0,0.0
6824.476573142,10075.0,0.0
6824.487118123,10075.0,0.0
6824.497454189,10075.0,0.0
6824.507955754,10075.0,0.0
6824.518749232,10075.0,0.0
6824.527498813,10075.0,0.0
6824.538099043,10075.0,0.0
6824.548343360,10075.0,0.0
6824.558623843,10075.0,0.0
6824.572478209,10075.0,0.0
6824.581658869,10075.0,0.0
6824.587741143,10075.0,0.0
6824.597106885,10075.0,0.0
6824.607341119,10075.0,0.0
6824.618425928,10075.0,0.0
6824.630735058,10075.0,0.0
6824.714158996,10075.0,10.0
6824.721020512,10075.0,10.0
6824.731207330,10075.0,10.0
6824.741601145,10075.0,10.0
6824.751959461,10075.0,10.0
6824.773858581,10075.0,10.0
6824.774031163,10075.0,0.0
6825.254690732,10075.0,0.0
6825.265756875,10075.0,0.0
6825.275262449,10075.0,0.0
6825.285953761,10075.0,0.0
6825.299084383,10075.0,0.0
6825.305710652,10075.0,0.0
6825.842793922,10075.0,0.0
6825.852698909,10075.0,0.0
6825.862726728,10075.0,0.0
6825.872928546,10075.0,0.0
6825.883627358,10075.0,0.0
6825.904316657,10075.0,0.0
6825.904350823,10075.0,0.0
6825.913495817,10075.0,0.0
6826.044389459,10075.0,0.0
6826.054838524,10075.0,0.0
6826.065343839,10075.0,0.0
6826.076357481,10075.0,0.0
6826.086412384,10075.0,0.0
6826.095207131,10075.0,0.0
6826.106162775,10075.0,0.0
6826.187275485,10075.0,0.0
6826.196085149,10075.0,0.0
6826.206878877,10075.0,0.0
6826.216794947,10075.0,0.0
6826.228736914,10075.0,0.0
6826.238217739,10075.0,0.0
6826.643167962,10075.0,0.0
6826.653049699,10075.0,0.0
6826.663350932,10075.0,0.0
6826.673975412,10075.0,0.0
6826.683278822,10075.0,0.0
6826.693518639,10075.0,0.0
6826.705699187,10075.0,0.0
6826.713228363,10075.0,0.0
6826.974174989,10075.0,10.0
6826.978150117,10075.0,0.0
6826.988382184,10075.0,0.0
6827.001340141,10075.0,0.0
6827.007520331,10075.0,0.0
6827.017889147,10075.0,0.0
6827.032437838,10075.0,0.0
6827.381057944,10075.0,0.0
6827.381085360,10075.0,0.0
6827.388102125,10075.0,0.0
6827.397338869,10075.0,0.0
6827.407521436,10075.0,0.0
6827.417743337,10075.0,0.0
6827.438055055,10075.0,0.0
6827.847703233,10075.0,0.0
6827.858575294,10075.0,0.0
6827.867663872,10075.0,0.0
6827.878023188,10075.0,0.0
6827.887855926,10075.0,0.0
6827.906897824,10075.0,0.0
6828.182331808,10075.0,-10.0
6828.193935779,10075.0,-10.0
6828.203093106,10075.0,-10.0
6828.213381339,10075.0,-10.0
6828.224389565,10075.0,-10.0
6828.238351679,10075.0,-10.0
6828.640750094,10075.0,-10.0
6828.650554916,10075.0,-10.0
6828.661111813,10075.0,-10.0
6828.670286724,10075.0,-10.0
6828.680547790,10075.0,-10.0
6828.691063105,10075.0,-10.0
6828.702540493,10075.0,-10.0
6829.048694289,10075.0,0.0
6829.057947449,10075.0,0.0
6829.068495096,10075.0,0.0
6829.078680580,10075.0,0.0
6829.089266894,10075.0,0.0
6829.098847967,10075.0,0.0
6829.108954285,10075.0,0.0
6829.120907169,10075.0,0.0
6829.128285097,10075.0,0.0
6829.139501905,10075.0,0.0
6829.148363902,10075.0,0.0
6829.158297138,10075.0,0.0
6829.168581038,10075.0,0.0
6829.179012520,10075.0,0.0
6829.188318096,10075.0,0.0
6829.199199657,10075.0,0.0
6829.210362965,10075.0,0.0
6829.218450053,10075.0,0.0
6829.228846618,10075.0,0.0
6829.240086509,10075.0,0.0
6829.319482235,10075.0,0.0
6829.329341139,10075.0,0.0
6829.339789704,10075.0,0.0
6829.349062947,10075.0,0.0
6829.365130624,10075.0,0.0
6829.373257378,10075.0,10.0
6829.383495362,10075.0,10.0
6829.639962281,10075.0,0.0
6829.649778353,10075.0,0.0
6829.659620173,10075.0,0.0
6829.670073072,10075.0,0.0
6829.680499887,10075.0,0.0
6829.695606240,10075.0,0.0
6829.703549496,10075.0,0.0
6830.062753748,10075.0,0.0
6830.072501320,10075.0,0.0
6830.082310141,10075.0,0.0
6830.092609707,10075.0,0.0
6830.104223927,10075.0,0.0
6830.112461514,10075.0,0.0
6830.122624665,10075.0,0.0
6830.132587318,10075.0,0.0
6830.142849635,10075.0,0.0
6830.153095868,10075.0,0.0
6830.163428768,10075.0,0.0
6830.176162060,10075.0,0.0
6830.183801819,10075.0,0.0
6830.195397456,10075.0,0.0
6830.204577367,10075.0,0.0
6830.214911100,10075.0,0.0
6830.225574579,10075.0,0.0
6830.641251865,10075.0,0.0
6830.652309841,10075.0,0.0
6830.661509668,10075.0,0.0
6830.671423154,10075.0,0.0
6830.681732054,10075.0,0.0
6830.692152786,10075.0,0.0
6830.702306187,10075.0,0.0
6830.713222914,10075.0,0.0
6830.723033319,10075.0,0.0
6830.732701808,10075.0,0.0
6830.741877302,10075.0,0.0
6830.752260534,10075.0,0.0
6830.762357936,10075.0,0.0
6830.772906833,10075.0,0.0
6830.782014994,10075.0,0.0
6830.792797806,10075.0,0.0
6830.802907124,10075.0,0.0
6830.812014619,10075.0,0.0
6830.823296759,10075.0,0.0
6830.835434224,10075.0,0.0
6831.254386561,10075.0,0.0
6831.264264715,10075.0,0.0
6831.274819612,10075.0,0.0
6831.284853348,10075.0,0.0
6831.295605327,10075.0,0.0
6831.305235733,10075.0,0.0
6831.584108351,10075.0,0.0
6831.594460583,10075.0,0.0
6831.605578392,10075.0,0.0
6831.614250224,10075.0,0.0
6831.624443708,10075.0,0.0
6831.635836180,10075.0,0.0
6831.648944469,10075.0,0.0
6831.655337240,10075.0,0.0
6831.666621297,10075.0,0.0
6831.674983382,10075.0,0.0
6831.685556279,10075.0,0.0
6831.702945693,10075.0,0.0
6831.706432743,10075.0,0.0
6831.715082742,10075.0,0.0
6831.727007459,10075.0,0.0
6831.736015871,10075.0,0.0
6831.745843692,10075.0,0.0
6831.755348017,10075.0,0.0
6831.767944227,10075.0,0.0
6831.776294146,10075.0,0.0
6831.786500297,10075.0,0.0
6831.796432533,10075.0,0.0
6831.806592268,10075.0,0.0
6831.817490995,10075.0,0.0
6831.827048652,10075.0,0.0
6831.838839204,10075.0,0.0
6831.848437193,10075.0,0.0
6831.857268191,10075.0,0.0
6831.867801588,10075.0,0.0
6831.879463808,10075.0,0.0
6831.887429230,10075.0,0.0
6831.898504039,10075.0,0.0
6831.909688430,10075.0,0.0
6831.917173274,10075.0,0.0
6831.927371008,10075.0,0.0
6831.938133653,10075.0,0.0
6831.947105566,10075.0,0.0
6831.957328800,10075.0,0.0
6831.977835183,10075.0,0.0
6831.978139097,10075.0,0.0
6831.987093093,10075.0,0.0
6831.997846655,10075.0,0.0
6832.007880308,10075.0,0.0
6832.017284883,10075.0,0.0
6832.030682919,10075.0,0.0
6832.039191086,10075.0,0.0
6832.048040083,10075.0,0.0
6832.058504065,10075.0,0.0
6832.069015212,10075.0,0.0
6832.078317955,10075.0,0.0
6832.089258765,10075.0,0.0
6832.098931838,10075.0,0.0
6832.108228830,10075.0,0.0
6832.118580063,10075.0,0.0
6832.129252959,10075.0,0.0
6832.139021947,10075.0,0.0
6832.148944267,10075.0,0.0
6832.158437508,10075.0,0.0
6832.175332760,10075.0,0.0
6832.182204943,10075.0,0.0
6832.192413177,10075.0,0.0
6832.202439830,10075.0,0.0
6832.212788646,10075.0,0.0
6832.221980389,10075.0,0.0
6832.232512704,10075.0,0.0
6832.243012018,10075.0,0.0
6832.252035597,10075.0,0.0
6832.262440579,10075.0,0.0
6832.272458731,10075.0,0.0
6832.282588716,10075.0,0.0
6832.293286862,10075.0,0.0
6832.304279171,10075.0,0.0
6832.313597497,10075.0,0.0
6832.323838148,10075.0,0.0
6832.334044715,10075.0,0.0
6832.343956035,10075.0,0.0
6832.354162019,10075.0,0.0
6832.365546575,10075.0,0.0
6832.374969566,10075.0,0.0
6832.384482807,10075.0,0.0
6832.394817540,10075.0,0.0
6832.404960858,10075.0,0.0
6832.414062602,10075.0,0.0
6832.424985746,10075.0,0.0
6832.436245303,10075.0,0.0
6832.444125226,10075.0,0.0
6832.455119119,10075.0,0.0
6832.467039337,10075.0,0.0
6832.474320682,10075.0,0.0
6832.485354075,10075.0,0.0
6832.496524716,10075.0,0.0
6832.504359223,10075.0,0.0
6832.515028869,10075.0,0.0
6832.524802691,10075.0,0.0
6832.533899186,10075.0,0.0
6832.544139836,10075.0,0.0
6832.554716983,10075.0,0.0
6832.564906717,10075.0,0.0
6832.574015462,10075.0,0.0
6832.584317445,10075.0,0.0
6832.594485179,10075.0,0.0
6832.604599747,10075.0,0.0
6832.615297143,10075.0,0.0
6832.625204463,10075.0,0.0
6832.635300365,10075.0,0.0
6832.645453516,10075.0,0.0
6832.655705499,10075.0,0.0
6832.665451238,10075.0,0.0
6832.675660722,10075.0,0.0
6832.685673708,10075.0,0.0
6832.699975735,10075.0,0.0
6832.708364070,10075.0,0.0
6832.716924403,10075.0,0.0
6832.727126554,10075.0,0.0
6832.737855283,10075.0,0.0
6832.747902518,10075.0,0.0
6832.757226428,10075.0,0.0
6832.769884554,10075.0,0.0
6832.778305972,10075.0,0.0
6832.787136136,10075.0,0.0
6832.798813106,10075.0,0.0
6832.807027276,10075.0,0.0
6832.817428841,10075.0,0.0
6832.828342652,10075.0,0.0
6832.837305398,10075.0,0.0
6832.847218801,10075.0,0.0
6832.857983863,10075.0,0.0
6832.867623769,10075.0,0.0
6832.876746514,10075.0,0.0
6832.887480909,10075.0,0.0
6832.899440793,10075.0,0.0
6832.908294290,10075.0,0.0
6832.918838771,10075.0,0.0
6832.929240503,10075.0,0.0
6832.939386987,10075.0,0.0
6832.949637721,10075.0,0.0
6832.958973963,10075.0,0.0
6832.969346029,10075.0,0.0
6832.979497097,10075.0,0.0
6832.989666831,10075.0,0.0
6832.999444069,10075.0,0.0
6833.009846384,10075.0,0.0
6833.019730372,10075.0,0.0
6833.031656589,10075.0,0.0
6833.041016914,10075.0,0.0
6833.050676820,10075.0,0.0
6833.060310976,10075.0,0.0
6833.070860624,10075.0,0.0
6833.080128867,10075.0,0.0
6833.090409683,10075.0,0.0
6833.100953164,10075.0,0.0
6833.110186574,10075.0,0.0
6833.121442464,10075.0,0.0
6833.131068287,10075.0,0.0
6833.140671944,10075.0,0.0
6833.150641930,10075.0,0.0
6833.160984746,10075.0,0.0
6833.173158294,10075.0,0.0
6833.181622712,10075.0,0.0
6833.190231378,10075.0,0.0
6833.201225271,10075.0,0.0
6833.210793761,10075.0,0.0
6833.220322918,10075.0,0.0
6833.230790816,10075.0,0.0
6833.240874802,10075.0,0.0
6833.251076785,10075.0,10.0
6833.261825514,10075.0,10.0
6833.271674335,10075.0,10.0
6833.280758246,10075.0,10.0
6833.291895721,10075.0,10.0
6833.301700959,10075.0,10.0
6833.311824111,10075.0,10.0
6833.321097020,10075.0,10.0
6833.331960831,10075.0,10.0
6833.341886985,10075.0,0.0
6833.351289476,10075.0,0.0
6833.366978824,10075.0,0.0
6833.376273316,10075.0,0.0
6833.384872983,10075.0,0.0
6833.394137309,10075.0,0.0
6833.404913121,10075.0,0.0
6833.414941773,10075.0,0.0
6833.424764594,10075.0,0.0
6833.436256482,10075.0,0.0
6833.446087387,10075.0,0.0
6833.455318880,10075.0,0.0
6833.465692612,10075.0,0.0
6833.475923929,10075.0,0.0
6833.486597825,10075.0,0.0
6833.497176722,10075.0,0.0
6833.507075793,10075.0,0.0
6833.516263870,10075.0,0.0
6833.526414771,10075.0,0.0
6833.537268415,10075.0,0.0
6833.546221078,10075.0,0.0
6833.556666977,10075.0,0.0
6833.569322520,10075.0,0.0
6833.576485617,10075.0,0.0
6833.586911349,10075.0,0.0
6833.596455506,10075.0,0.0
6833.606398492,10075.0,0.0
6833.616760641,10075.0,0.0
6833.628658026,10075.0,0.0
6833.641044155,10075.0,0.0
6833.651443970,10075.0,0.0
6833.660098636,10075.0,0.0
6833.669267130,10075.0,0.0
6833.679625029,10075.0,0.0
6833.690852253,10075.0,0.0
6833.709355823,10075.0,0.0
6833.714388107,10075.0,0.0
6833.723337854,10075.0,0.0
6833.734030833,10075.0,0.0
6833.743836987,10075.0,0.0
6833.754096137,10075.0,0.0
6833.766183686,10075.0,0.0
6833.774176859,10075.0,0.0
6833.784973753,10075.0,0.0
6833.795216570,10075.0,0.0
6833.805809884,10075.0,0.0
6833.816360031,10075.0,0.0
6833.826759013,10075.0,0.0
6833.838553148,10075.0,0.0
6833.847181064,10075.0,0.0
6833.857344965,10075.0,0.0
6833.867812280,10075.0,0.0
6833.877920182,10075.0,0.0
6833.888092916,10075.0,0.0
6833.908366052,10075.0,0.0
6833.911706269,10075.0,0.0
6833.921592506,10075.0,0.0
6833.930916416,10075.0,0.0
6833.941121566,10075.0,0.0
6833.951324217,10075.0,0.0
6833.961737616,10075.0,0.0
6833.971820351,10075.0,0.0
6833.981440590,10075.0,0.0
6833.991734740,10075.0,0.0
6834.001441229,10075.0,0.0
6834.011798461,10075.0,0.0
6834.021318952,10075.0,0.0
6834.031685601,10075.0,0.0
6834.041044593,10075.0,0.0
6834.051519325,10075.0,0.0
6834.062729549,10075.0,0.0
6834.071035468,10075.0,0.0
6834.083315015,10075.0,0.0
6834.100689346,10075.0,0.0
6834.103378986,10075.0,0.0
6834.113118558,10075.0,0.0
6834.121991055,10075.0,0.0
6834.132895532,10075.0,0.0
6834.142212858,10075.0,0.0
6834.152846088,10075.0,0.0
6834.177044936,10075.0,0.0
6834.177094185,10075.0,0.0
6834.187283169,10075.0,0.0
6834.192881365,10075.0,0.0
6834.202574854,10075.0,0.0
6834.212809421,10075.0,0.0
6834.222141747,10075.0,0.0
6834.232947808,10075.0,0.0
6834.243109126,10075.0,0.0
6834.251853874,10075.0,0.0
6834.263266929,10075.0,0.0
6834.272950419,10075.0,0.0
6834.282272828,10075.0,0.0
6834.293169138,10075.0,0.0
6834.303916867,10075.0,0.0
6834.312598032,10075.0,0.0
6834.323371594,10075.0,0.0
6834.333595995,10075.0,0.0
6834.342504575,10075.0,0.0
6834.354054295,10075.0,0.0
6834.364027448,10075.0,0.0
6834.379264800,10075.0,0.0
6834.390262360,10075.0,0.0
6834.399305355,10075.0,0.0
6834.409291841,10075.0,0.0
6834.419864321,10075.0,0.0
6834.430602133,10075.0,0.0
6834.440397205,10075.0,0.0
6834.450593522,10075.0,0.0
6834.460751340,10075.0,0.0
6834.470365246,10075.0,0.0
6834.480384399,10075.0,0.0
6834.490674798,10075.0,0.0
6834.503936503,10075.0,0.0
6834.510200942,10075.0,0.0
6834.520357343,10075.0,0.0
6834.530622743,10075.0,0.0
6834.541168640,10075.0,0.0
6834.551197959,10075.0,0.0
6834.563406840,10075.0,0.0
6834.571652260,10075.0,0.0
6834.581634913,10075.0,0.0
6834.592016895,10075.0,0.0
6834.601518886,10075.0,0.0
6834.611985367,10075.0,0.0
6834.621121278,10075.0,0.0
6834.633707322,10075.0,0.0
6834.642713235,10075.0,0.0
6834.655902190,10075.0,0.0
6834.664904769,10075.0,0.0
6834.672573444,10075.0,0.0
6834.681771688,10075.0,0.0
6834.692880163,10075.0,0.0
6834.710216494,10075.0,0.0
6834.712526222,10075.0,0.0
6834.722462375,10075.0,0.0
6834.732386945,10075.0,0.0
6834.742652678,10075.0,0.0
6834.755386638,10075.0,0.0
6834.777031177,10075.0,0.0
6834.777913835,10075.0,0.0
6834.785834924,10075.0,-10.0
6834.795433914,10075.0,-10.0
6834.805572482,10075.0,-10.0
6834.815939298,10075.0,-10.0
6834.826428029,10075.0,-10.0
6834.836619180,10075.0,-10.0
6834.847256826,10075.0,-10.0
6834.856597902,10075.0,-10.0
6834.866685970,10075.0,-10.0
6834.876122045,10075.0,-10.0
6834.886245530,10075.0,-10.0
6834.896450597,10075.0,-10.0
6834.906819996,10075.0,-10.0
6834.917426476,10075.0,-10.0
6834.927630627,10075.0,-10.0
6834.937880444,10075.0,-10.0
6834.947113271,10075.0,-10.0
6834.957895332,10075.0,-10.0
6834.969374887,10075.0,-10.0
6834.977688140,10075.0,-10.0
6834.987364629,10075.0,-10.0
6835.000860331,10075.0,-10.0
6835.009618412,10075.0,-10.0
6835.020160559,10075.0,-10.0
6835.030242461,10075.0,-10.0
6835.041748432,10075.0,-10.0
6835.049975102,10075.0,-10.0
6835.059118180,10075.0,-10.0
6835.070526736,10075.0,-10.0
6835.080545971,10075.0,-10.0
6835.091171118,10075.0,-10.0
6835.104807485,10075.0,-10.0
6835.112485244,10075.0,-10.0
6835.122232315,10075.0,-10.0
6835.132373050,10075.0,-10.0
6835.142588867,10075.0,-10.0
6835.153244180,10075.0,-10.0
6835.163404165,10075.0,-10.0
6835.173804480,10075.0,-10.0
6835.183814299,10075.0,-10.0
6835.193423206,10075.0,-10.0
6835.203495774,10075.0,-10.0
6835.213931839,10075.0,-10.0
6835.223350831,10075.0,-10.0
6835.233569565,10075.0,-10.0
6835.244084379,10075.0,-10.0
6835.253225207,10075.0,-10.0
6835.263378441,10075.0,-10.0
6835.273808339,10075.0,-10.0
6835.285143896,10075.0,-10.0
6835.293821311,10075.0,-10.0
6835.305654863,10075.0,-10.0
6835.315062188,10075.0,-10.0
6835.325153006,10075.0,-10.0
6835.336117649,10075.0,-10.0
6835.345841138,10075.0,-10.0
6835.355302963,10075.0,-10.0
6835.374694774,10075.0,-10.0
6835.376012344,10075.0,-10.0
6835.387526566,10075.0,-10.0
6835.395442405,10075.0,-10.0
6835.405702139,10075.0,-10.0
6835.416082787,10075.0,-10.0
6835.428626582,10075.0,-10.0
6835.437512495,10075.0,-10.0
6835.447213484,10075.0,-10.0
6835.456572393,10075.0,-10.0
6835.466928959,10075.0,-10.0
6835.476252785,10075.0,-10.0
6835.486454186,10075.0,-10.0
6835.508004309,10075.0,-10.0
6835.508455888,10075.0,-10.0
6835.517858130,10075.0,-10.0
6835.529489267,10075.0,-10.0
6835.540347827,10075.0,-10.0
6835.549878401,10075.0,-10.0
6835.559548557,10075.0,0.0
6835.569990539,10075.0,0.0
6835.581473427,10075.0,0.0
6835.591018917,9780.0,0.0
6835.600228744,9780.0,0.0
6835.610186147,9780.0,0.0
6835.620417631,9780.0,0.0
6835.630602949,9780.0,0.0
6835.640735600,9780.0,0.0
6835.651136915,9780.0,0.0
6835.661181568,9780.0,0.0
6835.671357468,9780.0,0.0
6835.681639785,9780.0,0.0
6835.691854186,9780.0,0.0
6835.702330583,9780.0,0.0
6835.712541734,9780.0,0.0
6835.722690885,9780.0,0.0
6835.733262532,9780.0,0.0
6835.743080187,9780.0,0.0
6835.753513835,9780.0,0.0
6835.763944900,9780.0,0.0
6835.773812887,9780.0,0.0
6835.783701541,9780.0,0.0
6835.793802859,9780.0,0.0
6835.803149352,9780.0,0.0
6835.813386335,9780.0,0.0
6835.823685818,9780.0,0.0
6835.844260868,9780.0,0.0
6835.844486366,9780.0,0.0
6835.855160095,9780.0,0.0
6835.864046342,9780.0,0.0
6835.874323159,9780.0,0.0
6835.884658141,9780.0,0.0
6835.895361871,9780.0,0.0
6835.906767093,9780.0,0.0
6835.914764932,9780.0,0.0
6835.923992425,9780.0,0.0
6835.935050234,9780.0,0.0
6835.944703223,9780.0,0.0
6835.955145122,9780.0,0.0
6835.979867631,9780.0,0.0
6835.979912797,9780.0,0.0
6835.988167550,9780.0,0.0
6835.998357201,9780.0,0.0
6836.008670101,9780.0,0.0
6836.018829335,9780.0,0.0
6836.033979021,9780.0,0.0
6836.039660049,9780.0,0.0
6836.049161206,9780.0,0.0
6836.059369857,9780.0,0.0
6836.069811172,9780.0,0.0
6836.079226247,9780.0,0.0
6836.089393815,9780.0,0.0
6836.104539167,9780.0,0.0
6836.110946438,9780.0,0.0
6836.120294764,9780.0,0.0
6836.130666413,9780.0,0.0
6836.142194134,9780.0,0.0
6836.151249546,9780.0,0.0
6836.161539195,9780.0,0.0
6836.171293267,9780.0,0.0
6836.180652176,9780.0,0.0
6836.191017658,9780.0,-10.0
6836.201503473,9780.0,-10.0
6836.211873955,9780.0,-10.0
6836.222343687,9780.0,-10.0
6836.234550901,9780.0,-10.0
6836.244315056,9780.0,-10.0
6836.252032981,9780.0,-10.0
6836.262342464,9780.0,-10.0
6836.272597114,9780.0,-10.0
6836.281871940,9780.0,-10.0
6836.292905750,9780.0,0.0
6836.303451730,9780.0,0.0
6836.313280718,9780.0,0.0
6836.323526618,9780.0,0.0
6836.334126931,9780.0,0.0
6836.342812014,9780.0,0.0
6836.353098830,9780.0,0.0
6836.363363647,9780.0,0.0
6836.373489715,9780.0,0.0
6836.383775448,9780.0,0.0
6836.393610186,9780.0,0.0
6836.403621755,9780.0,0.0
6836.413700157,9780.0,0.0
6836.424121555,9780.0,0.0
6836.436012273,9780.0,0.0
6836.446939000,9780.0,0.0
6836.456581572,9780.0,0.0
6836.466796473,9780.0,0.0
6836.476924958,9780.0,0.0
6836.487048192,9780.0,0.0
6836.497564173,9780.0,0.0
6836.509799971,9780.0,0.0
6836.517048567,9780.0,0.0
6836.527591881,9780.0,0.0
6836.538609607,9780.0,0.0
6836.547964349,9780.0,0.0
6836.558310415,9780.0,0.0
6836.568940228,9780.0,0.0
6836.579112046,9780.0,0.0
6836.588531788,9780.0,0.0
6836.598458108,9780.0,0.0
6836.608874090,9780.0,0.0
6836.618955575,9780.0,0.0
6836.646306058,9780.0,0.0
6836.646434224,9780.0,0.0
6836.650731515,9780.0,0.0
6836.660492337,9780.0,0.0
6836.670985735,9780.0,0.0
6836.680083979,9780.0,0.0
6836.690447045,9780.0,0.0
6836.701120525,9780.0,0.0
6836.709338111,9780.0,0.0
6836.719782260,9780.0,0.0
6836.729676163,9780.0,0.0
6836.739830481,9780.0,0.0
6836.749433304,9780.0,0.0
6836.759775703,9780.0,0.0
6836.770127519,9780.0,0.0
6836.780848332,9780.0,0.0
6836.789731662,9780.0,0.0
6836.800111644,9780.0,0.0
6836.811716448,9780.0,0.0
6836.820856525,9780.0,-10.0
6836.831694503,9780.0,-10.0
6836.840304919,9780.0,-10.0
6836.850932649,9780.0,-10.0
6836.859895312,9780.0,0.0
6836.871161619,9780.0,0.0
6836.880811025,9780.0,0.0
6836.891192174,9780.0,0.0
6836.905949697,9780.0,0.0
6836.912839130,9780.0,0.0
6836.922081623,9780.0,0.0
6836.932264607,9780.0,0.0
6836.943580664,9780.0,0.0
6836.952924073,9780.0,0.0
6836.975603602,9780.0,0.0
6836.975649601,9780.0,0.0
6836.983048529,9780.0,0.0
6836.994095255,9780.0,0.0
6837.003157334,9780.0,0.0
6837.013335734,9780.0,0.0
6837.023932215,9780.0,0.0
6837.033361623,9780.0,0.0
6837.043322526,9780.0,0.0
6837.053639675,9780.0,0.0
6837.064300822,9780.0,0.0
6837.074142142,9780.0,0.0
6837.084325293,9780.0,0.0
6837.094910523,9780.0,0.0
6837.104811344,9780.0,0.0
6837.115151410,9780.0,0.0
6837.125366977,9780.0,0.0
6837.135708376,9780.0,0.0
6837.146239940,9780.0,0.0
6837.156147927,9780.0,0.0
6837.169139384,9780.0,0.0
6837.176859309,9780.0,0.0
6837.186009303,9780.0,0.0
6837.196281036,9780.0,0.0
6837.206527520,9780.0,0.0
6837.216714421,9780.0,0.0
6837.226086580,9780.0,0.0
6837.236342396,9780.0,0.0
6837.246869210,9780.0,0.0
6837.256784531,9780.0,0.0
6837.266396187,9780.0,0.0
6837.276675837,9780.0,0.0
6837.287219651,9780.0,0.0
6837.298927870,9780.0,0.0
6837.308941773,9780.0,0.0
6837.318390264,9780.0,0.0
6837.328677914,9780.0,0.0
6837.338824565,9780.0,0.0
6837.348339222,9780.0,0.0
6837.362741332,9780.0,0.0
6837.371108584,9780.0,0.0
6837.380015581,9780.0,0.0
6837.388945827,9780.0,0.0
6837.399570974,9780.0,0.0
6837.409901373,9780.0,0.0
6837.419142616,9780.0,0.0
6837.443819543,9780.0,0.0
6837.443876042,9780.0,0.0
6837.451537551,9780.0,0.0
6837.462003866,9780.0,0.0
6837.472409514,9780.0,0.0
6837.482640915,9780.0,0.0
6837.493645641,9780.0,0.0
6837.504597868,9780.0,0.0
6837.514118692,9780.0,0.0
6837.527272563,9780.0,0.0
6837.534503076,9780.0,0.0
6837.544802059,9780.0,0.0
6837.555524038,9780.0,0.0
6837.564865281,9780.0,0.0
6837.574736268,9780.0,0.0
6837.584508256,9780.0,0.0
6837.594590575,9780.0,0.0
6837.604304813,9780.0,0.0
6837.615838951,9780.0,0.0
6837.626966843,9780.0,0.0
6837.634813183,9780.0,0.0
6837.645724160,9780.0,0.0
6837.655557398,9780.0,0.0
6837.665532384,9780.0,0.0
6837.675823450,9780.0,0.0
6837.684987611,9780.0,0.0
6837.695782673,9780.0,0.0
6837.705917907,9780.0,0.0
6837.715079401,9780.0,0.0
6837.725257386,9780.0,0.0
6837.736189946,9780.0,0.0
6837.745137942,9780.0,0.0
6837.755545757,9780.0,0.0
6837.770680027,9780.0,0.0
6837.780895510,9780.0,0.0
6837.789973089,9780.0,0.0
6837.800486320,9780.0,0.0
6837.810877302,9780.0,0.0
6837.820258877,9780.0,0.0
6837.830703109,9780.0,0.0
6837.850570082,9780.0,0.0
6837.850608248,9780.0,0.0
6837.860811399,9780.0,0.0
6837.870585804,9780.0,0.0
6837.881024452,9780.0,0.0
6837.890579692,9780.0,0.0
6837.902251079,9780.0,0.0
6837.912681227,9780.0,0.0
6837.922346633,9780.0,0.0
6837.931548544,9780.0,0.0
6837.941516863,9780.0,0.0
6837.952213009,9780.0,0.0
6837.963767480,9780.0,0.0
6837.971036742,9780.0,0.0
6837.981818887,9780.0,0.0
6837.991628625,9780.0,0.0
6838.001714110,9780.0,0.0
6838.011173518,9780.0,0.0
6838.022237577,9780.0,0.0
6838.031251739,9780.0,0.0
6838.042074967,9780.0,0.0
6838.051505042,9780.0,0.0
6838.061580444,9780.0,0.0
6838.072065675,9780.0,0.0
6838.081011338,9780.0,0.0
6838.091336988,9780.0,0.0
6838.103277205,9780.0,0.0
6838.113639937,9780.0,0.0
6838.122778265,9780.0,0.0
6838.132392671,9780.0,0.0
6838.142689738,9780.0,0.0
6838.152948471,9780.0,0.0
6838.168399487,9780.0,0.0
6838.173776602,9780.0,0.0
6838.183622089,9780.0,0.0
6838.193882406,9780.0,0.0
6838.203423230,9780.0,0.0
6838.213675130,9780.0,0.0
6838.222838374,9780.0,0.0
6838.234496760,9780.0,0.0
6838.244646328,9780.0,0.0
6838.252924248,9780.0,0.0
6838.263502811,9780.0,0.0
6838.273197800,9780.0,0.0
6838.283572366,9780.0,0.0
6838.293690101,9780.0,0.0
6838.303807419,9780.0,0.0
6838.314222651,9780.0,0.0
6838.324893213,9780.0,0.0
6838.335474110,9780.0,0.0
6838.344414440,9780.0,0.0
6838.355444916,9780.0,0.0
6838.367633047,9780.0,0.0
6838.374611646,9780.0,0.0
6838.386417198,9780.0,0.0
6838.394317704,9780.0,0.0
6838.404864101,9780.0,0.0
6838.414242427,9780.0,0.0
6838.424599326,9780.0,0.0
6838.437626032,9780.0,0.0
6838.444521132,9780.0,0.0
6838.454504201,9780.0,0.0
6838.464585020,9780.0,0.0
6838.475541496,9780.0,0.0
6838.485733814,9780.0,0.0
6838.496441376,9780.0,0.0
6838.510862403,9780.0,0.0
6838.519958397,9780.0,0.0
6838.532531442,9780.0,0.0
6838.540317782,9780.0,0.0
6838.550576766,9780.0,0.0
6838.561296578,9780.0,0.0
6838.571530312,9780.0,0.0
6838.580839221,9780.0,0.0
6838.591051372,9780.0,0.0
6838.602278179,9780.0,0.0
6838.612112583,9780.0,0.0
6838.621485909,9780.0,0.0
6838.633219628,9780.0,0.0
6838.641919710,9780.0,0.0
6838.652122777,9780.0,0.0
6838.662634841,9780.0,0.0
6838.672625911,9780.0,0.0
6838.681947070,9780.0,0.0
6838.692602466,9780.0,0.0
6838.704581016,9780.0,0.0
6838.712711187,9780.0,0.0
6838.723220501,9780.0,0.0
6838.733030323,9780.0,0.0
6838.744563377,9780.0,0.0
6838.754611529,9780.0,0.0
6838.763104780,9780.0,0.0
6838.773517012,9780.0,0.0
6838.784075659,9780.0,0.0
6838.792944739,9780.0,0.0
6838.803168306,9780.0,0.0
6838.813834452,9780.0,0.0
6838.823840855,9780.0,0.0
6838.834064089,9780.0,0.0
6838.845664726,9780.0,0.0
6838.854826970,9780.0,0.0
6838.864989538,9780.0,0.0
6838.874065199,9780.0,0.0
6838.885025676,9780.0,0.0
6838.898148215,9780.0,0.0
6838.906251719,9780.0,0.0
6838.915618378,9780.0,0.0
6838.925741613,9780.0,0.0
6838.935136271,9780.0,0.0
6838.945363922,9780.0,0.0
6838.955965568,9780.0,0.0
6838.977136946,9780.0,0.0
6838.998673319,9780.0,0.0
6838.998949067,9780.0,0.0
6839.009302299,9780.0,0.0
6839.021235600,9780.0,0.0
6839.037225777,9780.0,0.0
6839.039540505,9780.0,0.0
6839.050010986,9780.0,0.0
6839.059446894,9780.0,0.0
6839.069807793,9780.0,0.0
6839.080127276,9780.0,0.0
6839.089867348,9780.0,0.0
6839.102884221,9780.0,0.0
6839.109122494,9780.0,0.0
6839.119577892,9780.0,0.0
6839.129060383,9780.0,0.0
6839.139223451,9780.0,0.0
6839.150323926,9780.0,0.0
6839.160507743,9780.0,0.0
6839.177489911,9780.0,0.0
6839.182793860,9780.0,0.0
6839.192377183,9780.0,0.0
6839.201428012,9780.0,0.0
6839.211492914,9780.0,0.0
6839.221499983,9780.0,0.0
6839.232009714,9780.0,0.0
6839.241195791,9780.0,0.0
6839.251283609,9780.0,0.0
6839.262289252,9780.0,0.0
6839.271809993,9780.0,0.0
6839.281636481,9780.0,0.0
6839.291687216,9780.0,0.0
6839.304849838,9780.0,0.0
6839.311417691,9780.0,0.0
6839.321365677,9780.0,0.0
6839.332004407,9780.0,0.0
6839.341356899,9780.0,0.0
6839.353715362,9780.0,0.0
6839.365310999,9780.0,0.0
6839.372395180,9780.0,0.0
6839.382265084,9780.0,0.0
6839.392644066,9780.0,0.0
6839.402884383,9780.0,0.0
6839.412285458,9780.0,0.0
6839.422915938,9780.0,0.0
6839.432902508,9780.0,0.0
6839.442078502,9780.0,0.0
6839.452463901,9780.0,0.0
6839.462813383,9780.0,0.0
6839.472117626,9780.0,0.0
6839.482471275,9780.0,0.0
6839.493676999,9780.0,0.0
6839.502129667,9780.0,0.0
6839.512363234,9780.0,0.0
6839.522570051,9780.0,0.0
6839.532530704,9780.0,0.0
6839.543518597,9780.0,0.0
6839.552517510,9780.0,0.0
6839.566334542,9780.0,0.0
6839.573454722,9780.0,0.0
6839.583734456,9780.0,0.0
6839.592531870,9780.0,0.0
6839.602984018,9780.0,0.0
6839.612954088,9780.0,0.0
6839.622883491,9780.0,0.0
6839.637672680,9780.0,0.0
6839.643633872,9780.0,0.0
6839.652262872,9780.0,0.0
6839.663029600,9780.0,0.0
6839.672919754,9780.0,0.0
6839.682219497,9780.0,0.0
6839.697528598,9780.0,0.0
6839.708285910,9780.0,0.0
6839.712061123,9780.0,0.0
6839.722250107,9780.0,0.0
6839.732797837,9780.0,0.0
6839.742484243,9780.0,0.0
6839.752778643,9780.0,0.0
6839.764585528,9780.0,0.0
6839.774374099,9780.0,0.0
6839.782428771,9780.0,0.0
6839.793671745,9780.0,0.0
6839.803802229,9780.0,0.0
6839.813932881,9780.0,0.0
6839.824682026,9780.0,0.0
6839.834563930,9780.0,0.0
6839.844976329,9780.0,0.0
6839.854107740,9780.0,0.0
6839.864333307,9780.0,0.0
6839.874374542,9780.0,0.0
6839.885140521,9780.0,0.0
6839.894809843,9780.0,0.0
6839.905035160,9780.0,0.0
6839.915329893,9780.0,0.0
6839.925853958,9780.0,0.0
6839.936790518,9780.0,0.0
6839.945341268,9780.0,0.0
6839.955629751,9780.0,0.0
6839.973643992,9780.0,0.0
6839.976339133,9780.0,0.0
6839.987064278,9780.0,0.0
6839.996846183,9780.0,0.0
6840.007040917,9780.0,0.0
6840.017953061,9780.0,0.0
6840.027833548,9780.0,0.0
6840.037959283,9780.0,0.0
6840.047305525,9780.0,0.0
6840.057605925,9780.0,0.0
6840.067832408,9780.0,0.0
6840.076976319,9780.0,0.0
6840.087314385,9780.0,0.0
6840.097698534,9780.0,0.0
6840.107473772,9780.0,0.0
6840.117545591,9780.0,0.0
6840.128186904,9780.0,0.0
6840.137400981,9780.0,0.0
6840.147691131,9780.0,0.0
6840.156948124,9780.0,0.0
6840.167114108,9780.0,0.0
6840.177857754,9780.0,0.0
6840.187663242,9780.0,0.0
6840.198542302,9780.0,0.0
6840.208302624,9780.0,0.0
6840.218783939,9780.0,0.0
6840.229256670,9780.0,0.0