%time,field.velocity,field.angle
6878.864757880,9780.0,0.0
6878.875419526,9780.0,0.0
6878.884701352,9780.0,0.0
6878.905668648,9780.0,0.0
6878.908784535,9780.0,0.0
6878.922801065,9780.0,0.0
6878.929104337,9780.0,0.0
6878.939192238,9780.0,0.0
6878.949712803,9780.0,0.0
6878.960744612,9780.0,0.0
6878.970845014,9780.0,0.0
6878.978944768,9780.0,0.0
6878.990009077,9780.0,0.0
6879.000168728,9780.0,0.0
6879.009051392,9780.0,0.0
6879.019721788,9780.0,0.0
6879.031213842,9780.0,0.0
6879.046243529,9780.0,0.0
6879.050630820,9780.0,0.0
6879.060106894,9780.0,0.0
6879.069945965,9780.0,0.0
6879.080373947,9780.0,0.0
6879.089556608,9780.0,0.0
6879.100593833,9780.0,0.0
6879.109866660,9780.0,0.0
6879.122693952,9780.0,0.0
6879.130570708,9780.0,0.0
6879.142374177,9780.0,0.0
6879.156686037,9780.0,0.0
6879.161392408,9780.0,0.0
6879.170017741,9780.0,0.0
6879.181243798,9780.0,0.0
6879.190864704,9780.0,0.0
6879.201200937,9780.0,0.0
6879.210357598,9780.0,0.0
6879.220715164,9780.0,0.0
6879.231022397,9780.0,0.0
6879.240230807,9780.0,0.0
6879.252247273,9780.0,0.0
6879.261660265,9780.0,0.0
6879.270863426,9780.0,0.0
6879.280224834,9780.0,0.0
6879.297724081,9780.0,0.0
6879.308771306,9780.0,0.0
6879.311485780,9780.0,0.0
6879.321818596,9780.0,0.0
6879.332926321,9780.0,0.0
6879.341057575,9780.0,0.0
6879.351306226,9780.0,0.0
6879.374188503,9780.0,0.0
6879.374303752,9780.0,0.0
6879.382117842,9780.0,0.0
6879.390875757,9780.0,0.0
6879.401170823,9780.0,0.0
6879.411376474,9780.0,0.0
6879.421625458,9780.0,0.0
6879.430990116,9780.0,0.0
6879.441249600,9780.0,0.0
6879.451432834,9780.0,0.0
6879.461871566,9780.0,0.0
6879.471535555,9780.0,0.0
6879.481876204,9780.0,0.0
6879.491572776,9780.0,0.0
6879.502058841,9780.0,0.0
6879.511874329,9780.0,0.0
6879.523806713,9780.0,0.0
6879.533583784,9780.0,0.0
6879.543767601,9780.0,0.0
6879.554661662,9780.0,0.0
6879.566178133,9780.0,0.0
6879.575075213,9780.0,0.0
6879.585394030,9780.0,0.0
6879.606839487,9780.0,0.0
6879.606863487,9780.0,0.0
6879.614561579,9780.0,0.0
6879.624928061,9780.0,0.0
6879.642253226,9780.0,0.0
6879.645102448,9780.0,0.0
6879.654134693,9780.0,0.0
6879.664123013,9780.0,0.0
6879.674392413,9780.0,0.0
6879.684026652,9780.0,0.0
6879.694320386,9780.0,0.0
6879.705202446,9780.0,0.0
6879.714168609,9780.0,0.0
6879.724199845,9780.0,0.0
6879.734401829,9780.0,0.0
6879.744644645,9780.0,0.0
6879.754935212,9780.0,0.0
6879.764354037,9780.0,0.0
6879.775339763,9780.0,0.0
6879.784780838,9780.0,0.0
6879.798337206,9780.0,0.0
6879.804887809,9780.0,0.0
6879.814805879,9780.0,0.0
6879.826102686,9780.0,0.0
6879.835841591,9780.0,0.0
6879.851352773,9780.0,0.0
6879.859965189,9780.0,0.0
6879.868193109,9780.0,0.0
6879.878760173,9780.0,0.0
6879.889341653,9780.0,0.0
6879.898616730,9780.0,0.0
6879.920583849,9780.0,0.0
6879.920698181,9780.0,0.0
6879.929344097,9780.0,0.0
6879.939632247,9780.0,0.0
6879.949295819,9780.0,0.0
6879.958087317,9780.0,0.0
6879.972805090,9780.0,0.0
6879.980679764,9780.0,0.0
6879.991468992,9780.0,0.0
6879.999982326,9780.0,0.0
6880.009950729,9780.0,0.0
6880.020429960,9780.0,0.0
6880.030368030,9780.0,0.0
6880.048282522,9780.0,0.0
6880.051838904,9780.0,0.0
6880.062050138,9780.0,0.0
6880.071970542,9780.0,0.0
6880.082052527,9780.0,0.0
6880.092135012,9780.0,0.0
6880.103845398,9780.0,0.0
6880.113655636,9780.0,0.0
6880.124056701,9780.0,0.0
6880.135613005,9780.0,0.0
6880.145895238,9780.0,0.0
6880.156065973,9780.0,0.0
6880.183819369,9780.0,0.0
6880.183967618,9780.0,0.0
6880.186057097,9780.0,0.0
6880.199126637,9780.0,0.0
6880.206414732,9780.0,0.0
6880.215521144,9780.0,0.0
6880.228644683,9780.0,0.0
6880.239136247,9780.0,0.0
6880.246250678,9780.0,0.0
6880.256749159,9780.0,0.0
6880.266192067,9780.0,0.0
6880.275623059,9780.0,0.0
6880.286406370,9780.0,0.0
6880.296683020,9780.0,0.0
6880.305901264,9780.0,0.0
6880.323832422,9780.0,0.0
6880.327662885,9780.0,0.0
6880.336864212,9780.0,0.0
6880.346781782,9780.0,0.0
6880.361314807,9780.0,0.0
6880.375539669,9780.0,0.0
6880.387985798,9780.0,0.0
6880.395288227,9780.0,0.0
6880.404660052,9780.0,0.0
6880.415074867,9780.0,0.0
6880.424589191,9780.0,0.0
6880.435044006,9780.0,0.0
6880.445620653,10580.0,0.0
6880.456303882,10580.0,0.0
6880.465890122,10580.0,0.0
6880.479992235,10580.0,0.0
6880.489038147,10580.0,0.0
6880.499632294,10580.0,0.0
6880.509698779,10580.0,0.0
6880.520869837,10580.0,0.0
6880.530345495,10580.0,0.0
6880.540676478,10580.0,0.0
6880.550958044,10580.0,0.0
6880.575650220,10580.0,0.0
6880.575765303,10580.0,0.0
6880.581591079,10580.0,0.0
6880.591670231,10580.0,0.0
6880.602341877,10580.0,0.0
6880.611467038,10580.0,0.0
6880.621736605,10580.0,0.0
6880.644661298,10580.0,0.0
6880.644803214,10580.0,0.0
6880.652571138,10580.0,0.0
6880.664197525,10580.0,0.0
6880.672555527,10580.0,0.0
6880.682836677,10580.0,0.0
6880.701509495,10580.0,0.0
6880.705676288,10580.0,0.0
6880.717628671,10580.0,0.0
6880.724295190,10580.0,0.0
6880.734951669,10580.0,0.0
6880.744181246,10075.0,0.0
6880.754454729,10075.0,0.0
6880.764700380,10075.0,0.0
6880.775690856,10075.0,0.0
6880.788503981,10075.0,0.0
6880.804722990,10075.0,0.0
6880.809454277,10075.0,0.0
6880.819610178,10075.0,0.0
6880.828302094,10075.0,0.0
6880.839019656,10075.0,0.0
6880.862319179,10075.0,0.0
6880.862511510,10075.0,0.0
6880.868520619,10075.0,0.0
6880.878848518,10075.0,0.0
6880.892109306,10075.0,0.0
6880.916842815,10075.0,0.0
6880.916887231,10075.0,0.0
6880.919270458,10075.0,0.0
6880.929922271,10075.0,0.0
6880.940786248,10075.0,0.0
6880.950294572,10075.0,0.0
6880.969828465,10075.0,0.0
6880.973544846,10075.0,0.0
6880.980470029,10075.0,0.0
6880.990358766,10075.0,0.0
6881.001165410,10075.0,0.0
6881.010335988,10075.0,0.0
6881.020718720,10075.0,0.0
6881.032796186,10075.0,0.0
6881.043140168,10075.0,0.0
6881.064172630,10075.0,0.0
6881.064278712,10075.0,0.0
6881.072432050,10075.0,0.0
6881.083316110,10075.0,0.0
6881.094401002,10075.0,0.0
6881.103344665,10075.0,0.0
6881.116739368,10075.0,0.0
6881.123245888,10075.0,0.0
6881.132717046,10075.0,0.0
6881.141952289,10075.0,0.0
6881.152210856,10075.0,0.0
6881.162402424,10075.0,0.0
6881.172761489,10075.0,0.0
6881.182518644,10075.0,0.0
6881.192777961,10075.0,0.0
6881.202476867,10075.0,0.0
6881.212772267,10075.0,0.0
6881.222550671,10075.0,0.0
6881.232273077,10075.0,0.0
6881.242702808,10075.0,0.0
6881.252960709,10075.0,0.0
6881.263092193,10075.0,0.0
6881.273128762,10075.0,0.0
6881.283524328,10075.0,0.0
6881.295439128,10075.0,0.0
6881.302625308,10075.0,0.0
6881.313819949,10075.0,0.0
6881.323331107,10075.0,0.0
6881.334127585,10075.0,0.0
6881.343105831,10075.0,0.0
6881.353442980,10075.0,0.0
6881.366274022,10075.0,0.0
6881.378887899,10075.0,0.0
6881.387621064,10075.0,0.0
6881.398885538,10075.0,0.0
6881.407673785,10075.0,0.0
6881.418070351,10075.0,0.0
6881.429256492,10075.0,0.0
6881.444026681,10075.0,0.0
6881.449417212,10075.0,0.0
6881.458802371,10075.0,0.0
6881.469727931,10075.0,0.0
6881.478732260,10075.0,0.0
6881.488424416,10075.0,0.0
6881.507917309,10075.0,0.0
6881.508858050,10075.0,0.0
6881.518801287,10075.0,0.0
6881.528099529,10075.0,0.0
6881.538145015,10075.0,0.0
6881.549146908,10075.0,0.0
6881.558771231,10075.0,0.0
6881.568167889,10075.0,0.0
6881.578261708,10075.0,0.0
6881.588321026,10075.0,0.0
6881.598355262,10075.0,0.0
6881.609128240,10075.0,0.0
6881.618411650,10075.0,0.0
6881.628720633,10075.0,0.0
6881.639367279,10075.0,0.0
6881.652072906,10075.0,0.0
6881.658506760,10075.0,0.0
6881.668742160,10075.0,0.0
6881.678543481,10075.0,0.0
6881.688497134,10075.0,0.0
6881.703411822,10075.0,0.0
6881.714614547,10075.0,0.0
6881.719310918,10075.0,0.0
6881.729673150,10075.0,0.0
6881.739814135,10075.0,0.0
6881.749458041,10075.0,0.0
6881.760738931,10075.0,0.0
6881.770550669,10075.0,0.0
6881.779736329,10075.0,0.0
6881.790945803,10075.0,0.0
6881.800147130,10075.0,0.0
6881.810209282,10075.0,0.0
6881.820806513,10075.0,0.0
6881.830328586,10075.0,0.0
6881.840353739,10075.0,0.0
6881.850565139,10075.0,0.0
6881.860974705,10075.0,0.0
6881.870542528,10075.0,0.0
6881.880824428,10075.0,0.0
6881.890458001,10075.0,0.0
6881.900561403,10075.0,0.0
6881.910791053,10075.0,0.0
6881.926100154,10075.0,0.0
6881.931459518,10075.0,0.0
6881.942591827,10075.0,0.0
6881.952967892,10075.0,0.0
6881.962427884,10075.0,0.0
6881.979318469,10075.0,0.0
6881.985811323,10075.0,0.0
6881.994970150,10075.0,0.0
6882.005249467,10075.0,0.0
6882.015444951,10075.0,0.0
6882.025947765,10075.0,0.0
6882.036253748,10075.0,0.0
6882.045500825,10075.0,0.0
6882.056026139,10075.0,0.0
6882.065433547,10075.0,0.0
6882.075649864,10075.0,0.0
6882.085771766,10075.0,0.0
6882.096406996,10075.0,0.0
6882.106703312,10075.0,0.0
6882.116742298,10075.0,0.0
6882.132423395,10075.0,0.0
6882.138452336,10075.0,0.0
6882.148811402,10075.0,0.0
6882.161045450,10075.0,0.0
6882.171661179,10075.0,0.0
6882.186297037,10075.0,0.0
6882.192056648,10075.0,0.0
6882.201377223,10075.0,0.0
6882.211585791,10075.0,0.0
6882.222584434,10075.0,0.0
6882.243439314,10075.0,0.0
6882.243593979,10075.0,0.0
6882.253962461,10075.0,0.0
6882.264600025,10075.0,0.0
6882.274516845,10075.0,0.0
6882.284808161,10075.0,0.0
6882.294825314,10075.0,0.0
6882.306130287,10075.0,0.0
6882.314648537,10075.0,0.0
6882.324802355,10075.0,0.0
6882.333836100,10075.0,0.0
6882.344160000,10075.0,0.0
6882.354394067,10075.0,0.0
6882.364553635,10075.0,0.0
6882.375026199,10075.0,0.0
6882.386079175,10075.0,0.0
6882.396290909,10075.0,0.0
6882.405439070,10075.0,0.0
6882.415264307,10075.0,0.0
6882.425446958,10075.0,0.0
6882.435964523,10075.0,0.0
6882.445095434,10075.0,0.0
6882.455302084,10075.0,0.0
6882.465950564,10075.0,0.0
6882.476051466,10075.0,0.0
6882.486343782,10075.0,0.0
6882.504206191,10075.0,0.0
6882.506934415,10075.0,0.0
6882.516137325,10075.0,0.0
6882.526351142,10075.0,0.0
6882.537474867,10075.0,0.0
6882.546689778,10075.0,0.0
6882.557183342,10075.0,0.0
6882.572138447,10075.0,0.0
6882.577452145,10075.0,0.0
6882.586753138,10075.0,0.0
6882.597290702,10075.0,0.0
6882.607933681,10075.0,0.0
6882.618511162,10075.0,0.0
6882.628907060,10075.0,0.0
6882.639016295,10075.0,0.0
6882.649346778,10075.0,0.0
6882.659692094,10075.0,0.0
6882.674365201,10075.0,0.0
6882.680671306,10075.0,0.0
6882.694414839,10075.0,0.0
6882.701919100,10075.0,0.0
6882.711074177,10075.0,0.0
6882.721372243,10075.0,0.0
6882.736781260,10075.0,0.0
6882.741127884,10075.0,0.0
6882.753320016,10075.0,0.0
6882.764635656,10075.0,0.0
6882.775943129,10075.0,0.0
6882.802249873,10075.0,0.0
6882.802280872,10075.0,0.0
6882.802385288,10075.0,0.0
6882.812826686,10075.0,0.0
6882.823955911,10075.0,0.0
6882.846190611,10075.0,0.0
6882.846321527,10075.0,0.0
6882.856127848,10075.0,0.0
6882.865893836,10075.0,0.0
6882.876175569,10075.0,0.0
6882.886792716,10075.0,0.0
6882.898157605,10075.0,0.0
6882.915507186,10075.0,0.0
6882.917234670,10075.0,0.0
6882.927333071,10075.0,0.0
6882.938390714,10075.0,0.0
6882.947087462,10075.0,0.0
6882.957162947,10075.0,0.0
6882.967569679,10075.0,0.0
6882.977954745,10075.0,0.0
6882.987176739,10075.0,0.0
6882.997862301,10075.0,0.0
6883.008005786,10075.0,0.0
6883.016908366,10075.0,0.0
6883.027675844,10075.0,0.0
6883.037714246,10075.0,0.0
6883.047802398,10075.0,0.0
6883.057689469,10075.0,0.0
6883.068321448,10075.0,0.0
6883.077968771,10075.0,0.0
6883.088379170,10075.0,0.0
6883.103884102,10075.0,0.0
6883.114053003,10075.0,0.0
6883.124733066,10075.0,0.0
6883.135651543,10075.0,0.0
6883.145586863,10075.0,0.0
6883.157128334,10075.0,0.0
6883.166055663,10075.0,0.0
6883.175525321,10075.0,0.0
6883.186177134,10075.0,0.0
6883.196776864,10075.0,0.0
6883.206918849,10075.0,0.0
6883.215841512,10075.0,0.0
6883.226182078,10075.0,0.0
6883.238247294,10075.0,0.0
6883.248850524,10075.0,0.0
6883.261791231,10075.0,0.0
6883.271578469,10075.0,0.0
6883.280411383,10075.0,0.0
6883.290930697,10075.0,0.0
6883.301069932,10075.0,0.0
6883.313175481,10075.0,0.0
6883.327247677,10075.0,0.0
6883.331026390,10075.0,0.0
6883.341033960,10075.0,0.0
6883.350692116,10075.0,0.0
6883.377684186,10075.0,0.0
6883.377716519,10075.0,0.0
6883.380825739,10075.0,0.0
6883.390377646,10075.0,0.0
6883.400417465,10075.0,0.0
6883.410896529,10075.0,0.0
6883.421122930,10075.0,0.0
6883.431431746,10075.0,0.0
6883.461884699,10075.0,0.0
6883.461981532,10075.0,0.0
6883.462128114,10075.0,0.0
6883.471913768,10075.0,0.0
6883.482246585,10075.0,0.0
6883.492497818,10075.0,0.0
6883.502692469,10075.0,0.0
6883.512868620,10075.0,0.0
6883.522255278,10075.0,0.0
6883.532199431,10075.0,0.0
6883.542548831,10075.0,0.0
6883.553174561,10075.0,0.0
6883.562726468,10075.0,0.0
6883.571898878,10075.0,0.0
6883.582571441,10075.0,0.0
6883.593628167,10075.0,0.0
6883.603939483,10075.0,0.0
6883.614371048,10075.0,0.0
6883.624753280,10075.0,0.0
6883.639392138,10075.0,10.0
6883.644526921,10075.0,10.0
6883.654742072,10075.0,10.0
6883.664028898,10075.0,10.0
6883.674244632,10075.0,10.0
6883.684677947,10075.0,10.0
6883.695520591,10075.0,10.0
6883.719083278,10075.0,0.0
6883.719146694,10075.0,0.0
6883.724929138,10075.0,0.0
6883.734336047,10075.0,0.0
6883.744850694,10075.0,0.0
6883.756254583,10075.0,0.0
6883.771064939,10075.0,0.0
6883.777247212,10075.0,0.0
6883.787309697,10075.0,0.0
6883.798426422,10075.0,0.0
6883.806878007,10075.0,0.0
6883.816816910,10075.0,0.0
6883.827500889,10075.0,0.0
6883.842100331,10075.0,0.0
6883.847433529,10075.0,0.0
6883.858130674,10075.0,0.0
6883.868005328,10075.0,0.0
6883.877704234,10075.0,0.0
6883.887953801,10075.0,0.0
6883.900455012,10075.0,0.0
6883.907704025,10075.0,0.0
6883.917760594,10075.0,0.0
6883.927016754,10075.0,0.0
6883.937094156,10075.0,0.0
6883.947518887,10075.0,0.0
6883.957611122,10075.0,0.0
6883.967353194,10075.0,0.0
6883.977372680,10075.0,0.0
6883.987502415,10075.0,0.0
6883.997666066,10075.0,0.0
6884.007176640,10075.0,0.0
6884.017271625,10075.0,0.0
6884.027464942,10075.0,0.0
6884.040117986,10075.0,0.0
6884.047598580,10075.0,0.0
6884.057672315,10075.0,0.0
6884.067417220,10075.0,0.0
6884.077559704,10075.0,0.0
6884.087948603,10075.0,0.0
6884.100473231,10075.0,0.0
6884.108137823,10075.0,0.0
6884.118732470,10075.0,0.0
6884.129626447,10075.0,0.0
6884.138404195,10075.0,0.0
6884.148816927,10075.0,0.0
6884.159701821,10075.0,0.0
6884.171358041,10075.0,0.0
6884.181134363,10075.0,0.0
6884.190465022,10075.0,0.0
6884.200178094,10075.0,0.0
6884.209619919,10075.0,0.0
6884.219921235,10075.0,0.0
6884.234085764,10075.0,0.0
6884.239538127,10075.0,0.0
6884.250223856,10075.0,0.0
6884.260545339,10075.0,0.0
6884.273294299,10075.0,0.0
6884.280197481,10075.0,0.0
6884.290909044,10075.0,0.0
6884.301618439,10075.0,0.0
6884.329199587,10075.0,0.0
6884.329259504,10075.0,0.0
6884.336198103,10075.0,0.0
6884.346043673,10075.0,0.0
6884.356187658,10075.0,0.0
6884.370132606,10075.0,0.0
6884.377246786,10075.0,0.0
6884.384979294,10075.0,0.0
6884.395195112,10075.0,0.0
6884.405291930,10075.0,0.0
6884.417045732,10075.0,0.0
6884.427178217,10075.0,0.0
6884.436405044,10075.0,0.0
6884.446541028,10075.0,0.0
6884.456659596,10075.0,0.0
6884.466503917,10075.0,0.0
6884.477047148,10075.0,0.0
6884.486542639,10075.0,0.0
6884.496979787,10075.0,0.0
6884.506868107,10075.0,0.0
6884.516539013,10075.0,0.0
6884.526265419,10075.0,0.0
6884.536542652,10075.0,0.0
6884.547086133,10075.0,0.0
6884.556696539,10075.0,0.0
6884.567067688,10075.0,0.0
6884.576241349,10075.0,0.0
6884.586352250,10075.0,0.0
6884.596892231,10075.0,0.0
6884.606320139,10075.0,0.0
6884.616693121,10075.0,0.0
6884.626455860,10075.0,0.0
6884.644511851,10075.0,0.0
6884.646721746,10075.0,0.0
6884.658640463,10075.0,0.0
6884.667212296,10075.0,0.0
6884.677364531,10075.0,0.0
6884.687841929,10075.0,0.0
6884.697940747,10075.0,0.0
6884.708482978,10075.0,0.0
6884.717896053,10075.0,0.0
6884.727064713,10075.0,0.0
6884.737153782,10075.0,0.0
6884.747573347,10075.0,0.0
6884.757878247,10075.0,0.0
6884.767810483,10075.0,0.0
6884.777070976,10075.0,0.0
6884.787554374,10075.0,0.0
6884.798129771,10075.0,0.0
6884.807527513,10075.0,0.0
6884.818164493,10075.0,0.0
6884.834945496,10075.0,0.0
6884.837912634,10075.0,0.0
6884.847991869,10075.0,0.0
6884.858481684,10075.0,0.0
6884.868510753,10075.0,0.0
6884.879653978,10075.0,0.0
6884.888940387,10075.0,0.0
6884.899312036,10075.0,0.0
6884.914449389,10075.0,0.0
6884.922888557,10075.0,0.0
6884.930935978,10075.0,0.0
6884.940863048,10075.0,0.0
6884.951510945,10075.0,0.0
6884.961473681,10075.0,0.0
6884.975092048,10075.0,0.0
6884.982340228,10075.0,0.0
6884.992382213,10075.0,0.0
6885.003354023,10075.0,0.0
6885.011904606,10075.0,0.0
6885.022111590,10075.0,0.0
6885.032388907,10075.0,0.0
6885.042826722,10075.0,0.0
6885.053021873,10075.0,0.0
6885.062623446,10075.0,0.0
6885.073733671,10075.0,0.0
6885.082595835,10075.0,0.0
6885.093038150,10075.0,0.0
6885.103793628,10075.0,0.0
6885.113495784,10075.0,0.0
6885.126264660,10075.0,0.0
6885.136289645,10075.0,0.0
6885.146267715,10075.0,0.0
6885.155542291,10075.0,0.0
6885.167857171,10075.0,0.0
6885.180483715,10075.0,0.0
6885.185832080,10075.0,0.0
6885.195744233,10075.0,0.0
6885.283277214,10075.0,0.0
6885.283931624,10075.0,0.0
6885.293111452,10075.0,0.0
6885.304529340,10075.0,0.0
6885.314981072,10075.0,0.0
6885.324174732,10075.0,0.0
6885.334725213,10075.0,0.0
6885.344792198,10075.0,0.0
6885.354813017,10075.0,0.0
6885.368074888,10075.0,0.0
6885.378349538,10075.0,0.0
6885.387586782,10075.0,0.0
6885.398086513,10075.0,0.0
6885.407690253,10075.0,0.0
6885.417904153,10075.0,0.0
6885.432061599,10075.0,0.0
6885.439274778,10075.0,0.0
6885.448191941,10075.0,0.0
6885.458570090,10075.0,0.0
6885.468626326,10075.0,0.0
6885.479320305,10075.0,0.0
6885.490005868,10075.0,0.0
6885.500412933,10075.0,0.0
6885.509040432,10075.0,0.0
6885.519256666,10075.0,0.0
6885.529425650,10075.0,0.0
6885.540230379,10075.0,0.0
6885.549252874,10075.0,0.0
6885.559514441,10075.0,10.0
6885.569826507,10075.0,10.0
6885.579045751,10075.0,10.0
6885.589235901,10075.0,10.0
6885.599573217,10075.0,0.0
6885.609049292,10075.0,0.0
6885.619644272,10075.0,0.0
6885.629914839,10075.0,0.0
6885.649234984,10075.0,0.0
6885.649955560,10075.0,0.0
6885.660514624,10075.0,0.0
6885.671219770,10075.0,0.0
6885.680240932,10075.0,0.0
6885.690898828,10075.0,0.0
6885.700771982,10075.0,0.0
6885.716549995,10075.0,0.0
6885.722462854,10075.0,0.0
6885.732397257,10075.0,0.0
6885.741166505,10075.0,0.0
6885.751431239,10075.0,0.0
6885.762418632,10075.0,0.0
6885.781443530,10075.0,0.0
6885.783016931,10075.0,0.0
6885.793360580,10075.0,0.0
6885.804660304,10075.0,0.0
6885.814682706,10075.0,0.0
6885.826386092,10075.0,0.0
6885.835297922,10075.0,0.0
6885.848335628,10075.0,0.0
6885.857167126,10075.0,0.0
6885.865990873,10075.0,0.0
6885.876280940,10075.0,0.0
6885.886557840,10075.0,0.0
6885.896661991,10075.0,0.0
6885.906215565,10075.0,0.0
6885.916378883,10075.0,0.0
6885.926365952,10075.0,0.0
6885.937019848,10075.0,0.0
6885.945907595,10075.0,0.0
6885.956034413,10075.0,0.0
6885.966449312,10075.0,0.0
6885.976621379,10075.0,0.0
6885.988491264,10075.0,0.0
6885.997066180,10075.0,0.0
6886.007724660,10075.0,10.0
6886.017830811,10075.0,10.0
6886.028221960,10075.0,10.0
6886.038645025,10075.0,10.0
6886.048806676,10075.0,0.0
6886.058796496,10075.0,0.0
6886.069507642,10075.0,0.0
6886.078459471,10075.0,0.0
6886.091913673,10075.0,0.0
6886.104704132,10075.0,0.0
6886.111347984,10075.0,0.0
6886.121694217,10075.0,0.0
6886.131767202,10075.0,0.0
6886.141061111,10075.0,0.0
6886.151256512,10075.0,0.0
6886.162313988,10075.0,0.0
6886.171765062,10075.0,0.0
6886.183537281,10075.0,0.0
6886.192099698,10075.0,0.0
6886.202258099,10075.0,0.0
6886.213015577,10075.0,0.0
6886.222751983,10075.0,0.0
6886.232007393,10075.0,0.0
6886.245254014,10075.0,0.0
6886.255479914,10075.0,0.0
6886.264819823,10075.0,0.0
6886.274985974,10075.0,0.0
6886.284403799,10075.0,0.0
6886.310247297,10075.0,0.0
6886.310297630,10075.0,0.0
6886.314593672,10075.0,0.0
6886.324409909,10075.0,0.0
6886.335213054,10075.0,0.0
6886.344158717,10075.0,0.0
6886.354703614,10075.0,0.0
6886.373674930,10075.0,0.0
6886.374177008,10075.0,10.0
6886.386382806,10075.0,10.0
6886.394125731,10075.0,10.0
6886.404526129,10075.0,10.0
6886.415032527,10075.0,10.0
6886.425571341,10075.0,10.0
6886.444214743,10075.0,0.0
6886.450452599,10075.0,0.0
6886.459161014,10075.0,0.0
6886.469267416,10075.0,0.0
6886.479490816,10075.0,0.0
6886.489922881,10075.0,0.0
6886.499147958,10075.0,0.0
6886.509115944,10075.0,0.0
6886.519777174,10075.0,0.0
6886.529503496,10075.0,0.0
6886.539648814,10075.0,0.0
6886.549137971,10075.0,0.0
6886.559408038,10075.0,0.0
6886.569306775,10075.0,0.0
6886.581532656,10075.0,0.0
6886.591196978,10075.0,0.0
6886.599614063,10075.0,0.0
6886.610787288,10075.0,0.0
6886.620590109,10075.0,0.0
6886.630917758,10075.0,0.0
6886.640183668,10075.0,0.0
6886.655207272,10075.0,0.0
6886.660800301,10075.0,0.0
6886.670634455,10075.0,0.0
6886.680546442,10075.0,0.0
6886.690855758,10075.0,0.0
6886.700797994,10075.0,0.0
6886.711406724,10075.0,0.0
6886.721017464,10075.0,0.0
6886.731808276,10075.0,0.0
6886.740890937,10075.0,0.0
6886.751032089,10075.0,0.0
6886.760266915,10075.0,0.0
6886.776367425,10075.0,0.0
6886.781132546,10075.0,0.0
6886.790222874,10075.0,0.0
6886.800639022,10075.0,0.0
6886.810686091,10075.0,0.0
6886.820730910,10075.0,0.0
6886.830075652,10075.0,0.0
6886.840260136,10075.0,0.0
6886.850384705,10075.0,0.0
6886.860550939,10075.0,0.0
6886.870743673,10075.0,0.0
6886.879897167,10075.0,0.0
6886.890165817,10075.0,0.0
6886.900420217,10075.0,0.0
6886.910573535,10075.0,0.0
6886.920903518,10075.0,0.0
6886.932614904,10075.0,0.0
6886.942099561,10075.0,0.0
6886.951181306,10075.0,0.0
6886.960635131,10075.0,0.0
6886.972268518,10075.0,0.0
6886.980096358,10075.0,0.0
6886.990416341,10075.0,0.0
6887.000904906,10075.0,0.0
6887.010958724,10075.0,0.0
6887.021303624,10075.0,0.0
6887.036192895,10075.0,0.0
6887.043227493,10075.0,0.0
6887.054058971,10075.0,0.0
6887.063865709,10075.0,0.0
6887.074230858,10075.0,0.0
6887.084336843,10075.0,0.0
6887.111965657,10075.0,0.0
6887.112116656,10075.0,0.0
6887.119224253,10075.0,0.0
6887.128514080,10075.0,0.0
6887.135530428,10075.0,0.0
6887.145634163,10075.0,0.0
6887.155939146,10075.0,0.0
6887.166218546,10075.0,0.0
6887.176671194,10075.0,0.0
6887.187405840,10075.0,0.0
6887.195977423,10075.0,0.0
6887.206115324,10075.0,0.0
6887.216243725,10075.0,0.0
6887.227499282,10075.0,0.0
6887.236841858,10075.0,0.0
6887.246981093,10075.0,0.0
6887.257726655,10075.0,0.0
6887.269399041,10075.0,0.0
6887.277592378,10075.0,0.0
6887.287952610,10075.0,0.0
6887.302985714,10075.0,0.0
6887.307986499,10075.0,0.0
6887.318332398,10075.0,0.0
6887.328464299,10075.0,0.0
6887.338572951,10075.0,0.0
6887.348904100,10075.0,0.0
6887.359367665,10075.0,0.0
6887.369751064,10075.0,0.0
6887.379574052,10075.0,0.0
6887.389933617,10075.0,0.0
6887.398818948,10075.0,0.0
6887.409782841,10075.0,0.0
6887.419466580,10075.0,0.0
6887.430067977,10075.0,0.0
6887.439898298,10075.0,0.0
6887.449910617,10075.0,0.0
6887.459085861,10075.0,-10.0
6887.469317344,10075.0,-10.0
6887.479756409,10075.0,-10.0
6887.489246817,10075.0,-10.0
6887.513442915,10075.0,-10.0
6887.513489164,10075.0,0.0
6887.520221765,10075.0,0.0
6887.530607248,10075.0,0.0
6887.541705223,10075.0,0.0
6887.551648126,10075.0,0.0
6887.575115398,10075.0,0.0
6887.575153147,10075.0,0.0
6887.581528252,10075.0,0.0
6887.591806568,10075.0,0.0
6887.601903470,10075.0,0.0
6887.611535293,10075.0,0.0
6887.622478603,10075.0,0.0
6887.642577574,10075.0,0.0
6887.642604157,10075.0,0.0
6887.652334812,10075.0,0.0
6887.662851543,10075.0,0.0
6887.672748864,10075.0,0.0
6887.682083939,10075.0,0.0
6887.692828418,10075.0,0.0
6887.702441491,10075.0,0.0
6887.713248803,10075.0,0.0
6887.723220205,10075.0,0.0
6887.733175442,10075.0,0.0
6887.743788089,10075.0,0.0
6887.754781065,10075.0,0.0
6887.763341731,10075.0,0.0
6887.773476049,10075.0,0.0
6887.783857115,10075.0,0.0
6887.793411189,10075.0,0.0
6887.803432841,10075.0,0.0
6887.813786157,10075.0,0.0
6887.824206889,10075.0,0.0
6887.833427882,10075.0,0.0
6887.844255194,10075.0,0.0
6887.854362095,10075.0,0.0
6887.863388174,10075.0,0.0
6887.873526575,10075.0,0.0
6887.884314970,10075.0,0.0
6887.896340270,10075.0,0.0
6887.903407451,10075.0,0.0
6887.913694184,10075.0,0.0
6887.923878752,10075.0,0.0
6887.933710822,10075.0,0.0
6887.944274720,10075.0,0.0
6887.953586712,10075.0,0.0
6887.964614188,10075.0,10.0
6887.973245021,10075.0,10.0
6887.986009397,10075.0,10.0
6887.994321232,10075.0,10.0
6888.003341144,10075.0,10.0
6888.014085457,10075.0,10.0
6888.024475272,10075.0,10.0
6888.041533606,10075.0,0.0
6888.049582528,10075.0,0.0
6888.060380839,10075.0,0.0
6888.069118504,10075.0,0.0
6888.079476403,10075.0,0.0
6888.089584721,10075.0,0.0
6888.099894454,10075.0,0.0
6888.110214687,10075.0,0.0
6888.120516754,10075.0,0.0
6888.130662321,10075.0,0.0
6888.139960064,10075.0,0.0
6888.150165381,10075.0,0.0
6888.160304283,10075.0,0.0
6888.170590266,10075.0,0.0
6888.180813500,10075.0,0.0
6888.190487822,10075.0,0.0
6888.200549058,10075.0,0.0
6888.212508358,10075.0,0.0
6888.229410443,10075.0,0.0
6888.235806798,10075.0,0.0
6888.246906356,10075.0,0.0
6888.256096017,10075.0,0.0
6888.265932421,10075.0,0.0
6888.276107405,10075.0,0.0
6888.286537804,10075.0,0.0
6888.303969634,10075.0,0.0
6888.307382101,10075.0,0.0
6888.316517095,10075.0,0.0
6888.327069826,10075.0,0.0
6888.336683649,10075.0,0.0
6888.346443970,10075.0,0.0
6888.357439197,10075.0,0.0
6888.371127813,10075.0,0.0
6888.382802283,10075.0,0.0
6888.394090840,10075.0,0.0
6888.404242407,10075.0,0.0
6888.413361735,10075.0,0.0
6888.425410451,10075.0,0.0
6888.434556779,10075.0,0.0
6888.449959879,10075.0,0.0
6888.456813479,10075.0,0.0
6888.469424106,10075.0,0.0
6888.476057541,10075.0,0.0
6888.486492107,10075.0,0.0
6888.496723674,10075.0,0.0
6888.507250071,10075.0,0.0
6888.521281768,10075.0,0.0
6888.527730372,10075.0,0.0
6888.538380685,10075.0,0.0
6888.547306098,10075.0,0.0
6888.558725153,10075.0,0.0
6888.580231527,10075.0,0.0
6888.580340943,10075.0,0.0
6888.591088671,10075.0,0.0
6888.599700504,10075.0,0.0
6888.611054394,10075.0,0.0
6888.621200795,10075.0,0.0
6888.630248123,10075.0,0.0
6888.650882172,10075.0,0.0
6888.650924755,10075.0,0.0
6888.660096249,10075.0,0.0
6888.672484795,10075.0,0.0
6888.682687863,10075.0,0.0
6888.698628208,10075.0,0.0
6888.703256329,10075.0,0.0
6888.713805893,10075.0,0.0
6888.724110043,10075.0,0.0
6888.733212704,10075.0,0.0
6888.743542520,10075.0,0.0
6888.754321582,10075.0,0.0
6888.764272735,10075.0,0.0
6888.783546714,10075.0,0.0
6888.784830285,10075.0,0.0
6888.795474515,10075.0,0.0
6888.804302762,10075.0,0.0
6888.814684327,10075.0,0.0
6888.836558031,10075.0,0.0
6888.843511797,10075.0,0.0
6888.852824039,10075.0,0.0
6888.862747859,10075.0,0.0
6888.872503764,10075.0,0.0
6888.882705165,10075.0,0.0
6888.892085407,10075.0,0.0
6888.908989493,10075.0,0.0
6888.914477689,10075.0,0.0
6888.924736839,10075.0,0.0
6888.934453245,10075.0,0.0
6888.944590646,10075.0,0.0
6888.955191209,10075.0,0.0
6888.965262445,10075.0,0.0
6888.975166515,10075.0,0.0
6888.986733986,10075.0,0.0
6889.000664433,10075.0,0.0
6889.005789133,10075.0,0.0
6889.015266374,10075.0,0.0
6889.026471182,10075.0,0.0
6889.036053589,10075.0,0.0
6889.047278896,10075.0,0.0
6889.063303323,10075.0,0.0
6889.067398783,10075.0,0.0
6889.077580601,10075.0,0.0
6889.088719909,10075.0,0.0
6889.097274576,10075.0,0.0
6889.118241538,10075.0,0.0
6889.118284538,10075.0,0.0
6889.127709946,10075.0,0.0
6889.138320759,10075.0,0.0
6889.147356671,10075.0,0.0
6889.158151566,10075.0,0.0
6889.168078886,10075.0,10.0
6889.187237783,10075.0,10.0
6889.188292940,10075.0,10.0
6889.197056354,10075.0,10.0
6889.207356671,10075.0,10.0
6889.217800569,10075.0,0.0
6889.228089219,10075.0,0.0
6889.238726032,10075.0,0.0
6889.248807350,10075.0,0.0
6889.257803179,10075.0,0.0
6889.268666490,10075.0,0.0
6889.278547311,10075.0,0.0
6889.289478704,10075.0,0.0
6889.299776187,10075.0,0.0
6889.310345334,10075.0,0.0
6889.319089999,10075.0,0.0
6889.329803728,10075.0,0.0
6889.340580207,10075.0,0.0
6889.350856773,10075.0,0.0
6889.360684261,10075.0,0.0
6889.371105909,10075.0,0.0
6889.380946314,10075.0,0.0
6889.391200047,10075.0,0.0
6889.401316532,10075.0,0.0
6889.411423934,10075.0,0.0
6889.424945135,10075.0,0.0
6889.432225481,10075.0,0.0
6889.441585473,10075.0,0.0
6889.452084121,10075.0,0.0
6889.460974284,10075.0,0.0
6889.471654597,10075.0,0.0
6889.481720082,10075.0,0.0
6889.492197147,10075.0,0.0
6889.501209726,10075.0,0.0
6889.511449293,10075.0,0.0
6889.521961691,10075.0,0.0
6889.531818428,10075.0,0.0
6889.541748414,10075.0,0.0
6889.553785047,10075.0,0.0
6889.566283259,10075.0,0.0
6889.572726780,10075.0,0.0
6889.583283177,10075.0,0.0
6889.593477494,10075.0,0.0
6889.604003975,10075.0,0.0
6889.613367050,10075.0,0.0
6889.623822865,10075.0,0.0
6889.646136648,10075.0,0.0
6889.646171564,10075.0,0.0
6889.653876906,10075.0,0.0
6889.664518886,10075.0,0.0
6889.674444456,10075.0,0.0
6889.684578357,10075.0,0.0
6889.695660749,10075.0,0.0
6889.706013815,10075.0,0.0
6889.716079884,10075.0,0.0
6889.726966611,10075.0,0.0
6889.736704433,10075.0,0.0
6889.746565587,10075.0,0.0
6889.757357982,10075.0,0.0
6889.767364468,10075.0,0.0
6889.777569285,10075.0,0.0
6889.787844602,10075.0,0.0
6889.797193177,10075.0,0.0
6889.807465494,10075.0,0.0
6889.817912809,10075.0,0.0
6889.827481549,10075.0,0.0
6889.841479496,10075.0,0.0
6889.849425085,10075.0,0.0
6889.859079491,10075.0,0.0
6889.868554649,10075.0,0.0
6889.879643124,10075.0,0.0
6889.890565268,10075.0,0.0
6889.899924677,10075.0,0.0
6889.913918374,10075.0,0.0
6889.920109564,10075.0,0.0
6889.929643887,10075.0,0.0
6889.939794789,10075.0,0.0
6889.950321519,10075.0,0.0
6889.977770502,10075.0,0.0
6889.978003333,10075.0,0.0
6889.980979554,10075.0,0.0
6889.990617377,10075.0,0.0
6890.001967433,10075.0,0.0
6890.011217760,10075.0,0.0
6890.021245912,10075.0,0.0
6890.031623228,10075.0,0.0
6890.185763560,10075.0,0.0
6890.194674890,10075.0,0.0
6890.205065122,10075.0,0.0
6890.214246366,10075.0,0.0
6890.224503850,10075.0,0.0
6890.244105242,10075.0,0.0
6890.247876622,10075.0,0.0
6890.322148982,10075.0,0.0
6890.331841721,10075.0,0.0
6890.342363702,10075.0,0.0
6890.352435687,10075.0,0.0
6890.362580755,10075.0,0.0
6890.373160985,10075.0,0.0
6890.383674966,10075.0,0.0
6890.393433621,10075.0,0.0
6890.404114851,10075.0,0.0
6890.413173929,10075.0,0.0
6890.423324247,10075.0,0.0
6890.434708469,10075.0,0.0
6890.444606873,10075.0,0.0
6890.455200353,10075.0,0.0
6890.464159849,10075.0,0.0
6890.475175909,10075.0,0.0
6890.484961397,10075.0,0.0
6890.649903707,10075.0,0.0
6890.660078358,10075.0,0.0
6890.670224009,10075.0,0.0
6890.680757574,10075.0,0.0
6890.690980641,10075.0,0.0
6890.700738129,10075.0,0.0
6890.710338286,10075.0,0.0
6890.720424854,10075.0,0.0
6890.730379840,10075.0,0.0
6890.741047653,10075.0,0.0
6890.751202221,10075.0,10.0
6890.761704285,10075.0,10.0
6890.773228007,10075.0,10.0
6890.781642008,10075.0,10.0
6890.791567661,10075.0,10.0
6890.802713803,10075.0,10.0
6890.812830704,10075.0,0.0
6890.824817754,10075.0,0.0
6890.840166355,10075.0,0.0
6890.843006660,10075.0,0.0
6890.853388559,10075.0,0.0
6890.864125205,10075.0,0.0
6890.873787861,10075.0,0.0
6890.883789930,10075.0,0.0
6890.895582232,10075.0,0.0
6890.904726476,10075.0,0.0
6890.914899960,10075.0,0.0
6890.925214360,10075.0,0.0
6890.935357928,10075.0,0.0
6890.945804743,10075.0,0.0
6890.957070050,10075.0,0.0
6890.966674123,10075.0,0.0
6890.977278853,10075.0,0.0
6890.988484660,10075.0,0.0
6890.997712571,10075.0,0.0
6891.007030480,10075.0,0.0
6891.017434045,10075.0,0.0
6891.028393439,10075.0,0.0
6891.323448149,10075.0,0.0
6891.332391478,10075.0,0.0
6891.339180329,10075.0,0.0
6891.350400886,10075.0,0.0
6891.363851422,10075.0,0.0
6891.383707979,10075.0,0.0
6891.384102808,10075.0,0.0
6891.391531986,10075.0,0.0
6891.401211725,10075.0,0.0
6891.411186878,10075.0,0.0
6891.421460611,10075.0,0.0
6891.434026072,10075.0,0.0
6891.940659472,10075.0,-10.0
6891.953053518,10075.0,-10.0
6891.979662092,10075.0,-10.0
6891.979692175,10075.0,-10.0
6891.984408130,10075.0,-10.0
6891.992545384,10075.0,-10.0
6892.002775784,10075.0,-10.0
6892.012606272,10075.0,-10.0
6892.022960254,10075.0,-10.0
6892.045909614,10075.0,-10.0
6892.045953030,10075.0,-10.0
6892.055080441,10075.0,-10.0
6892.065740921,10075.0,-10.0
6892.076416400,10075.0,-10.0
6892.086942631,10075.0,-10.0
6892.099092763,10075.0,-10.0
6892.122367453,10075.0,-10.0
6892.124907678,10075.0,-10.0
6892.131464114,10075.0,-10.0
6892.191785277,10075.0,-10.0
6892.192757851,10075.0,-10.0
6892.202846336,10075.0,-10.0
6892.212737156,10075.0,-10.0
6892.224434042,10075.0,-10.0
6892.462159144,10075.0,-10.0
6892.471848466,10075.0,-10.0
6892.481599955,10075.0,-10.0
6892.493618254,10075.0,-10.0
6892.840265129,10075.0,-10.0
6892.842574607,10075.0,-10.0
6892.854701155,10075.0,-10.0
6892.862524579,10075.0,-10.0
6892.872493315,10075.0,-10.0
6892.882814131,10075.0,-10.0
6892.895540674,10075.0,-10.0
6893.526150950,10075.0,0.0
6893.536493183,10075.0,0.0
6893.547229245,10075.0,0.0
6893.556449572,10075.0,0.0
6893.566317226,10075.0,0.0
6893.576734791,10075.0,-10.0
6893.586944692,10075.0,-10.0
6893.597224675,10075.0,-10.0
6893.607758239,10075.0,-10.0
6893.617954223,10075.0,-10.0
6893.628455871,10075.0,-10.0
6893.638781437,10075.0,0.0
6893.648354344,10075.0,0.0
6893.659928648,10075.0,0.0
6893.668555397,10075.0,0.0
6893.679146627,10075.0,0.0
6893.690247603,10075.0,0.0
6893.709874911,10075.0,0.0
6893.711963558,10075.0,0.0
6894.045414977,10075.0,0.0
6894.045451310,10075.0,0.0
6894.054325474,10075.0,0.0
6894.066046860,10075.0,0.0
6894.074319279,10075.0,0.0
6894.084516013,10075.0,0.0
6894.095490323,10075.0,0.0
6894.112479741,10075.0,0.0
6894.324208513,10075.0,0.0
6894.334316914,10075.0,0.0
6894.344961977,10075.0,0.0
6894.356449699,10075.0,0.0
6894.367629423,10075.0,0.0
6894.378969563,10075.0,0.0
6894.571397522,10075.0,0.0
6894.571897268,10075.0,0.0
6894.581733838,10075.0,0.0
6894.592077488,10075.0,0.0
6894.601638145,10075.0,0.0
6894.611026803,10075.0,0.0
6894.622072112,10075.0,0.0
6894.631897017,10075.0,0.0
6894.984642749,10075.0,0.0
6894.994131489,10075.0,0.0
6895.003981310,10075.0,0.0
6895.013159221,10075.0,0.0
6895.023556703,10075.0,0.0
6895.034019934,10075.0,0.0
6895.044670664,10075.0,0.0
6895.054532985,10075.0,0.0
6895.063410065,10075.0,0.0
6895.072922722,10075.0,0.0
6895.083833116,10075.0,0.0
6895.093588188,10075.0,0.0
6895.104508998,10075.0,0.0
6895.113732992,10075.0,0.0
6895.123652978,10075.0,0.0
6895.134610872,10075.0,0.0
6895.143320953,10075.0,0.0
6895.153965266,10075.0,0.0
6895.176975626,10075.0,0.0
6895.177039542,10075.0,0.0
6895.187384691,10075.0,0.0
6895.196597935,10075.0,0.0
6895.207129749,10075.0,0.0
6895.216224494,10075.0,0.0
6895.226496144,10075.0,0.0
6895.239512183,10075.0,0.0
6895.318350749,10075.0,0.0
6895.330833794,10075.0,0.0
6895.340563616,10075.0,0.0
6895.349824859,10075.0,0.0
6895.362407237,10075.0,0.0
6895.371057069,10075.0,0.0
6895.450140216,10075.0,0.0
6895.460304200,10075.0,0.0
6895.470538684,10075.0,0.0
6895.480801501,10075.0,0.0
6895.490214992,10075.0,0.0
6895.500151062,10075.0,0.0
6895.510574544,10075.0,0.0
6895.520893194,10075.0,0.0
6895.529952605,10075.0,0.0
6895.540295505,10075.0,0.0
6895.550736153,10075.0,0.0
6895.560097895,10075.0,0.0
6895.570215880,10075.0,0.0
6895.580771444,10075.0,0.0
6895.591739420,10075.0,0.0
6895.601626574,10075.0,0.0
6895.612384219,10075.0,0.0
6895.621336549,10075.0,0.0
6895.631668698,10075.0,0.0
6895.641844766,10075.0,0.0
6895.843813633,10075.0,0.0
6895.843866715,10075.0,0.0
6895.853019793,10075.0,0.0
6895.862477534,10075.0,0.0
6895.874474084,10075.0,0.0
6895.882096676,10075.0,0.0
6895.892253328,10075.0,0.0
6895.903841631,10075.0,0.0
6895.915805515,10075.0,0.0
6895.922146703,10075.0,0.0
6895.932184189,10075.0,0.0
6895.942435089,10075.0,0.0
6895.953366149,10075.0,0.0
6895.962872973,10075.0,0.0
6895.972302965,10075.0,0.0
6895.983104443,10075.0,0.0
6895.994814162,10075.0,0.0
6896.005039479,10075.0,0.0
6896.014328889,10075.0,0.0
6896.043018526,10075.0,0.0
6896.043149442,10075.0,0.0
6896.048463806,10075.0,0.0
6896.384361702,10075.0,0.0
6896.393345282,10075.0,0.0
6896.404736671,10075.0,0.0
6896.413311420,10075.0,0.0
6896.423765985,10075.0,0.0
6896.445045611,10075.0,0.0
6896.445081444,10075.0,0.0
6896.453334364,10075.0,0.0
6896.463677180,10075.0,0.0
6896.473917830,10075.0,0.0
6896.483102074,10075.0,0.0
6896.498899920,10075.0,0.0
6896.507393004,10075.0,0.0
6896.514081606,10075.0,0.0
6897.105026268,10075.0,0.0
6897.114478843,10075.0,0.0
6897.124728910,10075.0,0.0
6897.134078735,10075.0,0.0
6897.144898963,10075.0,0.0
6897.154854700,10075.0,0.0
6897.167466327,10075.0,0.0
6897.510537486,10075.0,10.0
6897.511960223,10075.0,10.0
6897.522286622,10075.0,10.0
6897.533430347,10075.0,0.0
6897.544056910,10075.0,0.0
6897.553046656,10075.0,0.0
6897.844449068,10075.0,0.0
6897.847849119,10075.0,0.0
6897.857620773,10075.0,0.0
6897.867801758,10075.0,0.0
6897.877792660,10075.0,0.0
6897.887064237,10075.0,0.0
6897.898434959,10075.0,0.0
6897.909082606,10075.0,0.0
6898.060961710,10075.0,0.0
6898.069604876,10075.0,0.0
6898.080011358,10075.0,0.0
6898.089658431,10075.0,0.0
6898.107368675,10075.0,0.0
6898.110209564,10075.0,0.0
6898.386246209,10075.0,0.0
6898.397090520,10075.0,0.0
6898.407058757,10075.0,0.0
6898.416562664,10075.0,0.0
6898.440507514,10075.0,0.0
6898.440548431,10075.0,0.0
6898.446356207,10075.0,0.0
6898.457463099,10075.0,0.0
6898.467210338,10075.0,0.0
6898.476459498,10075.0,0.0
6898.487411141,10075.0,0.0
6898.504719722,10075.0,0.0
6898.507905941,10075.0,0.0
6898.839760627,10075.0,-10.0
6898.849827779,10075.0,-10.0
6898.859053022,10075.0,-10.0
6898.869282006,10075.0,-10.0
6898.879525739,10075.0,-10.0
6898.897339149,10075.0,-10.0
6899.110514324,10075.0,-10.0
6899.120296562,10075.0,-10.0
6899.130872292,10075.0,-10.0
6899.140092286,10075.0,-10.0
6899.150396602,10075.0,-10.0
6899.174763448,10075.0,-10.0
6899.174822281,10075.0,-10.0
6899.709132995,10075.0,0.0
6899.719233980,10075.0,0.0
6899.729444880,10075.0,0.0
6899.739535699,10075.0,0.0
6899.750016180,10075.0,0.0
6899.759404922,10075.0,0.0
6899.769596989,10075.0,0.0
6899.780059554,10075.0,0.0
6899.790244705,10075.0,0.0
6899.801173515,10075.0,0.0
6899.810798421,10075.0,0.0
6899.820068831,10075.0,0.0
6899.830259232,10075.0,0.0
6899.840514799,10075.0,0.0
6899.850690533,10075.0,0.0
6899.860260773,10075.0,0.0
6899.870584589,10075.0,0.0
6899.881173153,10075.0,0.0
6899.893755947,10075.0,0.0
6900.453690245,10075.0,0.0
6900.463382484,10075.0,0.0
6900.473573718,10075.0,0.0
6900.484060616,10075.0,0.0
6900.493161694,10075.0,0.0
6900.503483260,10075.0,0.0
6900.707950519,10075.0,0.0
6900.717681174,10075.0,0.0
6900.728137489,10075.0,0.0
6900.738303973,10075.0,0.0
6900.750455022,10075.0,0.0
6901.102949506,10075.0,10.0
6901.113060074,10075.0,10.0
6901.123447973,10075.0,10.0
6901.134396283,10075.0,0.0
6901.143471111,10075.0,0.0
6901.153612846,10075.0,0.0
6901.165883893,10075.0,0.0
6901.436314843,10075.0,0.0
6901.444663179,10075.0,0.0
6901.454724581,10075.0,0.0
6901.464535318,10075.0,0.0
6901.474853968,10075.0,0.0
6901.485362949,10075.0,0.0
6901.509525880,10075.0,0.0
6901.509585213,10075.0,0.0
6901.578057963,10075.0,0.0
6901.587809118,10075.0,0.0
6901.597079028,10075.0,0.0
6901.607323928,10075.0,0.0
6901.618130656,10075.0,0.0
6901.639675613,10075.0,0.0
6901.639707529,10075.0,0.0
6901.838884757,10075.0,0.0
6901.848134500,10075.0,0.0
6901.858233235,10075.0,0.0
6901.868882048,10075.0,0.0
6901.880115438,10075.0,0.0
6901.893575891,10075.0,0.0
6901.905897771,10075.0,0.0
6901.909882315,10075.0,0.0
6902.447483080,10075.0,10.0
6902.457436650,10075.0,10.0
6902.466264481,10075.0,10.0
6902.476949377,10075.0,10.0
6902.487471941,10075.0,10.0
6902.497806340,10075.0,10.0
6902.784280218,10075.0,0.0
6902.793361546,10075.0,0.0
6902.803937776,10075.0,0.0
6902.813743431,10075.0,0.0
6903.247139044,10075.0,0.0
6903.256119790,10075.0,0.0
6903.266474856,10075.0,0.0
6903.276941837,10075.0,0.0
6903.296045734,10075.0,0.0
6903.511109557,10075.0,0.0
6903.521826202,10075.0,0.0
6903.532036270,10075.0,0.0
6903.541342429,10075.0,0.0
6903.551636829,10075.0,0.0
6903.572538125,10075.0,0.0
6903.572576625,10075.0,0.0
6903.581589371,10075.0,0.0
6903.592074518,10075.0,0.0
6903.601674175,10075.0,0.0
6903.611663244,10075.0,0.0
6903.621649480,10075.0,0.0
6903.631440968,10075.0,0.0
6903.904712141,10075.0,0.0
6903.914321631,10075.0,0.0
6903.924598531,10075.0,0.0
6903.934992429,10075.0,0.0
6903.945448161,10075.0,0.0
6903.964974304,10075.0,0.0
6904.309265118,10075.0,0.0
6904.319033856,10075.0,0.0
6904.329218757,10075.0,0.0
6904.338117004,10075.0,0.0
6904.349188396,10075.0,0.0
6904.362546099,10075.0,0.0
6904.578214166,10075.0,0.0
6904.588403900,10075.0,0.0
6904.599154296,10075.0,0.0
6904.608249374,10075.0,0.0
6904.618561773,10075.0,0.0
6904.635792105,10075.0,0.0
6904.982089317,10075.0,0.0
6904.992755380,10075.0,0.0
6905.003371276,10075.0,0.0
6905.012689102,10075.0,0.0
6905.023182250,10075.0,0.0
6905.034056061,10075.0,0.0
6905.046330441,10075.0,0.0
6905.248382390,10075.0,0.0
6905.258686540,10075.0,0.0
6905.268751859,10075.0,0.0
6905.279172341,10075.0,0.0
6905.291229223,10075.0,0.0
6905.445948050,10075.0,0.0
6905.452416070,10075.0,0.0
6905.462736053,10075.0,0.0
6905.473051286,10075.0,0.0
6905.483707182,10075.0,0.0
6905.494361079,10075.0,0.0
6905.504236482,10075.0,0.0
6906.181486554,10075.0,0.0
6906.192136034,10075.0,0.0
6906.201674691,10075.0,0.0
6906.212149589,10075.0,0.0
6906.221281334,10075.0,0.0
6906.231640733,10075.0,0.0
6906.304584606,10075.0,0.0
6906.315468750,10075.0,0.0
6906.324929241,10075.0,0.0
6906.334785562,10075.0,0.0
6906.345159544,10075.0,0.0
6906.355984939,10075.0,0.0
6906.364943435,10075.0,0.0
6906.375195335,10075.0,0.0
6906.385884648,10075.0,0.0
6906.394912643,10075.0,0.0
6906.405293959,10075.0,0.0
6906.415972605,10075.0,0.0
6906.424891351,10075.0,0.0
6906.435080252,10075.0,0.0
6906.445461401,10075.0,0.0
6906.455905216,10075.0,0.0
6906.465691120,10075.0,0.0
6906.476230518,10075.0,0.0
6906.486014923,10075.0,0.0
6906.497317396,10075.0,0.0
6906.712294553,10075.0,0.0
6906.722272455,10075.0,0.0
6906.732423857,10075.0,0.0
6906.742837338,10075.0,0.0
6906.752257413,10075.0,0.0
6906.762663312,10075.0,0.0
6906.775287606,10075.0,0.0
6906.783120446,10075.0,0.0
6906.792580271,10075.0,0.0
6906.803204251,10075.0,0.0
6906.812424244,10075.0,0.0
6906.822378564,10075.0,0.0
6906.832622631,10075.0,0.0
6906.842457368,10075.0,0.0
6906.852669686,10075.0,0.0
6906.862034594,10075.0,0.0
6906.872583408,10075.0,0.0
6906.882811725,10075.0,0.0
6906.893036459,10075.0,0.0
6906.903429275,10075.0,0.0
6907.177146026,10075.0,0.0
6907.187258094,10075.0,0.0
6907.197908741,10075.0,0.0
6907.207677229,10075.0,0.0
6907.218171127,10075.0,0.0
6907.230178676,10075.0,0.0
6907.434717268,10075.0,0.0
6907.442664941,10075.0,0.0
6907.452763092,10075.0,0.0
6907.462294583,10075.0,0.0
6907.472956396,10075.0,0.0
6907.482843883,10075.0,0.0
6907.500077465,10075.0,0.0
6907.727105088,10075.0,0.0
6907.736050834,10075.0,0.0
6907.746266234,10075.0,0.0
6907.760687177,10075.0,0.0
6908.040464203,10075.0,0.0
6908.050689937,10075.0,0.0
6908.061042336,10075.0,0.0
6908.071313153,10075.0,0.0
6908.081985049,10075.0,0.0
6908.101387943,10075.0,0.0
6908.105014324,10075.0,0.0
6908.178052197,10075.0,10.0
6908.188374429,10075.0,10.0
6908.198871827,10075.0,0.0
6908.208212903,10075.0,0.0
6908.222327265,10075.0,0.0
6908.228913035,10075.0,0.0
6908.310687822,10075.0,0.0
6908.320211312,10075.0,0.0
6908.330935458,10075.0,0.0
6908.341194691,10075.0,0.0
6908.357362534,10075.0,0.0
6908.361754741,10075.0,0.0
6908.644057326,10075.0,10.0
6908.654265060,10075.0,10.0
6908.665041621,10075.0,10.0
6908.675104190,10075.0,10.0
6908.686209582,10075.0,10.0
6908.697500305,10075.0,10.0
6909.174856824,10075.0,0.0
6909.184843976,10075.0,0.0
6909.194956628,10075.0,0.0
6909.204335870,10075.0,0.0
6909.214498438,10075.0,0.0
6909.235154653,10075.0,0.0
6909.235954229,10075.0,0.0
6909.665788127,10075.0,-10.0
6909.675894028,10075.0,-10.0
6909.687827079,10075.0,-10.0
6909.702068857,10075.0,-10.0
6909.706895976,10075.0,-10.0
6910.038297916,10075.0,-10.0
6910.048315152,10075.0,-10.0
6910.059513960,10075.0,-10.0
6910.068466039,10075.0,-10.0
6910.078696856,10075.0,-10.0
6910.095801023,10075.0,-10.0
6910.099534070,10075.0,-10.0
6910.301431104,10075.0,0.0
6910.312077167,10075.0,0.0
6910.320977330,10075.0,0.0
6910.331630893,10075.0,0.0
6910.344105188,10075.0,0.0
6910.352720604,10075.0,0.0
6910.365488647,10075.0,0.0
6910.442125734,10075.0,0.0
6910.454981859,10075.0,-10.0
6910.463965355,10075.0,-10.0
6910.473078433,10075.0,-10.0
6910.483548581,10075.0,-10.0
6910.499983754,10075.0,-10.0
6910.505417451,10075.0,-10.0
6910.570614149,10075.0,0.0
6910.570650149,10075.0,0.0
6910.578377074,10075.0,0.0
6910.587810149,10075.0,0.0
6910.597735719,10075.0,0.0
6910.608028118,10075.0,0.0
6910.618262352,10075.0,0.0
6910.631384308,10075.0,0.0
6910.774499831,10075.0,-10.0
6910.775855151,10075.0,-10.0
6910.786163717,10075.0,-10.0
6910.796480617,10075.0,-10.0
6910.807300095,10075.0,-10.0
6910.816003093,10075.0,-10.0
6910.826580990,10075.0,-10.0
6910.843603325,10075.0,-10.0
6910.917598354,10075.0,-10.0
6910.928038002,10075.0,0.0
6910.938271819,10075.0,0.0
6910.948668468,10075.0,0.0
6911.175937505,10075.0,0.0
6911.185828826,10075.0,0.0
6911.195058319,10075.0,0.0
6911.205354885,10075.0,0.0
6911.215682368,10075.0,10.0
6911.226021101,10075.0,10.0
6911.240455960,10075.0,10.0
6911.246650733,10075.0,10.0
6911.579990404,10075.0,0.0
6911.590303137,10075.0,0.0
6911.600432038,10075.0,0.0
6911.611256350,10075.0,0.0
6911.621317085,10075.0,0.0
6911.631509069,10075.0,0.0
6911.641590221,10075.0,0.0
6911.652091452,10075.0,0.0
6911.662213104,10075.0,0.0
6911.672390838,10075.0,0.0
6911.682658071,10075.0,0.0
6911.692869638,10075.0,0.0
6911.702987540,10075.0,0.0
6911.713425522,10075.0,10.0
6911.723603506,10075.0,10.0
6911.733897655,10075.0,10.0
6911.743421646,10075.0,10.0
6911.757138846,10075.0,10.0
6911.763643616,10075.0,10.0
6912.047193855,10075.0,0.0
6912.057830918,10075.0,0.0
6912.065871840,10075.0,0.0
6912.075980991,10075.0,0.0
6912.089484526,10075.0,0.0
6912.098385523,10075.0,0.0
6912.110826735,10075.0,0.0
6912.118469911,10075.0,0.0
6912.128920976,10075.0,0.0
6912.140021034,10075.0,0.0
6912.150160852,10075.0,0.0
6912.159220514,10075.0,0.0
6912.170893150,10075.0,0.0
6912.180062311,10075.0,0.0
6912.190325211,10075.0,0.0
6912.201421186,10075.0,0.0
6912.210285350,10075.0,0.0
6912.223268640,10075.0,0.0
6912.384491570,10075.0,0.0
6912.395162217,10075.0,0.0
6912.406827603,10075.0,0.0
6912.416799589,10075.0,0.0
6912.426569244,10075.0,0.0
6912.701820231,10075.0,0.0
6912.703720129,10075.0,0.0
6912.713086037,10075.0,0.0
6912.723512519,10075.0,0.0
6912.733914085,10075.0,0.0
6912.742914164,10075.0,0.0
6912.753469478,10075.0,0.0
6912.769230824,10075.0,0.0
6913.099362110,10075.0,0.0
6913.106663872,10075.0,0.0
6913.116193446,10075.0,0.0
6913.126625511,10075.0,0.0
6913.136885244,10075.0,0.0
6913.146318236,10075.0,0.0
6913.157513293,10075.0,0.0
6913.166368290,10075.0,0.0
6913.176492608,10075.0,0.0
6913.187219754,10075.0,0.0
6913.195925086,10075.0,0.0
6913.206080154,10075.0,0.0
6913.216928131,10075.0,0.0
6913.227115532,10075.0,0.0
6913.236658689,10075.0,0.0
6913.247389001,10075.0,0.0
6913.256757410,10075.0,0.0
6913.265837738,10075.0,0.0
6913.276541718,10075.0,0.0
6913.286610370,10075.0,0.0
6913.296830520,10075.0,0.0
6913.307919495,10075.0,0.0
6913.317866399,10075.0,0.0
6913.328105299,10075.0,0.0
6913.337311793,10075.0,0.0
6913.348359018,10075.0,0.0
6913.360229986,10075.0,0.0
6913.368119659,10075.0,0.0
6913.378628890,10075.0,0.0
6913.387366972,10075.0,0.0
6913.398270366,10075.0,0.0
6913.407221445,10075.0,0.0
6913.417875758,10075.0,0.0
6913.428707903,10075.0,0.0
6913.437638066,10075.0,0.0
6913.447252639,10075.0,0.0
6913.457754536,10075.0,0.0
6913.468686097,10075.0,0.0
6913.478799665,10075.0,0.0
6913.489326229,10075.0,0.0
6913.498343474,10075.0,0.0
6913.514038738,10075.0,0.0
6913.519184438,10075.0,0.0
6913.528786511,10075.0,0.0
6913.538982079,10075.0,0.0
6913.549047064,10075.0,0.0
6913.560290955,10075.0,0.0
6913.571871425,10075.0,0.0
6913.578146031,10075.0,0.0
6913.588923009,10075.0,0.0
6913.598169002,10075.0,0.0
6913.608596984,10075.0,0.0
6913.619843625,10075.0,0.0
6913.628018045,10075.0,0.0
6913.638367861,10075.0,0.0
6913.648713344,10075.0,0.0
6913.657873254,10075.0,0.0
6913.668014906,10075.0,0.0
6913.678356805,10075.0,0.0
6913.689194783,10075.0,0.0
6913.698540025,10075.0,0.0
6913.708840008,10075.0,0.0
6913.718102668,10075.0,0.0
6913.728192653,10075.0,0.0
6913.738859966,10075.0,0.0
6913.749103116,10075.0,0.0
6913.759517181,10075.0,0.0
6913.769823081,10075.0,0.0
6913.779786651,10075.0,0.0
6913.789177476,10075.0,0.0
6913.799351210,10075.0,0.0
6913.810151022,10075.0,0.0
6913.820328589,10075.0,0.0
6913.839468320,10075.0,0.0
6913.840900139,10075.0,0.0
6913.850278964,10075.0,0.0
6913.861091859,10075.0,0.0
6913.870069105,10075.0,0.0
6913.880482587,10075.0,0.0
6913.900989220,10075.0,0.0
6913.901244468,10075.0,0.0
6913.910147715,10075.0,0.0
6913.920760611,10075.0,0.0
6913.932299332,10075.0,0.0
6913.940716750,10075.0,0.0
6913.950547155,10075.0,0.0
6913.974743586,10075.0,0.0
6913.974782419,10075.0,0.0
6913.980558112,10075.0,0.0
6913.990817929,10075.0,0.0
6914.000519418,10075.0,0.0
6914.009675245,10075.0,0.0
6914.020902219,10075.0,0.0
6914.032489440,10075.0,0.0
6914.040546695,10075.0,0.0
6914.053690067,10075.0,0.0
6914.060846414,10075.0,0.0
6914.070098074,10075.0,0.0
6914.080419807,10075.0,0.0
6914.103267084,10075.0,0.0
6914.103971161,10075.0,0.0
6914.110548597,10075.0,0.0
6914.120809247,10075.0,0.0
6914.130546485,10075.0,0.0
6914.140444055,10075.0,0.0
6914.150662373,10075.0,0.0
6914.172770574,10075.0,0.0
6914.173386568,10075.0,0.0
6914.183644718,10075.0,0.0
6914.194093866,10075.0,0.0
6914.203095362,10075.0,0.0
6914.213706925,10075.0,0.0
6914.232143496,10075.0,0.0
6914.234968802,10075.0,0.0
6914.244235795,10075.0,0.0
6914.254267447,10075.0,0.0
6914.264967760,10075.0,0.0
6914.275031495,10075.0,0.0
6914.285507060,10075.0,0.0
6914.296874366,10075.0,0.0
6914.307042183,10075.0,0.0
6914.315326936,10075.0,0.0
6914.325457171,10075.0,0.0
6914.336028818,10075.0,0.0
6914.345128812,10075.0,0.0
6914.368315087,10075.0,0.0
6914.368356753,10075.0,0.0
6914.375228353,10075.0,0.0
6914.385422920,10075.0,0.0
6914.395609321,10075.0,0.0
6914.405874304,10075.0,0.0
6914.415551960,10075.0,0.0
6914.432214881,10075.0,0.0
6914.436058760,10075.0,0.0
6914.446221161,10075.0,0.0
6914.456721309,10075.0,0.0
6914.466747211,10075.0,0.0
6914.476991362,10075.0,0.0
6914.493197204,10075.0,0.0
6914.500725464,10075.0,0.0
6914.510325370,10075.0,0.0
6914.520320440,10075.0,0.0
6914.530290259,10075.0,0.0
6914.541554900,10075.0,0.0
6914.550831976,10075.0,0.0
6914.560654964,10075.0,0.0
6914.569982790,10075.0,0.0
6914.580143941,10075.0,0.0
6914.590262592,10075.0,0.0
6914.601756814,10075.0,0.0
6914.611302971,10075.0,10.0
6914.620065302,10075.0,10.0
6914.631021279,10075.0,10.0
6914.640846183,10075.0,10.0
6914.650065760,10075.0,10.0
6914.660334076,10075.0,10.0
6914.670514977,10075.0,0.0
6914.680950792,10075.0,0.0
6914.690221452,10075.0,0.0
6914.700766266,10075.0,0.0
6914.710437005,10075.0,0.0
6914.721248483,10075.0,0.0
6914.730047981,10075.0,0.0
6914.741045541,10075.0,0.0
6914.751864935,10075.0,0.0
6914.770553920,10075.0,0.0
6914.771638909,10075.0,0.0
6914.781822477,10075.0,0.0
6914.791296218,10075.0,0.0
6914.801427619,10075.0,0.0
6914.811836851,10075.0,0.0
6914.826157378,10075.0,0.0
6914.831436160,10075.0,0.0
6914.841729144,10075.0,0.0
6914.850939387,10075.0,0.0
6914.861123538,10075.0,0.0
6914.872526510,10075.0,0.0
6914.881583922,10075.0,0.0
6914.891590741,10075.0,0.0
6914.902633050,10075.0,0.0
6914.912402789,10075.0,0.0
6914.922202027,10075.0,0.0
6914.932768174,10075.0,0.0
6914.942015750,10075.0,0.0
6914.952140568,10075.0,0.0
6914.964381699,10075.0,0.0
6914.973209863,10075.0,0.0
6914.982098860,10075.0,0.0
6914.992362510,10075.0,0.0
6915.002432579,10075.0,0.0
6915.012821644,10075.0,0.0
6915.032416787,10075.0,0.0
6915.033936355,10075.0,0.0
6915.043236598,10075.0,0.0
6915.054025993,10075.0,0.0
6915.065430049,10075.0,0.0
6915.073031891,10075.0,0.0
6915.083579622,10075.0,0.0
6915.093767689,10075.0,0.0
6915.105044246,10075.0,0.0
6915.113340415,10075.0,0.0
6915.124515640,10075.0,10.0
6915.134280545,10075.0,10.0
6915.144415113,10075.0,10.0
6915.154860261,10075.0,10.0
6915.168375380,10075.0,10.0
6915.175198313,10075.0,10.0
6915.185507796,10075.0,10.0
6915.195692864,10075.0,0.0
6915.206062679,10075.0,0.0
6915.216175164,10075.0,0.0
6915.235005147,10075.0,0.0
6915.237453957,10075.0,0.0
6915.248342518,10075.0,0.0
6915.257958924,10075.0,0.0
6915.268243574,10075.0,0.0
6915.278525307,10075.0,0.0
6915.288862123,10075.0,0.0
6915.298867359,10075.0,0.0
6915.309194592,10075.0,0.0
6915.318581000,10075.0,0.0
6915.329411395,10075.0,0.0
6915.338402391,10075.0,0.0
6915.348644957,10075.0,0.0
6915.365252212,10075.0,0.0
6915.372120896,10075.0,0.0
6915.382390296,10075.0,0.0
6915.392785944,10075.0,0.0
6915.402117687,10075.0,0.0
6915.412708917,10075.0,0.0
6915.422745236,10075.0,0.0
6915.436276854,10075.0,0.0
6915.443517534,10075.0,0.0
6915.453561353,10075.0,0.0
6915.464398914,10075.0,0.0
6915.474315900,10075.0,0.0
6915.484780799,10075.0,0.0
6915.506580086,10075.0,0.0
6915.506618253,10075.0,0.0
6915.515797830,10075.0,0.0
6915.526832306,10075.0,0.0
6915.536757292,10075.0,0.0
6915.546174117,10075.0,0.0
6915.556936929,10075.0,0.0
6915.575450916,10075.0,0.0
6915.575918328,10075.0,0.0
6915.587149635,10075.0,0.0
6915.596852707,10075.0,0.0
6915.606065451,10075.0,0.0
6915.616964595,10075.0,0.0
6915.627153246,10075.0,0.0
6915.636310906,10075.0,0.0
6915.646191060,10075.0,0.0
6915.656377044,10075.0,0.0
6915.666528945,10075.0,0.0
6915.677186758,10075.0,0.0
6915.686312753,10075.0,0.0
6915.696765818,10075.0,0.0
6915.706934219,10075.0,0.0
6915.715937714,10075.0,0.0
6915.726384863,10075.0,0.0
6915.737621753,10075.0,0.0
6915.746324418,10075.0,0.0
6915.759297126,10075.0,0.0
6915.767735710,10075.0,0.0
6915.776982120,10075.0,0.0
6915.787118438,10075.0,0.0
6915.797790501,10075.0,0.0
6915.808308648,10075.0,0.0
6915.817755223,10075.0,0.0
6915.828808282,10075.0,0.0
6915.838751518,10075.0,0.0
6915.848688088,10075.0,0.0
6915.859728648,10075.0,0.0
6915.869700217,10075.0,0.0
6915.879939034,10075.0,0.0
6915.892238414,10075.0,0.0
6915.908802920,10075.0,0.0
6915.913053795,10075.0,0.0
6915.922653535,10075.0,0.0
6915.933923592,10075.0,0.0
6915.942112095,10075.0,0.0
6915.952519577,10075.0,0.0
6915.966814522,10075.0,0.0
6915.976424428,10075.0,0.0
6915.985837086,10075.0,0.0
6915.996315568,10075.0,0.0
6916.006475302,10075.0,0.0
6916.016962533,10075.0,0.0
6916.026675855,10075.0,0.0
6916.036488093,10075.0,0.0
6916.047012991,10075.0,0.0
6916.057883135,10075.0,0.0
6916.068446699,10075.0,0.0
6916.078107604,10075.0,0.0
6916.093695203,10075.0,0.0
6916.098041994,10075.0,0.0
6916.107915898,10075.0,0.0
6916.117130808,10075.0,0.0
6916.127283709,10075.0,0.0
6916.137724524,10075.0,0.0
6916.147966341,10075.0,0.0
6916.174026420,10075.0,0.0
6916.174110753,10075.0,0.0
6916.178435461,10075.0,0.0
6916.190154013,10075.0,0.0
6916.198470932,10075.0,0.0
6916.209106912,10075.0,0.0
6916.219233814,10075.0,0.0
6916.229632796,10075.0,0.0
6916.239506116,10075.0,0.0
6916.250061263,10075.0,0.0
6916.259275090,10075.0,0.0
6916.269647489,10075.0,0.0
6916.279761891,10075.0,0.0
6916.298665373,10075.0,0.0
6916.300778686,10075.0,0.0
6916.311521332,10075.0,-10.0
6916.321321653,10075.0,-10.0
6916.330718145,10075.0,-10.0
6916.340767214,10075.0,-10.0
6916.350810199,10075.0,-10.0
6916.360785102,10075.0,-10.0
6916.369985012,10075.0,-10.0
6916.380236413,10075.0,-10.0
6916.390701311,10075.0,-10.0
6916.400755963,10075.0,-10.0
6916.410609783,10075.0,-10.0
6916.424634814,10075.0,-10.0
6916.430129843,10075.0,-10.0
6916.440552159,10075.0,-10.0
6916.450543228,10075.0,-10.0
6916.460636630,10075.0,-10.0
6916.470905863,10075.0,-10.0
6916.481217429,10075.0,-10.0
6916.490793086,10075.0,-10.0
6916.500029163,10075.0,-10.0
6916.510638893,10075.0,-10.0
6916.520566129,10075.0,-10.0
6916.530746114,10075.0,-10.0
6916.540214605,10075.0,-10.0
6916.550534754,10075.0,-10.0
6916.560806821,10075.0,-10.0
6916.570127314,10075.0,-10.0
6916.580323298,10075.0,-10.0
6916.590992194,10075.0,-10.0
6916.601236094,10075.0,-10.0
6916.610378755,10075.0,-10.0
6916.627951417,10075.0,-10.0
6916.631101803,10075.0,-10.0
6916.640713960,10075.0,-10.0
6916.650740945,10075.0,-10.0
6916.660022938,10075.0,-10.0
6916.670277338,10075.0,-10.0
6916.680540488,10075.0,-10.0
6916.690929054,10075.0,-10.0
6916.707269311,10075.0,-10.0
6916.709805953,10075.0,-10.0
6916.720166103,10075.0,-10.0
6916.730290587,10075.0,-10.0
6916.740513238,10075.0,-10.0
6916.750888970,10075.0,-10.0
6916.760885539,10075.0,-10.0
6916.770193699,10075.0,-10.0
6916.780465932,10075.0,-10.0
6916.790697332,10075.0,-10.0
6916.799780911,10075.0,-10.0
6916.810317141,10075.0,-10.0
6916.821041120,10075.0,-10.0
6916.830365446,10075.0,-10.0
6916.840966926,10075.0,-10.0
6916.850318002,10075.0,-10.0
6916.860890649,10075.0,-10.0
6916.870638887,10075.0,-10.0
6916.881195118,10075.0,-10.0
6916.891669433,10075.0,-10.0
6916.905917544,10075.0,-10.0
6916.912827560,10075.0,-10.0
6916.922328051,10075.0,-10.0
6916.932611784,10075.0,-10.0
6916.943041349,10075.0,-10.0
6916.953743578,10075.0,-10.0
6916.968682433,10075.0,-10.0
6916.975090204,10075.0,-10.0
6916.984008783,10075.0,-10.0
6916.995184258,10075.0,-10.0
6917.005108161,10075.0,-10.0
6917.014438154,10075.0,-10.0
6917.031574737,10075.0,-10.0
6917.035890362,10075.0,-10.0
6917.046226594,10075.0,-10.0
6917.056231247,10075.0,-10.0
6917.066401731,10075.0,-10.0
6917.075810473,10075.0,-10.0
6917.086075956,10075.0,-10.0
6917.096369523,10075.0,-10.0
6917.106606423,10075.0,-10.0
6917.116926489,10075.0,-10.0
6917.126365647,10075.0,-10.0
6917.136545631,10075.0,-10.0
6917.147447609,10075.0,-10.0
6917.156700185,10075.0,-10.0
6917.167922826,10075.0,-10.0
6917.178049394,10075.0,-10.0
6917.187479219,10075.0,-10.0
6917.197635787,10075.0,-10.0
6917.206949363,10075.0,-10.0
6917.217380344,10075.0,-10.0
6917.227602328,10075.0,-10.0
6917.238087643,10075.0,-10.0
6917.248241960,10075.0,-10.0
6917.258339195,10075.0,-10.0
6917.268644928,10075.0,0.0
6917.278881829,9780.0,0.0
6917.289071063,9780.0,0.0
6917.299602460,9780.0,0.0
6917.310307023,9780.0,0.0
6917.318927939,9780.0,0.0
6917.329534836,9780.0,0.0
6917.340049317,9780.0,0.0
6917.349083645,9780.0,0.0
6917.359611209,9780.0,0.0
6917.369819360,9780.0,0.0
6917.378991521,9780.0,0.0
6917.390713073,9780.0,0.0
6917.400452062,9780.0,0.0
6917.410858377,9780.0,0.0
6917.423433338,9780.0,0.0
6917.431602258,9780.0,0.0
6917.440712420,9780.0,0.0
6917.450618240,9780.0,0.0
6917.461025055,9780.0,0.0
6917.471118290,9780.0,0.0
6917.481514606,9780.0,0.0
6917.500185757,9780.0,0.0
6917.502530734,9780.0,0.0
6917.513732959,9780.0,0.0
6917.522062711,9780.0,0.0
6917.532324361,9780.0,0.0
6917.542718343,9780.0,0.0
6917.552675246,9780.0,0.0
6917.563123144,9780.0,10.0
6917.573126880,9780.0,10.0
6917.583230699,9780.0,10.0
6917.592620274,9780.0,10.0
6917.601957600,9780.0,10.0
6917.612758078,9780.0,0.0
6917.621870072,9780.0,0.0
6917.632203888,9780.0,0.0
6917.643277114,9780.0,0.0
6917.652528274,9780.0,0.0
6917.663560833,9780.0,0.0
6917.673683234,9780.0,0.0
6917.691256980,9780.0,0.0
6917.696934341,9780.0,0.0
6917.706033836,9780.0,0.0
6917.716203320,9780.0,0.0
6917.727030548,9780.0,0.0
6917.737341365,9780.0,0.0
6917.747981678,9780.0,0.0
6917.764704598,9780.0,0.0
6917.767823484,9780.0,0.0
6917.777795637,9780.0,0.0
6917.787498710,9780.0,0.0
6917.798126273,9780.0,0.0
6917.808071843,9780.0,0.0
6917.818550324,9780.0,0.0
6917.835269161,9780.0,0.0
6917.838597462,9780.0,0.0
6917.848305534,9780.0,0.0
6917.859267094,9780.0,0.0
6917.869675826,9780.0,0.0
6917.879553313,9780.0,0.0
6917.890371708,9780.0,0.0
6917.900815856,9780.0,0.0
6917.910713593,9780.0,0.0
6917.920438832,9780.0,0.0
6917.929616326,9780.0,0.0
6917.939506563,9780.0,0.0
6917.949806296,9780.0,0.0
6917.960225528,9780.0,0.0
6917.969185940,9780.0,0.0
6917.979773337,9780.0,0.0
6917.989826489,9780.0,0.0
6917.999147732,9780.0,0.0
6918.009656046,9780.0,0.0
6918.019631033,9780.0,0.0
6918.030421677,9780.0,0.0
6918.039377757,9780.0,0.0
6918.049497742,9780.0,0.0
6918.059746392,9780.0,0.0
6918.069038135,9780.0,0.0
6918.079175203,9780.0,0.0
6918.089369187,9780.0,0.0
6918.099829335,9780.0,0.0
6918.109929653,9780.0,0.0
6918.119973639,9780.0,0.0
6918.130343538,9780.0,0.0
6918.140731187,9780.0,0.0
6918.150977670,9780.0,0.0
6918.163141468,9780.0,0.0
6918.171615553,9780.0,0.0
6918.182157117,9780.0,0.0
6918.191228862,9780.0,0.0
6918.201359763,9780.0,0.0
6918.211652996,9780.0,0.0
6918.232797790,9780.0,0.0
6918.232844373,9780.0,0.0
6918.244044931,9780.0,0.0
6918.252455765,9780.0,0.0
6918.262376586,9780.0,0.0
6918.272698068,9780.0,0.0
6918.284159540,9780.0,0.0
6918.299410642,9780.0,0.0
6918.304852589,9780.0,0.0
6918.315296737,9780.0,0.0
6918.325488721,9780.0,0.0
6918.335749121,9780.0,0.0
6918.346107437,9780.0,0.0
6918.360551796,9780.0,0.0
6918.366534571,9780.0,0.0
6918.376788138,9780.0,0.0
6918.385959715,9780.0,0.0
6918.396513946,9780.0,0.0
6918.406922428,9780.0,0.0
6918.416331420,9780.0,0.0
6918.430308867,9780.0,0.0
6918.437701878,9780.0,0.0
6918.446066130,9780.0,0.0
6918.456690860,9780.0,0.0
6918.467216841,9780.0,0.0
6918.476129171,9780.0,0.0
6918.486430737,9780.0,0.0
6918.500682015,9780.0,0.0
6918.509029017,9780.0,0.0
6918.517522851,9780.0,0.0
6918.529022572,9780.0,0.0
6918.538501897,9780.0,0.0
6918.548625132,9780.0,0.0
6918.559256528,9780.0,0.0
6918.570947331,9780.0,0.0
6918.580983483,9780.0,0.0
6918.590118311,9780.0,0.0
6918.600804040,9780.0,0.0
6918.610826859,9780.0,0.0
6918.620959511,9780.0,0.0
6918.630607417,9780.0,0.0
6918.640580236,9780.0,0.0
6918.650834553,9780.0,0.0
6918.660278544,9780.0,0.0
6918.670511611,9780.0,0.0
6918.680745428,9780.0,0.0
6918.691069661,9780.0,0.0
6918.710713553,8980.0,0.0
6918.711226132,8980.0,0.0
6918.720983370,8980.0,0.0
6918.730566110,8980.0,0.0
6918.741101174,8980.0,0.0
6918.750017587,8980.0,0.0
6918.762759546,8980.0,0.0
6918.770783802,8980.0,0.0
6918.780737371,8980.0,0.0
6918.790967688,8980.0,0.0
6918.801259755,8980.0,0.0
6918.812440813,8980.0,0.0
6918.824379196,8980.0,0.0
6918.832340036,8980.0,0.0
6918.843067764,8980.0,0.0
6918.852947168,9780.0,0.0
6918.863350484,9780.0,0.0
6918.873261637,9780.0,0.0
6918.883627286,9780.0,0.0
6918.894546263,9780.0,0.0
6918.903785257,9780.0,0.0
6918.913568911,9780.0,0.0
6918.924238807,9780.0,0.0
6918.933349885,9780.0,0.0
6918.943724701,9780.0,0.0
6918.954196266,9780.0,0.0
6918.967230555,9780.0,0.0
6918.974859731,9780.0,0.0
6918.983818311,9780.0,0.0
6918.995269782,9780.0,0.0
6919.005164269,9780.0,0.0
6919.015357837,9780.0,0.0
6919.025450239,9780.0,0.0
6919.036836794,9780.0,0.0
6919.046337702,9780.0,0.0
6919.056528019,9780.0,0.0
6919.066702670,9780.0,0.0
6919.077148652,9780.0,0.0
6919.091091266,9780.0,0.0
6919.098665776,9780.0,0.0
6919.107463190,9780.0,0.0
6919.117422343,9780.0,0.0
6919.127665160,9780.0,0.0
6919.137470064,9780.0,0.0
6919.147856963,9780.0,0.0
6919.157284455,9780.0,0.0
6919.169150506,9780.0,0.0
6919.177241677,9780.0,0.0
6919.188174321,9780.0,0.0
6919.198052808,9780.0,0.0
6919.207653214,9780.0,0.0
6919.217571368,9780.0,0.0
6919.228358346,9780.0,0.0
6919.238275166,9780.0,0.0
6919.248268819,9780.0,0.0
6919.258980798,9780.0,0.0
6919.268153542,9780.0,0.0
6919.278330693,9780.0,0.0
6919.289025089,9780.0,0.0
6919.298232416,9780.0,0.0
6919.308517732,9780.0,0.0
6919.318604384,9780.0,0.0
6919.329246697,9780.0,0.0
6919.340102675,9780.0,0.0
6919.349408334,9780.0,0.0
6919.361547049,9780.0,0.0
6919.371135706,9780.0,0.0
6919.380119452,9780.0,0.0
6919.390495517,9780.0,0.0
6919.400975749,9780.0,0.0
6919.410979568,9780.0,0.0
6919.420917054,9780.0,0.0
6919.433591098,9780.0,0.0
6919.442444928,9780.0,0.0
6919.450406517,9780.0,0.0
6919.461126580,9780.0,0.0
6919.470354823,9780.0,0.0
6919.481168051,9780.0,0.0
6919.490191047,9780.0,0.0
6919.501181106,9780.0,0.0
6919.511585672,9780.0,0.0
6919.520056256,9780.0,0.0
6919.531150814,9780.0,0.0
6919.540837803,9780.0,0.0
6919.551210952,9780.0,0.0
6919.561596851,9780.0,0.0
6919.570693513,9780.0,0.0
6919.581072078,9780.0,0.0
6919.590959982,9780.0,0.0
6919.600510056,9780.0,0.0
6919.610470292,9780.0,0.0
6919.620960523,9780.0,0.0
6919.637515029,9780.0,0.0
6919.642098901,9780.0,0.0
6919.652322384,9780.0,0.0
6919.662711033,9780.0,0.0
6919.672298940,9780.0,0.0
6919.682314426,9780.0,0.0
6919.694031728,9780.0,0.0
6919.709328746,9780.0,0.0
6919.713129542,9780.0,0.0
6919.723706606,9780.0,0.0
6919.733737258,9780.0,0.0
6919.742918752,9780.0,0.0
6919.753520816,9780.0,0.0
6919.763968297,9780.0,0.0
6919.773252290,9780.0,0.0
6919.783483941,9780.0,0.0
6919.793640175,9780.0,0.0
6919.803881075,9780.0,0.0
6919.814333140,9780.0,0.0
6919.825412616,9780.0,0.0
6919.834959773,9780.0,0.0
6919.845146757,9780.0,0.0
6919.855220825,9780.0,0.0
6919.864609734,9780.0,0.0
6919.874477221,9780.0,0.0
6919.888570501,9780.0,0.0
6919.896312175,9780.0,0.0
6919.906635408,9780.0,0.0
6919.916711977,9780.0,0.0
6919.928444446,9780.0,0.0
6919.937809688,9780.0,0.0
6919.947240596,9780.0,0.0
6919.959398894,9780.0,0.0
6919.969865459,9780.0,0.0
6919.994828966,9780.0,0.0
6919.995087714,9780.0,0.0
6920.000583577,9780.0,0.0
6920.008934579,9780.0,0.0
6920.019049397,9780.0,0.0
6920.034339498,9780.0,0.0
6920.039507364,9780.0,0.0
6920.048410028,9780.0,0.0
6920.058966258,9780.0,0.0
6920.069142659,9780.0,0.0
6920.078466152,9780.0,0.0
6920.103576657,9780.0,0.0
6920.103631823,9780.0,0.0
6920.109462516,9780.0,0.0
6920.118853425,9780.0,0.0
6920.128545914,9780.0,0.0
6920.138712565,9780.0,0.0
6920.148326888,9780.0,0.0
6920.164477897,9780.0,0.0
6920.172847483,9780.0,0.0
6920.182123476,9780.0,0.0
6920.192178628,9780.0,0.0
6920.202454278,9780.0,0.0
6920.212843343,9780.0,0.0
6920.228378692,9780.0,0.0
6920.233272728,9780.0,0.0
6920.243415045,9780.0,0.0
6920.253349699,9780.0,0.0
6920.263437017,9780.0,0.0
6920.273831166,9780.0,0.0
6920.282882411,9780.0,0.0
6920.293023729,9780.0,0.0
6920.303551210,9780.0,0.0
6920.313646195,9780.0,0.0
6920.323666181,9780.0,0.0
6920.333093506,9780.0,0.0
6920.343186574,9780.0,0.0
6920.353619389,9780.0,0.0
6920.364280285,9780.0,0.0
6920.373436613,9780.0,0.0
6920.383528764,9780.0,0.0
6920.394029079,9780.0,0.0
6920.403025575,9780.0,0.0
6920.413676721,9780.0,0.0
6920.427505170,9780.0,0.0
6920.435235011,9780.0,0.0
6920.444639836,9780.0,0.0
6920.452959088,9780.0,0.0
6920.464703474,9780.0,0.0
6920.474086549,9780.0,0.0
6920.483142378,9780.0,0.0
6920.494809181,9780.0,0.0
6920.504612419,9780.0,0.0
6920.513080586,9780.0,0.0
6920.523235737,9780.0,0.0
6920.533400972,9780.0,0.0
6920.543686205,9780.0,0.0
6920.552988864,9780.0,0.0
6920.563627511,9780.0,0.0
6920.573661746,9780.0,0.0
6920.584068728,9780.0,0.0
6920.594188380,9780.0,0.0
6920.604160449,9780.0,0.0
6920.614521599,9780.0,0.0
6920.624687666,9780.0,0.0
6920.633810494,9780.0,0.0
6920.644394224,9780.0,0.0
6920.654851873,9780.0,0.0
6920.665364437,9780.0,0.0
6920.675037676,9780.0,0.0
6920.684844164,9780.0,0.0
6920.696887130,9780.0,0.0
6920.705093550,9780.0,0.0
6920.714456375,9780.0,0.0
6920.724859524,9780.0,0.0
6920.734305182,9780.0,0.0
6920.744939579,9780.0,0.0
6920.755122063,9780.0,0.0
6920.765279547,9780.0,0.0
6920.776577271,9780.0,0.0
6920.786626756,9780.0,0.0
6920.796920739,9780.0,0.0
6920.806585478,9780.0,0.0
6920.816783962,9780.0,0.0
6920.830599495,9780.0,0.0
6920.840741146,9780.0,0.0
6920.848063824,9780.0,0.0
6920.857281651,9780.0,0.0
6920.867488219,9780.0,0.0
6920.877761119,9780.0,0.0
6920.887272609,9780.0,0.0
6920.901548470,9780.0,0.0
6920.908208406,9780.0,0.0
6920.916986903,9780.0,0.0
6920.927818131,9780.0,0.0
6920.937520703,9780.0,0.0
6920.948132600,9780.0,0.0
6920.957066930,9780.0,0.0
6920.969259228,9780.0,0.0
6920.977693562,9780.0,0.0
6920.988425124,9780.0,0.0
6920.999668432,9780.0,0.0
6921.008372430,9780.0,0.0
6921.020853642,9780.0,0.0
6921.029498558,9780.0,0.0
6921.039287712,9780.0,0.0
6921.050089024,9780.0,0.0
6921.059175602,9780.0,0.0
6921.069549251,9780.0,0.0
6921.123648891,9780.0,0.0
6921.123757807,9780.0,0.0
6921.133286131,9780.0,0.0
6921.144319440,9780.0,0.0
6921.153746015,9780.0,0.0
6921.163932665,9780.0,0.0
6921.174176399,9780.0,0.0
6921.184295300,9780.0,0.0
6921.193094465,9780.0,0.0
6921.204402271,9780.0,0.0
6921.215590246,9780.0,0.0
6921.225477483,9780.0,0.0
6921.235687300,9780.0,0.0
6921.246009700,9780.0,0.0
6921.256409348,9780.0,0.0
6921.266561333,9780.0,0.0
6921.277007398,9780.0,0.0
6921.289814023,9780.0,0.0
6921.297758779,9780.0,0.0
6921.306947190,9780.0,0.0
6921.317170507,9780.0,0.0
6921.327639321,9780.0,0.0
6921.337886388,9780.0,0.0
6921.347635127,9780.0,0.0
6921.371236480,9780.0,0.0
6921.371372562,9780.0,0.0
6921.378202162,9780.0,0.0
6921.387562238,9780.0,0.0
6921.397854971,9780.0,0.0
6921.408690449,9780.0,0.0
6921.418587352,9780.0,0.0
6921.429257332,9780.0,0.0
6921.439313567,9780.0,0.0
6921.449302137,9780.0,0.0
6921.459567537,9780.0,0.0
6921.469839187,9780.0,0.0
6921.478916515,9780.0,0.0
6921.489401330,9780.0,0.0
6921.499519898,9780.0,0.0
6921.509576633,9780.0,0.0
6921.520293779,9780.0,0.0
6921.530976675,9780.0,0.0
6921.540852329,9780.0,0.0
6921.551788222,9780.0,0.0
6921.561579293,9780.0,0.0
6921.572364272,9780.0,0.0
6921.581530849,9780.0,0.0
6921.591852582,9780.0,0.0
6921.600979243,9780.0,0.0
6921.612010969,9780.0,0.0
6921.625104508,9780.0,0.0
6921.631569279,9780.0,0.0
6921.642181925,9780.0,0.0
6921.652547991,9780.0,0.0
6921.663435718,9780.0,0.0
6921.674527360,9780.0,0.0
6921.695776237,9780.0,0.0
6921.695818153,9780.0,0.0
6921.705099146,9780.0,0.0
6921.714842884,9780.0,0.0
6921.724385458,9780.0,0.0
6921.735354601,9780.0,0.0
6921.745553585,9780.0,0.0
6921.763732742,9780.0,0.0
6921.767085126,9780.0,0.0
6921.776678782,9780.0,0.0
6921.787428761,9780.0,0.0
6921.796462090,9780.0,0.0
6921.807018237,9780.0,0.0
6921.816825058,9780.0,0.0