%time,field.velocity,field.angle
6961.137130433,9780.0,0.0
6961.146895505,9780.0,0.0
6961.156787408,9780.0,0.0
6961.168452545,9780.0,0.0
6961.186072207,9780.0,0.0
6961.190230166,9780.0,0.0
6961.198919415,9780.0,0.0
6961.209240231,9780.0,0.0
6961.220526538,9780.0,0.0
6961.229785114,9780.0,0.0
6961.240048848,9780.0,0.0
6961.250919575,9780.0,0.0
6961.262557128,9780.0,0.0
6961.283270677,9780.0,0.0
6961.283303760,9780.0,0.0
6961.292981916,9780.0,0.0
6961.319228160,9780.0,0.0
6961.320411815,9780.0,0.0
6961.328856650,9780.0,0.0
6961.334049766,9780.0,0.0
6961.347291637,9780.0,0.0
6961.353741074,9780.0,0.0
6961.365420627,9780.0,0.0
6961.375788693,9780.0,0.0
6961.387061499,9780.0,0.0
6961.398105642,9780.0,0.0
6961.405988565,9780.0,0.0
6961.415953551,9780.0,0.0
6961.425928538,9780.0,0.0
6961.438611581,9780.0,0.0
6961.447515744,9780.0,0.0
6961.456133244,9780.0,0.0
6961.466457476,9780.0,0.0
6961.482687068,9780.0,0.0
6961.487923934,9780.0,0.0
6961.497527757,9780.0,0.0
6961.507596409,9780.0,0.0
6961.519640958,9780.0,0.0
6961.534797644,9780.0,0.0
6961.539649347,9780.0,0.0
6961.549905580,9780.0,0.0
6961.560382812,9780.0,0.0
6961.570735544,9780.0,0.0
6961.579211378,9780.0,0.0
6961.589964024,9780.0,0.0
6961.600772502,9780.0,0.0
6961.609805747,9780.0,0.0
6961.619848566,9780.0,0.0
6961.629878718,9780.0,0.0
6961.639579207,9780.0,0.0
6961.649547694,9780.0,0.0
6961.660095091,9780.0,0.0
6961.669233502,9780.0,0.0
6961.679284904,9780.0,0.0
6961.689678469,9780.0,0.0
6961.702413512,9780.0,0.0
6961.710243853,9780.0,0.0
6961.721389827,9780.0,0.0
6961.732406053,9780.0,0.0
6961.742058626,9780.0,0.0
6961.752701689,9780.0,0.0
6961.761262189,9780.0,0.0
6961.771380924,9780.0,0.0
6961.781919821,9780.0,0.0
6961.790927234,9780.0,0.0
6961.801080468,9780.0,0.0
6961.811377284,9780.0,0.0
6961.822143930,9780.0,0.0
6961.831787169,9780.0,0.0
6961.844983374,9780.0,0.0
6961.852226053,9780.0,0.0
6961.862299039,9780.0,0.0
6961.873111183,9780.0,0.0
6961.883245918,9780.0,0.0
6961.892414412,9780.0,0.0
6961.902760228,9780.0,0.0
6961.913779287,9780.0,0.0
6961.922921532,9780.0,0.0
6961.932066193,9780.0,0.0
6961.942603090,9780.0,0.0
6961.952777658,9780.0,0.0
6961.965668032,9780.0,0.0
6961.978918403,9780.0,0.0
6961.985624504,9780.0,0.0
6961.995851405,9780.0,0.0
6962.006051722,9780.0,0.0
6962.016559953,9780.0,0.0
6962.027121600,9780.0,0.0
6962.040085057,9780.0,0.0
6962.045376173,9780.0,0.0
6962.056231817,9780.0,0.0
6962.066247636,9780.0,0.0
6962.076064540,9780.0,0.0
6962.085693780,9780.0,0.0
6962.100250388,9780.0,0.0
6962.110696453,9780.0,0.0
6962.120479441,9780.0,0.0
6962.133691146,9780.0,0.0
6962.140569246,9780.0,0.0
6962.150852145,9780.0,0.0
6962.161727706,9780.0,0.0
6962.172371769,9780.0,0.0
6962.181929593,9780.0,0.0
6962.196802281,9780.0,0.0
6962.201422820,9780.0,0.0
6962.211559138,9780.0,0.0
6962.222030369,9780.0,0.0
6962.230971949,9780.0,0.0
6962.241663761,9780.0,0.0
6962.251887495,9780.0,0.0
6962.260813241,9780.0,0.0
6962.271077641,9780.0,0.0
6962.281490957,9780.0,0.0
6962.291408444,9780.0,0.0
6962.301770509,9780.0,0.0
6962.312463738,9780.0,0.0
6962.321446734,9780.0,0.0
6962.332502377,9780.0,0.0
6962.341914868,9780.0,0.0
6962.351697856,9780.0,0.0
6962.368135113,9780.0,0.0
6962.372281489,9780.0,0.0
6962.382190643,9780.0,0.0
6962.392689791,9780.0,0.0
6962.403119689,9780.0,0.0
6962.412301766,9780.0,0.0
6962.426113049,9780.0,0.0
6962.435521124,9780.0,0.0
6962.443788210,9780.0,0.0
6962.453328867,9780.0,0.0
6962.463825265,9780.0,0.0
6962.473957833,9780.0,0.0
6962.483150326,9780.0,0.0
6962.495771037,9780.0,0.0
6962.503602377,9780.0,0.0
6962.513025452,9780.0,0.0
6962.523295019,9780.0,0.0
6962.534340328,9780.0,0.0
6962.543924735,9780.0,0.0
6962.554728713,9780.0,0.0
6962.564809115,9780.0,0.0
6962.576894997,9780.0,0.0
6962.585254999,9780.0,0.0
6962.595040154,9780.0,0.0
6962.604985140,9780.0,0.0
6962.614314133,9780.0,0.0
6962.624827780,9780.0,0.0
6962.635096264,9780.0,0.0
6962.644320340,9780.0,0.0
6962.655949144,9780.0,0.0
6962.665379135,9780.0,0.0
6962.674810877,9780.0,0.0
6962.689365568,9780.0,0.0
6962.700795374,9780.0,0.0
6962.708220052,9780.0,0.0
6962.718223537,9780.0,0.0
6962.728346522,9780.0,0.0
6962.737578182,9780.0,0.0
6962.748087580,9780.0,0.0
6962.759157889,9780.0,0.0
6962.772791506,10580.0,0.0
6962.781212757,10580.0,0.0
6962.789891673,10580.0,0.0
6962.799294248,10580.0,0.0
6962.810707220,10580.0,0.0
6962.819472968,10580.0,0.0
6962.841217340,10580.0,0.0
6962.841265256,10580.0,0.0
6962.849353427,10580.0,0.0
6962.859890075,10580.0,0.0
6962.869512731,10580.0,0.0
6962.879416135,10580.0,0.0
6962.891652099,10580.0,0.0
6962.902181080,10580.0,0.0
6962.910769163,10580.0,0.0
6962.919956573,10580.0,0.0
6962.930319806,10580.0,0.0
6962.940441707,10580.0,0.0
6962.950987604,10580.0,0.0
6962.961529002,10580.0,0.0
6962.970778245,10580.0,0.0
6962.982217384,10580.0,0.0
6962.990738717,10580.0,0.0
6963.000705870,10580.0,0.0
6963.009417452,10580.0,0.0
6963.019825851,10580.0,0.0
6963.029139843,10580.0,0.0
6963.039043914,10580.0,0.0
6963.049658227,10580.0,0.0
6963.059849794,10075.0,0.0
6963.076772046,10075.0,0.0
6963.080496260,10075.0,0.0
6963.090859409,10075.0,0.0
6963.101118476,10075.0,0.0
6963.111360126,10075.0,0.0
6963.130529356,10075.0,0.0
6963.131890509,10075.0,0.0
6963.141368251,10075.0,0.0
6963.151760733,10075.0,0.0
6963.162290880,10075.0,0.0
6963.175744332,10075.0,0.0
6963.181835523,10075.0,0.0
6963.192763167,10075.0,0.0
6963.201506165,10075.0,0.0
6963.211539567,10075.0,0.0
6963.222890457,10075.0,0.0
6963.231157293,10075.0,0.0
6963.241542358,10075.0,0.0
6963.251417596,10075.0,0.0
6963.262180574,10075.0,0.0
6963.271356151,10075.0,0.0
6963.281861966,10075.0,0.0
6963.291474039,10075.0,0.0
6963.301781439,10075.0,0.0
6963.312561250,10075.0,0.0
6963.321117250,10075.0,0.0
6963.331719230,10075.0,0.0
6963.341651467,10075.0,0.0
6963.352113948,10075.0,0.0
6963.368790119,10075.0,0.0
6963.375781551,10075.0,0.0
6963.385019961,10075.0,0.0
6963.394671201,10075.0,0.0
6963.404871518,10075.0,0.0
6963.420750113,10075.0,0.0
6963.442435319,10075.0,0.0
6963.442462402,10075.0,0.0
6963.448173596,10075.0,0.0
6963.456017770,10075.0,0.0
6963.465333679,10075.0,0.0
6963.475846827,10075.0,0.0
6963.485019571,10075.0,0.0
6963.495825466,10075.0,0.0
6963.508476676,10075.0,0.0
6963.518077499,10075.0,0.0
6963.529645386,10075.0,0.0
6963.538713048,10075.0,0.0
6963.550749098,10075.0,0.0
6963.563125727,10075.0,0.0
6963.570921401,10075.0,0.0
6963.580625973,10075.0,0.0
6963.592965686,10075.0,0.0
6963.602255263,10075.0,0.0
6963.611165759,10075.0,0.0
6963.625527536,10075.0,0.0
6963.632507885,10075.0,0.0
6963.643572694,10075.0,0.0
6963.652620439,10075.0,0.0
6963.663058754,10075.0,0.0
6963.673245988,10075.0,0.0
6963.688843753,10075.0,0.0
6963.696925508,10075.0,0.0
6963.705188427,10075.0,0.0
6963.715657325,10075.0,0.0
6963.726091307,10075.0,0.0
6963.736130626,10075.0,0.0
6963.746992020,10075.0,0.0
6963.762950781,10075.0,0.0
6963.766285832,10075.0,0.0
6963.776383234,10075.0,0.0
6963.786790799,10075.0,0.0
6963.797352863,10075.0,0.0
6963.807485098,10075.0,0.0
6963.817904663,10075.0,0.0
6963.830234543,10075.0,0.0
6963.837491472,10075.0,0.0
6963.846844714,10075.0,0.0
6963.856963366,10075.0,0.0
6963.868122007,10075.0,0.0
6963.878173493,10075.0,0.0
6963.887891231,10075.0,0.0
6963.899263871,10075.0,0.0
6963.908728445,10075.0,0.0
6963.918908513,10075.0,0.0
6963.929725657,10075.0,0.0
6963.940381137,10075.0,0.0
6963.951601028,10075.0,0.0
6963.975621710,10075.0,0.0
6963.975671960,10075.0,0.0
6963.984569873,10075.0,0.0
6963.995183603,10075.0,0.0
6964.003203359,10075.0,0.0
6964.013411759,10075.0,0.0
6964.023660743,10075.0,0.0
6964.034083475,10075.0,0.0
6964.043009221,10075.0,0.0
6964.053967364,10075.0,0.0
6964.063750852,10075.0,0.0
6964.073933836,10075.0,0.0
6964.084121321,10075.0,0.0
6964.094381721,10075.0,0.0
6964.104519455,10075.0,0.0
6964.114798855,10075.0,0.0
6964.124856674,10075.0,0.0
6964.134787827,10075.0,0.0
6964.144744064,10075.0,0.0
6964.154723550,10075.0,0.0
6964.168499499,10075.0,0.0
6964.177330580,10075.0,0.0
6964.185126837,10075.0,0.0
6964.196006314,10075.0,0.0
6964.205320557,10075.0,0.0
6964.214714049,10075.0,0.0
6964.228162835,10075.0,0.0
6964.236343338,10075.0,0.0
6964.246376491,10075.0,0.0
6964.255098322,10075.0,0.0
6964.265954883,10075.0,0.0
6964.276744862,10075.0,0.0
6964.285443444,10075.0,0.0
6964.298300902,10075.0,0.0
6964.306364157,10075.0,0.0
6964.316107728,10075.0,0.0
6964.327534700,10075.0,0.0
6964.337187773,10075.0,0.0
6964.346446016,10075.0,0.0
6964.365911160,10075.0,0.0
6964.372164933,10075.0,0.0
6964.381050179,10075.0,0.0
6964.390317839,10075.0,0.0
6964.400861403,10075.0,0.0
6964.410989971,10075.0,0.0
6964.420788959,10075.0,0.0
6964.430759029,10075.0,0.0
6964.442069002,10075.0,0.0
6964.452334819,10075.0,0.0
6964.463199879,10075.0,0.0
6964.471906211,10075.0,0.0
6964.481762615,10075.0,0.0
6964.492108598,10075.0,0.0
6964.505200887,10075.0,0.0
6964.512549816,10075.0,0.0
6964.523338377,10075.0,0.0
6964.532337123,10075.0,0.0
6964.543864261,10075.0,0.0
6964.562610828,10075.0,0.0
6964.567333782,10075.0,0.0
6964.576258612,10075.0,0.0
6964.586479762,10075.0,0.0
6964.596710413,10075.0,0.0
6964.608356216,10075.0,0.0
6964.617482710,10075.0,0.0
6964.630627249,10075.0,0.0
6964.640780317,10075.0,0.0
6964.647771249,10075.0,0.0
6964.658616560,10075.0,0.0
6964.667416141,10075.0,0.0
6964.677625125,10075.0,0.0
6964.687973774,10075.0,0.0
6964.700253821,10075.0,0.0
6964.707662666,10075.0,0.0
6964.717777900,10075.0,0.0
6964.728363297,10075.0,0.0
6964.737473959,10075.0,0.0
6964.747628610,10075.0,0.0
6964.764763026,10075.0,0.0
6964.770304889,10075.0,0.0
6964.777524735,10075.0,0.0
6964.788410296,10075.0,0.0
6964.797819871,10075.0,0.0
6964.807886690,10075.0,0.0
6964.818111674,10075.0,0.0
6964.828551405,10075.0,0.0
6964.838622140,10075.0,0.0
6964.849180621,10075.0,0.0
6964.862058579,10075.0,0.0
6964.870944492,10075.0,0.0
6964.881257142,10075.0,0.0
6964.890840299,10075.0,0.0
6964.902124605,10075.0,0.0
6964.910200277,10075.0,0.0
6964.921067838,10075.0,0.0
6964.930980908,10075.0,0.0
6964.942540629,10075.0,0.0
6964.952271450,10075.0,0.0
6964.963989003,10075.0,0.0
6964.972959749,10075.0,0.0
6964.982221076,10075.0,0.0
6964.992552392,10075.0,0.0
6965.003032706,10075.0,0.0
6965.012253116,10075.0,0.0
6965.026104148,10075.0,0.0
6965.038513111,10075.0,0.0
6965.042815235,10075.0,0.0
6965.052522224,10075.0,0.0
6965.063328869,10075.0,0.0
6965.072261365,10075.0,0.0
6965.082631014,10075.0,0.0
6965.092952331,10075.0,0.0
6965.102235490,10075.0,0.0
6965.112140310,10075.0,0.0
6965.122512293,10075.0,0.0
6965.133943931,10075.0,0.0
6965.142549264,10075.0,0.0
6965.155691553,10075.0,0.0
6965.162553736,10075.0,0.0
6965.177455508,10075.0,0.0
6965.183725113,10075.0,0.0
6965.193102272,10075.0,0.0
6965.203253423,10075.0,0.0
6965.213814320,10075.0,0.0
6965.223717891,10075.0,0.0
6965.233104883,10075.0,0.0
6965.243272534,10075.0,0.0
6965.253334269,10075.0,0.0
6965.263529503,10075.0,0.0
6965.273641238,10075.0,0.0
6965.283589224,10075.0,0.0
6965.294220454,10075.0,0.0
6965.304226107,10075.0,0.0
6965.315439998,10075.0,0.0
6965.326467473,10075.0,0.0
6965.336063880,10075.0,0.0
6965.346772526,10075.0,0.0
6965.359107572,10075.0,0.0
6965.365920173,10075.0,0.0
6965.375255248,10075.0,0.0
6965.385368483,10075.0,0.0
6965.395421219,10075.0,0.0
6965.405691035,10075.0,0.0
6965.415051944,10075.0,0.0
6965.425143263,10075.0,0.0
6965.435699327,10075.0,0.0
6965.446232974,10075.0,0.0
6965.454883723,10075.0,0.0
6965.465596452,10075.0,0.0
6965.475593105,10075.0,0.0
6965.486294501,10075.0,0.0
6965.496779315,10075.0,0.0
6965.506975549,10075.0,0.0
6965.517254116,10075.0,0.0
6965.528103927,10075.0,0.0
6965.537822415,10075.0,0.0
6965.547114325,10075.0,0.0
6965.562874505,10075.0,0.0
6965.571407255,10075.0,0.0
6965.580102004,10075.0,0.0
6965.590941732,10075.0,0.0
6965.602475786,10075.0,0.0
6965.611438365,10075.0,0.0
6965.620532110,10075.0,0.0
6965.632922739,10075.0,0.0
6965.644792624,10075.0,0.0
6965.651355060,10075.0,0.0
6965.660855634,10075.0,0.0
6965.671245866,10075.0,0.0
6965.681625599,10075.0,0.0
6965.691733500,10075.0,0.0
6965.701853485,10075.0,0.0
6965.712270383,10075.0,0.0
6965.722239620,10075.0,0.0
6965.732431270,10075.0,0.0
6965.742671171,10075.0,0.0
6965.752096912,10075.0,0.0
6965.762231480,10075.0,0.0
6965.773171124,10075.0,0.0
6965.782835446,10075.0,0.0
6965.793223929,10075.0,0.0
6965.803658577,10075.0,0.0
6965.818151936,10075.0,0.0
6965.830945561,10075.0,0.0
6965.843828269,10075.0,0.0
6965.850040459,10075.0,0.0
6965.857526886,10075.0,0.0
6965.868203198,10075.0,0.0
6965.877030112,10075.0,0.0
6965.887387012,10075.0,0.0
6965.898057324,10075.0,0.0
6965.908381641,10075.0,0.0
6965.917829465,10075.0,0.0
6965.928158865,10075.0,0.0
6965.938287349,10075.0,0.0
6965.948612165,10075.0,0.0
6965.959714224,10075.0,0.0
6965.968568971,10075.0,0.0
6965.978505124,10075.0,0.0
6965.994062223,10075.0,0.0
6965.998796927,10075.0,0.0
6966.008150752,10075.0,0.0
6966.021231292,10075.0,0.0
6966.051036751,10075.0,0.0
6966.051090001,10075.0,0.0
6966.051128334,10075.0,0.0
6966.059871415,10075.0,0.0
6966.069372823,10075.0,0.0
6966.079280893,10075.0,0.0
6966.089511627,10075.0,0.0
6966.099620112,10075.0,0.0
6966.110007261,10075.0,0.0
6966.120349243,10075.0,10.0
6966.131565467,10075.0,10.0
6966.141199873,10075.0,10.0
6966.151766521,10075.0,10.0
6966.161787840,10075.0,10.0
6966.178667009,10075.0,10.0
6966.185811522,10075.0,0.0
6966.196225921,10075.0,0.0
6966.202650358,10075.0,0.0
6966.212599678,10075.0,0.0
6966.222944911,10075.0,0.0
6966.232846148,10075.0,0.0
6966.256065172,10075.0,0.0
6966.256097005,10075.0,0.0
6966.264207259,10075.0,0.0
6966.274589741,10075.0,0.0
6966.283796902,10075.0,0.0
6966.293885470,10075.0,0.0
6966.313288031,10075.0,0.0
6966.314351521,10075.0,0.0
6966.324685420,10075.0,0.0
6966.335225651,10075.0,0.0
6966.344401895,10075.0,0.0
6966.355089374,10075.0,0.0
6966.364762863,10075.0,0.0
6966.375008930,10075.0,0.0
6966.392916922,10075.0,0.0
6966.395133151,10075.0,0.0
6966.405561633,10075.0,0.0
6966.428887822,10075.0,0.0
6966.429025737,10075.0,0.0
6966.438276564,10075.0,0.0
6966.449817452,10075.0,0.0
6966.457703125,10075.0,0.0
6966.467889692,10075.0,0.0
6966.476953354,10075.0,0.0
6966.487507251,10075.0,0.0
6966.498010649,10075.0,0.0
6966.506864896,10075.0,0.0
6966.517352044,10075.0,0.0
6966.527242698,10075.0,0.0
6966.537383016,10075.0,0.0
6966.548441658,10075.0,0.0
6966.557767734,10075.0,0.0
6966.567208642,10075.0,0.0
6966.577936204,10075.0,0.0
6966.587236947,10075.0,0.0
6966.597646846,10075.0,0.0
6966.608774404,10075.0,0.0
6966.618781056,10075.0,0.0
6966.631847429,10075.0,0.0
6966.644452306,10075.0,0.0
6966.651758569,10075.0,0.0
6966.660860480,10075.0,0.0
6966.671606875,10075.0,0.0
6966.681875942,10075.0,0.0
6966.691690847,10075.0,0.0
6966.702127412,10075.0,0.0
6966.712049898,10075.0,0.0
6966.722257299,10075.0,0.0
6966.732614281,10075.0,0.0
6966.743021847,10075.0,0.0
6966.752917500,10075.0,0.0
6966.763767395,10075.0,0.0
6966.773767214,10075.0,0.0
6966.782983624,10075.0,0.0
6966.793756686,10075.0,0.0
6966.804364749,10075.0,0.0
6966.813497327,10075.0,0.0
6966.823863309,10075.0,0.0
6966.843226204,10075.0,0.0
6966.847124500,10075.0,0.0
6966.857642897,10075.0,0.0
6966.867508301,10075.0,0.0
6966.876719461,10075.0,0.0
6966.887216693,10075.0,0.0
6966.897613675,10075.0,0.0
6966.913354688,10075.0,0.0
6966.920856448,10075.0,0.0
6966.927855130,10075.0,0.0
6966.937108207,10075.0,0.0
6966.947348024,10075.0,0.0
6966.957918337,10075.0,0.0
6966.967495161,10075.0,0.0
6966.994858978,10075.0,0.0
6966.994903477,10075.0,0.0
6966.997880282,10075.0,0.0
6967.007520521,10075.0,0.0
6967.017815171,10075.0,0.0
6967.028167403,10075.0,0.0
6967.038476886,10075.0,0.0
6967.064557466,10075.0,0.0
6967.064688798,10075.0,0.0
6967.072769052,10075.0,0.0
6967.082865371,10075.0,0.0
6967.092141531,10075.0,0.0
6967.102747427,10075.0,0.0
6967.118641606,10075.0,0.0
6967.124429549,10075.0,0.0
6967.135043946,10075.0,0.0
6967.145149264,10075.0,0.0
6967.155411914,10075.0,0.0
6967.166010145,10075.0,0.0
6967.176842372,10075.0,0.0
6967.185403039,10075.0,0.0
6967.201514799,10075.0,0.0
6967.206393251,10075.0,0.0
6967.215239415,10075.0,0.0
6967.225886312,10075.0,0.0
6967.243366141,10075.0,0.0
6967.247299353,10075.0,0.0
6967.259245987,10075.0,0.0
6967.266233335,10075.0,0.0
6967.276679650,10075.0,0.0
6967.287361380,10075.0,0.0
6967.299064349,10075.0,0.0
6967.306918689,10075.0,0.0
6967.317177423,10075.0,0.0
6967.331687031,10075.0,0.0
6967.336319070,10075.0,0.0
6967.347025465,10075.0,0.0
6967.357284699,10075.0,0.0
6967.366397527,10075.0,0.0
6967.384600683,10075.0,0.0
6967.386861994,10075.0,10.0
6967.396826230,10075.0,10.0
6967.406715217,10075.0,10.0
6967.416961951,10075.0,10.0
6967.426229527,10075.0,10.0
6967.438356159,10075.0,0.0
6967.447787817,10075.0,0.0
6967.458498547,10075.0,0.0
6967.468005871,10075.0,0.0
6967.477945774,10075.0,0.0
6967.487149434,10075.0,0.0
6967.502703949,10075.0,0.0
6967.513469261,10075.0,0.0
6967.518673044,10075.0,0.0
6967.529444856,10075.0,0.0
6967.540106002,10075.0,0.0
6967.551469558,10075.0,0.0
6967.563219360,10075.0,0.0
6967.573503927,10075.0,0.0
6967.587130377,10075.0,0.0
6967.589918517,10075.0,0.0
6967.651564917,10075.0,0.0
6967.661636902,10075.0,0.0
6967.670289734,10075.0,0.0
6967.684032350,10075.0,0.0
6967.699362034,10075.0,0.0
6967.704418569,10075.0,0.0
6967.773972308,10075.0,0.0
6967.785309781,10075.0,0.0
6967.794648607,10075.0,0.0
6967.804844674,10075.0,0.0
6967.816049565,10075.0,0.0
6967.824973645,10075.0,0.0
6967.834380386,10075.0,0.0
6967.847427593,10075.0,0.0
6968.035312430,10075.0,0.0
6968.045070835,10075.0,0.0
6968.054307078,10075.0,0.0
6968.064754310,10075.0,0.0
6968.074939044,10075.0,10.0
6968.084312536,10075.0,10.0
6968.097911320,10075.0,10.0
6968.306957701,10075.0,0.0
6968.316604358,10075.0,0.0
6968.327377586,10075.0,0.0
6968.337646069,10075.0,0.0
6968.350503861,10075.0,0.0
6968.362797408,10075.0,0.0
6968.376950187,10075.0,0.0
6968.381704807,10075.0,0.0
6968.705489071,10075.0,0.0
6968.714303068,10075.0,0.0
6968.724951215,10075.0,0.0
6968.734986617,10075.0,0.0
6968.744835938,10075.0,0.0
6968.754374678,10075.0,0.0
6968.780420591,10075.0,0.0
6968.780733921,10075.0,0.0
6968.790886906,10075.0,0.0
6968.797832922,10075.0,0.0
6968.807446745,10075.0,0.0
6968.818837384,10075.0,0.0
6968.831761841,10075.0,0.0
6968.842959066,10075.0,0.0
6968.993671431,10075.0,0.0
6969.003839832,10075.0,0.0
6969.013479655,10075.0,0.0
6969.023410308,10075.0,0.0
6969.034099538,10075.0,0.0
6969.044093607,10075.0,0.0
6969.057600809,10075.0,0.0
6969.068849116,10075.0,0.0
6969.655006158,10075.0,0.0
6969.655227990,10075.0,0.0
6969.663350994,10075.0,0.0
6969.672322740,10075.0,0.0
6969.683092635,10075.0,0.0
6969.698792815,10075.0,0.0
6969.703354104,10075.0,0.0
6969.978809255,10075.0,0.0
6969.989278570,10075.0,0.0
6969.998146817,10075.0,0.0
6970.008486800,10075.0,0.0
6970.019082030,10075.0,0.0
6970.260850092,10075.0,0.0
6970.271041160,10075.0,0.0
6970.280295736,10075.0,0.0
6970.291658626,10075.0,0.0
6970.304632916,10075.0,0.0
6970.639653071,10075.0,10.0
6970.649480225,10075.0,10.0
6970.658591636,10075.0,0.0
6970.669346781,10075.0,0.0
6970.679923095,10075.0,0.0
6970.689668750,10075.0,0.0
6970.701731966,10075.0,0.0
6970.845777397,10075.0,0.0
6970.855988131,10075.0,0.0
6970.865654703,10075.0,0.0
6970.876304850,10075.0,0.0
6970.886587749,10075.0,0.0
6970.895813076,10075.0,0.0
6970.906852635,10075.0,0.0
6970.916580041,10075.0,0.0
6970.925740285,10075.0,0.0
6970.935777604,10075.0,0.0
6970.945768423,10075.0,0.0
6970.955883075,10075.0,0.0
6971.194498168,10075.0,0.0
6971.204786818,10075.0,0.0
6971.214182559,10075.0,0.0
6971.227447597,10075.0,0.0
6971.238222075,10075.0,0.0
6971.249202802,10075.0,0.0
6971.259703033,10075.0,0.0
6971.268936443,10075.0,0.0
6971.277967105,10075.0,0.0
6971.288181839,10075.0,0.0
6971.298338573,10075.0,0.0
6971.308588724,10075.0,0.0
6971.319044872,10075.0,0.0
6971.327955535,10075.0,0.0
6971.338074020,10075.0,0.0
6971.351209642,10075.0,0.0
6971.358988733,10075.0,0.0
6971.369211217,10075.0,0.0
6971.379693365,10075.0,0.0
6971.390962588,10075.0,0.0
6971.398971010,10075.0,0.0
6971.409412408,10075.0,0.0
6971.419659392,10075.0,0.0
6971.438722123,10075.0,0.0
6971.637472354,10075.0,0.0
6971.646257936,10075.0,0.0
6971.655739093,10075.0,0.0
6971.666099242,10075.0,0.0
6971.674924156,10075.0,0.0
6971.685389471,10075.0,0.0
6971.695652371,10075.0,0.0
6971.709166240,10075.0,0.0
6971.715325096,10075.0,0.0
6971.725724078,10075.0,10.0
6971.735679232,10075.0,10.0
6971.746241212,10075.0,10.0
6971.755009127,10075.0,10.0
6971.765158278,10075.0,10.0
6971.775895840,10075.0,10.0
6971.785742827,10075.0,10.0
6971.795423316,10075.0,10.0
6971.805587384,10075.0,0.0
6971.815922283,10075.0,0.0
6971.825725771,10075.0,0.0
6971.836078337,10075.0,0.0
6971.846910232,10075.0,0.0
6971.856630637,10075.0,0.0
6971.866610290,10075.0,0.0
6971.877504267,10075.0,0.0
6971.886392847,10075.0,0.0
6971.900078797,10075.0,0.0
6971.907670640,10075.0,0.0
6971.917271713,10075.0,0.0
6971.927654862,10075.0,0.0
6971.938426924,10075.0,0.0
6971.947505252,10075.0,0.0
6971.958357147,10075.0,0.0
6971.968593630,10075.0,0.0
6972.048492186,10075.0,0.0
6972.058601920,10075.0,0.0
6972.068743322,10075.0,0.0
6972.078197230,10075.0,0.0
6972.088654044,10075.0,0.0
6972.098683363,10075.0,0.0
6972.107953023,10075.0,0.0
6972.118135674,10075.0,0.0
6972.128247326,10075.0,0.0
6972.138732640,10075.0,0.0
6972.148876708,10075.0,0.0
6972.159013443,10075.0,0.0
6972.169556007,10075.0,0.0
6972.179808657,10075.0,0.0
6972.189219815,10075.0,0.0
6972.199481882,10075.0,0.0
6972.209869614,10075.0,0.0
6972.219163357,10075.0,0.0
6972.445051741,10075.0,0.0
6972.455182809,10075.0,0.0
6972.465280044,10075.0,0.0
6972.476159605,10075.0,0.0
6972.486274423,10075.0,0.0
6972.496773737,10075.0,0.0
6972.508049877,10075.0,0.0
6972.517486702,10075.0,0.0
6972.526418698,10075.0,0.0
6972.537039095,10075.0,0.0
6972.546093674,10075.0,0.0
6972.556366157,10075.0,0.0
6972.568430956,10075.0,0.0
6972.577690533,10075.0,0.0
6972.586923109,10075.0,0.0
6972.597223092,10075.0,0.0
6972.637302619,10075.0,0.0
6972.639337516,10075.0,0.0
6972.648209513,10075.0,0.0
6972.659027074,10075.0,0.0
6972.668739146,10075.0,0.0
6972.678878464,10075.0,0.0
6972.697650031,10075.0,0.0
6972.699373931,10075.0,0.0
6972.710662238,10075.0,0.0
6972.721466049,10075.0,0.0
6972.731420952,10075.0,0.0
6972.741658603,10075.0,0.0
6972.753055158,10075.0,0.0
6972.764239883,10075.0,0.0
6972.773581375,10075.0,0.0
6972.906954993,10075.0,0.0
6972.915830407,10075.0,0.0
6972.925937475,10075.0,0.0
6972.936327540,10075.0,0.0
6972.946488525,10075.0,0.0
6972.956935923,10075.0,0.0
6972.966273832,10075.0,0.0
6972.976943395,10075.0,0.0
6972.986786549,10075.0,0.0
6972.997270364,10075.0,0.0
6973.007469764,10075.0,0.0
6973.017427917,10075.0,0.0
6973.027827316,10075.0,0.0
6973.037628221,10075.0,0.0
6973.047663206,10075.0,0.0
6973.057790191,10075.0,0.0
6973.067042518,10075.0,0.0
6973.077375917,10075.0,0.0
6973.092659351,10075.0,0.0
6973.173958227,10075.0,0.0
6973.183273802,10075.0,0.0
6973.194196113,10075.0,0.0
6973.204392430,10075.0,0.0
6973.216983141,10075.0,0.0
6973.229105356,10075.0,0.0
6973.240349413,10075.0,0.0
6973.251200308,10075.0,0.0
6973.500849293,10075.0,0.0
6973.510078870,10075.0,0.0
6973.520471019,10075.0,0.0
6973.530910001,10075.0,0.0
6973.541195651,10075.0,0.0
6973.550313978,10075.0,0.0
6973.566212074,10075.0,0.0
6973.785930518,10075.0,0.0
6973.795141595,10075.0,0.0
6973.805284579,10075.0,0.0
6973.815788143,10075.0,0.0
6973.866396484,10075.0,0.0
6973.876060890,10075.0,0.0
6973.885658630,10075.0,0.0
6973.897541514,10075.0,0.0
6974.112064925,10075.0,-10.0
6974.112182841,10075.0,-10.0
6974.121586582,10075.0,-10.0
6974.131174989,10075.0,-10.0
6974.141199641,10075.0,-10.0
6974.155894832,10075.0,-10.0
6974.162886514,10075.0,-10.0
6974.188605680,10075.0,-10.0
6974.188721429,10075.0,-10.0
6974.193935045,10075.0,-10.0
6974.402866510,10075.0,-10.0
6974.413330075,10075.0,-10.0
6974.423437727,10075.0,-10.0
6974.434284454,10075.0,-10.0
6974.665397621,10075.0,-10.0
6974.674970027,10075.0,-10.0
6974.683965190,10075.0,-10.0
6974.695078082,10075.0,-10.0
6974.704874319,10075.0,-10.0
6974.714805473,10075.0,-10.0
6974.725487285,10075.0,-10.0
6974.735605270,10075.0,-10.0
6974.746054835,10075.0,-10.0
6974.758882210,10075.0,-10.0
6974.766734467,10075.0,-10.0
6974.778820349,10075.0,-10.0
6974.789407080,10075.0,-10.0
6974.799278067,10075.0,-10.0
6974.809708882,10075.0,-10.0
6974.824583820,10075.0,-10.0
6974.834746888,10075.0,-10.0
6975.173685171,10075.0,10.0
6975.175561153,10075.0,10.0
6975.185122310,10075.0,10.0
6975.196540615,10075.0,10.0
6975.205769359,10075.0,10.0
6975.215192017,10075.0,10.0
6975.225932329,10075.0,0.0
6975.238277209,10075.0,0.0
6975.703845509,10075.0,10.0
6975.712963753,10075.0,10.0
6975.723073572,10075.0,10.0
6975.733809134,10075.0,0.0
6975.743647788,10075.0,0.0
6975.753857105,10075.0,0.0
6975.763451762,10075.0,0.0
6975.773198917,10075.0,0.0
6975.783239819,10075.0,0.0
6975.793975965,10075.0,0.0
6975.802962210,10075.0,0.0
6975.813986436,10075.0,0.0
6975.824037088,10075.0,0.0
6975.836295302,10075.0,0.0
6975.845325715,10075.0,0.0
6975.857343097,10075.0,0.0
6975.866214511,10075.0,0.0
6975.876512328,10075.0,0.0
6975.889746865,10075.0,0.0
6975.898867110,10075.0,0.0
6976.126985222,10075.0,0.0
6976.137261622,10075.0,0.0
6976.149389337,10075.0,0.0
6976.157303177,10075.0,0.0
6976.168081072,10075.0,0.0
6976.187154886,10075.0,0.0
6976.188766287,10075.0,0.0
6976.269220420,10075.0,0.0
6976.279380571,10075.0,0.0
6976.289720137,10075.0,0.0
6976.300007537,10075.0,0.0
6976.310039689,10075.0,0.0
6976.320262840,10075.0,0.0
6976.330410991,10075.0,0.0
6976.340513309,10075.0,0.0
6976.351210205,10075.0,0.0
6976.360652030,10075.0,0.0
6976.370616183,10075.0,0.0
6976.380400671,10075.0,0.0
6976.390590738,10075.0,0.0
6976.400829555,10075.0,0.0
6976.410062632,10075.0,0.0
6976.420407365,10075.0,0.0
6976.430607765,10075.0,0.0
6976.441522159,10075.0,0.0
6976.450163658,10075.0,0.0
6976.460836388,10075.0,0.0
6976.470914373,10075.0,0.0
6976.480364614,10075.0,0.0
6976.490600681,10075.0,0.0
6976.503855886,10075.0,0.0
6976.514490115,10075.0,0.0
6976.640766052,10075.0,0.0
6976.645299758,10075.0,0.0
6976.656649064,10075.0,0.0
6976.666883048,10075.0,0.0
6976.676552287,10075.0,0.0
6976.700879967,10075.0,0.0
6976.702843115,10075.0,0.0
6976.843571661,10075.0,0.0
6976.853864644,10075.0,0.0
6976.863420384,10075.0,0.0
6976.873942949,10075.0,0.0
6976.883708770,10075.0,0.0
6976.895282574,10075.0,0.0
6976.903920407,10075.0,0.0
6976.913472397,10075.0,0.0
6976.984721287,10075.0,0.0
6976.994037279,10075.0,0.0
6977.004295763,10075.0,0.0
6977.014366915,10075.0,0.0
6977.024897895,10075.0,0.0
6977.034787799,10075.0,0.0
6977.043893210,10075.0,0.0
6977.055350349,10075.0,0.0
6977.064731174,10075.0,0.0
6977.074019084,10075.0,0.0
6977.084610397,10075.0,0.0
6977.094804381,10075.0,0.0
6977.104751451,10075.0,0.0
6977.115444264,10075.0,0.0
6977.124401260,10075.0,-10.0
6977.134648827,10075.0,-10.0
6977.145386805,10075.0,-10.0
6977.158019932,10075.0,-10.0
6977.165648025,10075.0,-10.0
6977.176032840,10075.0,-10.0
6977.185890078,10075.0,-10.0
6977.303269351,10075.0,0.0
6977.310055869,10075.0,0.0
6977.319650609,10075.0,0.0
6977.329137849,10075.0,0.0
6977.338649507,10075.0,0.0
6977.348355246,10075.0,0.0
6977.359060558,10075.0,0.0
6977.369537706,10075.0,0.0
6977.380359851,10075.0,0.0
6977.450438335,10075.0,0.0
6977.459444331,10075.0,0.0
6977.469835979,10075.0,0.0
6977.479791216,10075.0,0.0
6977.490100782,10075.0,0.0
6977.499390442,10075.0,0.0
6977.516529191,10075.0,0.0
6977.520877316,10075.0,0.0
6977.531216798,10075.0,0.0
6977.541518948,10075.0,0.0
6977.554019826,10075.0,0.0
6977.567478195,10075.0,0.0
6977.573661052,10075.0,0.0
6977.910699520,10075.0,0.0
6977.923153649,10075.0,0.0
6977.930274079,10075.0,0.0
6977.940831060,10075.0,0.0
6977.955793414,10075.0,0.0
6977.964870576,10075.0,0.0
6977.974294567,10075.0,0.0
6977.984470218,10075.0,0.0
6977.994641619,10075.0,0.0
6978.004878270,10075.0,0.0
6978.015039004,10075.0,0.0
6978.025367487,10075.0,0.0
6978.035606387,10075.0,0.0
6978.045808121,10075.0,0.0
6978.055221863,10075.0,0.0
6978.065391097,10075.0,10.0
6978.075528748,10075.0,10.0
6978.085709566,10075.0,10.0
6978.094951226,10075.0,10.0
6978.105456457,10075.0,10.0
6978.115321194,10075.0,10.0
6978.125743259,10075.0,10.0
6978.135513331,10075.0,0.0
6978.145592899,10075.0,0.0
6978.156549793,10075.0,0.0
6978.171106984,10075.0,0.0
6978.308981308,10075.0,0.0
6978.318385717,10075.0,0.0
6978.328872531,10075.0,0.0
6978.342314401,10075.0,0.0
6978.351858558,10075.0,0.0
6978.361396215,10075.0,0.0
6978.451240590,10075.0,0.0
6978.462240566,10075.0,10.0
6978.471951888,10075.0,10.0
6978.481172882,10075.0,10.0
6978.493479095,10075.0,10.0
6978.503227000,10075.0,10.0
6978.646360190,10075.0,0.0
6978.656143011,10075.0,0.0
6978.665802251,10075.0,0.0
6978.676252482,10075.0,0.0
6978.686106053,10075.0,0.0
6978.696360786,10075.0,0.0
6978.968540303,10075.0,0.0
6978.978657954,10075.0,0.0
6978.988135445,10075.0,0.0
6978.998255930,10075.0,0.0
6979.008569746,10075.0,0.0
6979.018989228,10075.0,0.0
6979.171828407,10075.0,0.0
6979.180096493,10075.0,0.0
6979.190544391,10075.0,0.0
6979.201057455,10075.0,0.0
6979.210559279,10075.0,0.0
6979.220428017,10075.0,0.0
6979.231421910,10075.0,0.0
6979.242363220,10075.0,0.0
6979.251181551,10075.0,0.0
6979.262298776,10075.0,0.0
6979.271062190,10075.0,0.0
6979.281146592,10075.0,0.0
6979.291387076,10075.0,0.0
6979.302030555,10075.0,0.0
6979.310871386,10075.0,0.0
6979.321881029,10075.0,0.0
6979.332175595,10075.0,0.0
6979.341923334,10075.0,0.0
6979.355059206,10075.0,0.0
6979.362430884,10075.0,0.0
6979.513304915,10075.0,0.0
6979.522983321,10075.0,0.0
6979.532029566,10075.0,0.0
6979.542670879,10075.0,0.0
6979.555387422,10075.0,0.0
6979.635650724,10075.0,0.0
6979.645843374,10075.0,0.0
6979.656177524,10075.0,0.0
6979.666589839,10075.0,0.0
6979.677306735,10075.0,0.0
6979.691277182,10075.0,0.0
6979.696358799,10075.0,-10.0
6979.706736365,10075.0,-10.0
6979.847939990,10075.0,0.0
6979.857608396,10075.0,0.0
6979.867698131,10075.0,0.0
6979.877013790,10075.0,0.0
6979.887309106,10075.0,0.0
6979.897633589,10075.0,0.0
6979.907883989,10075.0,0.0
6979.917771976,10075.0,0.0
6979.926891971,10075.0,0.0
6979.937570284,10075.0,0.0
6979.947889850,10075.0,0.0
6979.957829753,10075.0,0.0
6979.967928905,10075.0,0.0
6979.977779225,10075.0,0.0
6979.987499131,10075.0,0.0
6979.997684032,10075.0,0.0
6980.007399520,10075.0,0.0
6980.017740003,10075.0,0.0
6980.027928820,10075.0,0.0
6980.037362145,10075.0,0.0
6980.048036375,10075.0,0.0
6980.057713614,10075.0,0.0
6980.068011430,10075.0,0.0
6980.078180831,10075.0,0.0
6980.093643014,10075.0,10.0
6980.304474961,10075.0,0.0
6980.313448707,10075.0,0.0
6980.323814106,10075.0,0.0
6980.333807759,10075.0,0.0
6980.344405989,10075.0,0.0
6980.354579723,10075.0,0.0
6980.365280536,10075.0,0.0
6980.377253419,10075.0,0.0
6980.387759567,10075.0,0.0
6980.397574638,10075.0,0.0
6980.408189534,10075.0,0.0
6980.418112688,10075.0,0.0
6980.427679928,10075.0,0.0
6980.437020920,10075.0,0.0
6980.447194155,10075.0,0.0
6980.457505304,10075.0,0.0
6980.467941703,10075.0,0.0
6980.477410860,10075.0,0.0
6980.487940758,10075.0,0.0
6980.513671341,10075.0,0.0
6980.513800589,10075.0,0.0
6980.580061611,10075.0,0.0
6980.590504259,10075.0,0.0
6980.598963427,10075.0,0.0
6980.609134994,10075.0,0.0
6980.619968972,10075.0,0.0
6980.629798960,10075.0,0.0
6980.640149776,10075.0,0.0
6980.650337093,10075.0,0.0
6980.660549160,10075.0,0.0
6980.670671395,10075.0,-10.0
6980.681810620,10075.0,-10.0
6980.690705450,10075.0,-10.0
6980.700033359,10075.0,-10.0
6980.710373425,10075.0,-10.0
6980.720830990,10075.0,-10.0
6980.730907725,10075.0,-10.0
6980.740769629,10075.0,-10.0
6980.750721616,10075.0,-10.0
6980.761344096,10075.0,-10.0
6980.771337582,10075.0,-10.0
6981.035766173,10075.0,-10.0
6981.045244081,10075.0,-10.0
6981.055741646,10075.0,-10.0
6981.065566383,10075.0,-10.0
6981.076326612,10075.0,-10.0
6981.085109360,10075.0,-10.0
6981.095330343,10075.0,-10.0
6981.105601493,10075.0,-10.0
6981.115921393,10075.0,-10.0
6981.125070971,10075.0,-10.0
6981.136187029,10075.0,-10.0
6981.145560271,10075.0,-10.0
6981.155918087,10075.0,-10.0
6981.165223913,10075.0,-10.0
6981.175426397,10075.0,-10.0
6981.185677380,10075.0,-10.0
6981.196166028,10075.0,-10.0
6981.206964840,10075.0,-10.0
6981.220258544,10075.0,-10.0
6981.593345244,10075.0,-10.0
6981.602059493,10075.0,-10.0
6981.612511724,10075.0,-10.0
6981.622951456,10075.0,-10.0
6981.635969579,10075.0,0.0
6981.724065055,10075.0,0.0
6981.734246789,10075.0,0.0
6981.744700354,10075.0,0.0
6981.761387358,10075.0,0.0
6981.765236820,10075.0,0.0
6982.114719751,10075.0,0.0
6982.124926651,10075.0,0.0
6982.135520798,10075.0,0.0
6982.199931171,10075.0,0.0
6982.209244830,10075.0,0.0
6982.219703395,10075.0,-10.0
6982.230036294,10075.0,-10.0
6982.239213372,10075.0,-10.0
6982.249620520,10075.0,-10.0
6982.259918253,10075.0,-10.0
6982.269935406,10075.0,-10.0
6982.287080572,10075.0,-10.0
6982.291252532,10075.0,0.0
6982.301438599,10075.0,0.0
6982.310952590,10075.0,0.0
6982.325459532,10075.0,0.0
6982.330509649,10075.0,0.0
6982.571470220,10075.0,0.0
6982.573878946,10075.0,0.0
6982.584881839,10075.0,0.0
6982.595069740,10075.0,0.0
6982.605176308,10075.0,0.0
6982.615771372,10075.0,0.0
6982.625400278,10075.0,0.0
6982.636110674,10075.0,0.0
6982.901724087,10075.0,0.0
6982.909142515,10075.0,0.0
6982.919789161,10075.0,0.0
6982.930066228,10075.0,0.0
6982.984058536,10075.0,0.0
6982.992366871,10075.0,0.0
6983.000674041,10075.0,0.0
6983.009773035,10075.0,0.0
6983.020073435,10075.0,0.0
6983.033367805,10075.0,0.0
6983.124315753,10075.0,0.0
6983.134836317,10075.0,0.0
6983.145138050,10075.0,0.0
6983.154321878,10075.0,0.0
6983.164750943,10075.0,0.0
6983.181084117,10075.0,0.0
6983.239083886,10075.0,0.0
6983.239119552,10075.0,0.0
6983.246885226,10075.0,0.0
6983.256739714,10075.0,0.0
6983.266468536,10075.0,0.0
6983.276299773,10075.0,0.0
6983.287453915,10075.0,0.0
6983.297636816,10075.0,0.0
6983.307476970,10075.0,10.0
6983.506567281,10075.0,0.0
6983.512843553,10075.0,0.0
6983.523106537,10075.0,0.0
6983.532114449,10075.0,0.0
6983.543933667,10075.0,0.0
6983.553056245,10075.0,0.0
6983.696852928,10075.0,0.0
6983.705713175,10075.0,0.0
6983.714589422,10075.0,0.0
6983.724535325,10075.0,0.0
6983.734686060,10075.0,0.0
6983.748357927,10075.0,0.0
6983.764077607,10075.0,0.0
6983.768494481,10075.0,0.0
6984.175138438,10075.0,0.0
6984.181438543,10075.0,0.0
6984.192071273,10075.0,0.0
6984.202033759,10075.0,0.0
6984.211969329,10075.0,0.0
6984.226105025,10075.0,0.0
6984.232417213,10075.0,0.0
6984.430307870,10075.0,0.0
6984.432309350,10075.0,0.0
6984.442475835,10075.0,0.0
6984.452651985,10075.0,0.0
6984.464727201,10075.0,0.0
6984.473640448,10075.0,0.0
6984.484051763,10075.0,0.0
6984.495250904,10075.0,0.0
6984.727984554,10075.0,0.0
6984.737893125,10075.0,0.0
6984.748884184,10075.0,0.0
6984.759925243,10075.0,0.0
6984.781583116,10075.0,0.0
6984.781614699,10075.0,0.0
6984.792634175,10075.0,0.0
6984.800785429,10075.0,0.0
6984.810959246,10075.0,0.0
6984.821313062,10075.0,0.0
6984.832004292,10075.0,0.0
6984.843108850,10075.0,0.0
6984.986044875,10075.0,0.0
6984.986179457,10075.0,0.0
6984.993415553,10075.0,0.0
6985.003718703,10075.0,0.0
6985.013694772,10075.0,0.0
6985.028540378,10075.0,0.0
6985.327979295,10075.0,0.0
6985.338217362,10075.0,0.0
6985.347975017,10075.0,0.0
6985.357211677,10075.0,0.0
6985.367362412,10075.0,0.0
6985.377607896,10075.0,0.0
6985.387985378,10075.0,0.0
6985.398842522,10075.0,0.0
6985.408540844,10075.0,0.0
6985.418867910,10075.0,0.0
6985.428319485,10075.0,0.0
6985.439910289,10075.0,0.0
6985.448095626,10075.0,0.0
6985.458665023,10075.0,0.0
6985.469005006,10075.0,0.0
6985.478657995,10075.0,0.0
6985.488760897,10075.0,0.0
6985.501026277,10075.0,0.0
6985.508400289,10075.0,0.0
6985.519103018,10075.0,0.0
6985.529253669,10075.0,0.0
6985.539214655,10075.0,0.0
6985.552640608,10075.0,0.0
6985.560435865,10075.0,0.0
6985.782842033,10075.0,0.0
6985.791970444,10075.0,0.0
6985.802619840,10075.0,0.0
6985.813356569,10075.0,0.0
6985.825585367,10075.0,0.0
6985.832284052,10075.0,0.0
6985.843140946,10075.0,0.0
6985.852411772,10075.0,0.0
6985.862494674,10075.0,0.0
6985.872712741,10075.0,0.0
6985.882355481,10075.0,0.0
6985.894228615,10075.0,0.0
6985.903671773,10075.0,0.0
6985.913560677,10075.0,0.0
6985.923877076,10075.0,0.0
6985.933504316,10075.0,0.0
6985.943755133,10075.0,0.0
6985.954091532,10075.0,0.0
6985.979486868,10075.0,0.0
6985.979613700,10075.0,0.0
6985.983968325,10075.0,0.0
6986.317297412,10075.0,0.0
6986.320583630,10075.0,0.0
6986.329630292,10075.0,0.0
6986.340275688,10075.0,0.0
6986.350133509,10075.0,0.0
6986.362885385,10075.0,0.0
6986.576254141,10075.0,0.0
6986.586384625,10075.0,0.0
6986.596560776,10075.0,0.0
6986.606741177,10075.0,0.0
6986.616313667,10075.0,0.0
6986.626443485,10075.0,0.0
6986.636517720,10075.0,0.0
6986.646745038,10075.0,0.0
6986.655908198,10075.0,0.0
6986.666253431,10075.0,0.0
6986.676407499,10075.0,0.0
6986.687050562,10075.0,0.0
6986.696868633,10075.0,0.0
6986.707094867,10075.0,0.0
6986.717575431,10075.0,0.0
6986.727708666,10075.0,0.0
6986.737205407,10075.0,0.0
6986.747699804,10075.0,0.0
6986.758353534,10075.0,0.0
6986.769213595,10075.0,0.0
6987.174742563,10075.0,0.0
6987.184208637,10075.0,0.0
6987.195135864,10075.0,0.0
6987.204321275,10075.0,0.0
6987.214549759,10075.0,0.0
6987.448153317,10075.0,0.0
6987.459192793,10075.0,0.0
6987.468335204,10075.0,0.0
6987.479276181,10075.0,0.0
6987.490274324,10075.0,0.0
6987.662035818,10075.0,10.0
6987.671306394,10075.0,0.0
6987.682910115,10075.0,0.0
6987.699956782,10075.0,0.0
6987.702059345,10075.0,0.0
6987.712220329,10075.0,0.0
6987.723107390,10075.0,0.0
6987.732282967,10075.0,0.0
6987.742756949,10075.0,0.0
6987.773188486,10075.0,0.0
6987.782956640,10075.0,0.0
6987.793298290,10075.0,0.0
6987.804232183,10075.0,0.0
6987.813545343,10075.0,0.0
6987.828689362,10075.0,0.0
6987.833786896,10075.0,0.0
6987.986052913,10075.0,0.0
6987.995844568,10075.0,0.0
6988.006815377,10075.0,0.0
6988.015492876,10075.0,0.0
6988.025645277,10075.0,0.0
6988.037897825,10075.0,0.0
6988.045361085,10075.0,0.0
6988.310861917,10075.0,0.0
6988.320704988,10075.0,0.0
6988.330259728,10075.0,0.0
6988.340584544,10075.0,0.0
6988.351265357,10075.0,0.0
6988.367210868,10075.0,0.0
6988.372129904,10075.0,0.0
6988.634730430,10075.0,0.0
6988.645049746,10075.0,0.0
6988.655444561,10075.0,0.0
6988.665662462,10075.0,0.0
6988.676519773,10075.0,0.0
6988.765587406,10075.0,0.0
6988.776216885,10075.0,0.0
6988.785426546,10075.0,0.0
6988.847178861,10075.0,0.0
6988.857169181,10075.0,0.0
6988.867382498,10075.0,0.0
6988.877502316,10075.0,0.0
6988.887893715,10075.0,0.0
6988.897197041,10075.0,0.0
6989.447083520,10075.0,0.0
6989.458202745,10075.0,10.0
6989.467878734,10075.0,10.0
6989.477068894,10075.0,10.0
6989.487862206,10075.0,10.0
6989.503386555,10075.0,10.0
6989.508828252,10075.0,10.0
6989.908254779,10075.0,0.0
6989.917974184,10075.0,0.0
6989.928115752,10075.0,0.0
6989.938284570,10075.0,0.0
6989.950675449,10075.0,0.0
6989.958918869,10075.0,0.0
6989.970656505,10075.0,0.0
6990.321634171,10075.0,0.0
6990.387208865,10075.0,0.0
6990.396659440,10075.0,0.0
6990.406709009,10075.0,0.0
6990.418970056,10075.0,0.0
6990.842371183,10075.0,0.0
6990.851947007,10075.0,0.0
6990.861671245,10075.0,0.0
6990.871912646,10075.0,0.0
6990.881141222,10075.0,0.0
6990.895533166,10075.0,0.0
6990.903777919,10075.0,0.0
6990.914472648,10075.0,0.0
6990.923979305,10075.0,0.0
6990.934945032,10075.0,0.0
6990.944606521,10075.0,0.0
6990.955222418,10075.0,0.0
6990.967152635,10075.0,0.0
6990.975252639,10075.0,0.0
6991.046400363,10075.0,-10.0
6991.057258591,10075.0,-10.0
6991.067376409,10075.0,-10.0
6991.076976816,10075.0,-10.0
6991.086840969,10075.0,-10.0
6991.099270765,10075.0,-10.0
6991.589156495,10075.0,-10.0
6991.598026325,10075.0,-10.0
6991.608284975,10075.0,-10.0
6991.618567042,10075.0,-10.0
6991.630753507,10075.0,-10.0
6991.638183601,10075.0,-10.0
6991.648454501,10075.0,-10.0
6991.658586152,10075.0,-10.0
6991.668707470,10075.0,-10.0
6991.678715040,10075.0,-10.0
6991.688118698,10075.0,-10.0
6991.698325182,10075.0,-10.0
6991.709286159,10075.0,-10.0
6991.719398810,10075.0,-10.0
6991.728095892,10075.0,-10.0
6991.738823204,10075.0,-10.0
6991.750474674,10075.0,-10.0
6991.760530910,10075.0,-10.0
6991.921606924,10075.0,-10.0
6991.931754326,10075.0,-10.0
6991.941914310,10075.0,-10.0
6991.960065383,10075.0,-10.0
6991.969567707,10075.0,-10.0
6991.976374974,10075.0,-10.0
6992.044400312,10075.0,-10.0
6992.054822211,10075.0,-10.0
6992.063984205,10075.0,-10.0
6992.074413186,10075.0,-10.0
6992.084550504,10075.0,-10.0
6992.095254900,10075.0,-10.0
6992.104889223,10075.0,-10.0
6992.114898209,10075.0,-10.0
6992.124687114,10075.0,-10.0
6992.134703516,10075.0,-10.0
6992.144705502,10075.0,-10.0
6992.154604489,10075.0,-10.0
6992.166303375,10075.0,-10.0
6992.175065956,10075.0,-10.0
6992.185385023,10075.0,-10.0
6992.195967170,10075.0,-10.0
6992.206594899,10075.0,-10.0
6992.216374388,10075.0,-10.0
6992.226918368,10075.0,-10.0
6992.381249115,10075.0,0.0
6992.391469683,10075.0,0.0
6992.400859758,10075.0,0.0
6992.410620746,10075.0,0.0
6992.422323632,10075.0,0.0
6992.431533292,10075.0,0.0
6992.571557762,10075.0,0.0
6992.581501999,10075.0,0.0
6992.592234728,10075.0,0.0
6992.601195474,10075.0,0.0
6992.611576289,10075.0,0.0
6992.622861013,10075.0,0.0
6992.632023174,10075.0,0.0
6992.769167421,10075.0,0.0
6992.773757460,10075.0,0.0
6992.783465449,10075.0,0.0
6992.793825681,10075.0,0.0
6992.804096748,10075.0,0.0
6992.816968956,10075.0,0.0
6992.836103186,10075.0,0.0
6992.844224941,10075.0,0.0
6992.851407787,10075.0,0.0
6992.857307313,10075.0,0.0
6992.867896543,10075.0,0.0
6992.877905946,10075.0,0.0
6992.893027715,10075.0,0.0
6992.900329644,10075.0,0.0
6992.910072799,10075.0,0.0
6992.919170294,10075.0,0.0
6992.929228363,10075.0,0.0
6992.939584262,10075.0,0.0
6992.949940245,10075.0,0.0
6992.967271492,10075.0,0.0
6993.122181484,10075.0,10.0
6993.132762214,10075.0,10.0
6993.142843116,10075.0,10.0
6993.183738135,10075.0,0.0
6993.193209542,10075.0,0.0
6993.203653524,10075.0,0.0
6993.213591844,10075.0,0.0
6993.223756995,10075.0,0.0
6993.232853240,10075.0,0.0
6993.243673384,10075.0,0.0
6993.253399706,10075.0,0.0
6993.263520108,10075.0,0.0
6993.274053422,10075.0,0.0
6993.283193250,10075.0,0.0
6993.293275068,10075.0,0.0
6993.303621217,10075.0,0.0
6993.313801951,10075.0,0.0
6993.322864363,10075.0,0.0
6993.333206013,10075.0,0.0
6993.343428246,10075.0,0.0
6993.353633730,10075.0,0.0
6993.363897714,10075.0,0.0
6993.373388371,10075.0,0.0
6993.383676771,10075.0,0.0
6993.394041004,10075.0,0.0
6993.403264747,10075.0,0.0
6993.414495388,10075.0,0.0
6993.425895527,10075.0,0.0
6993.433523952,10075.0,0.0
6993.579279950,10075.0,0.0
6993.588865606,10075.0,0.0
6993.598739260,10075.0,0.0
6993.608858328,10075.0,0.0
6993.619812555,10075.0,0.0
6993.628783551,10075.0,0.0
6993.639237033,10075.0,0.0
6993.718258763,10075.0,0.0
6993.728895243,10075.0,0.0
6993.741730868,10075.0,0.0
6993.752096100,10075.0,0.0
6993.762052337,10075.0,0.0
6993.911885128,10075.0,0.0
6993.921840197,10075.0,0.0
6993.931331438,10075.0,0.0
6993.942080750,10075.0,0.0
6993.952196235,10075.0,0.0
6993.967233089,10075.0,0.0
6994.304340723,10075.0,0.0
6994.304387972,10075.0,0.0
6994.313397301,10075.0,0.0
6994.324305862,10075.0,0.0
6994.334357347,10075.0,0.0
6994.343347176,10075.0,0.0
6994.353593160,10075.0,0.0
6994.371168322,10075.0,0.0
6994.378546834,10075.0,0.0
6994.383755616,10075.0,0.0
6994.445937927,10075.0,0.0
6994.456110912,10075.0,0.0
6994.466815808,10075.0,0.0
6994.477138707,10075.0,0.0
6994.486189536,10075.0,0.0
6994.496364936,10075.0,0.0
6994.506581920,10075.0,0.0
6994.516805404,10075.0,0.0
6994.526152896,10075.0,0.0
6994.536259465,10075.0,0.0
6994.546399366,10075.0,0.0
6994.556617683,10075.0,0.0
6994.567399161,10075.0,0.0
6994.577181316,10075.0,0.0
6994.589778777,10075.0,0.0
6994.600104260,10075.0,0.0
6994.609248254,10075.0,0.0
6994.624035443,10075.0,0.0
6994.629975552,10075.0,0.0
6994.762900341,10075.0,0.0
6994.772915077,10075.0,0.0
6994.783144061,10075.0,0.0
6994.794130870,10075.0,0.0
6994.804174856,10075.0,0.0
6994.816552569,10075.0,0.0
6994.830187353,10075.0,0.0
6995.045955418,10075.0,0.0
6995.056512565,10075.0,0.0
6995.065317063,10075.0,0.0
6995.076931117,10075.0,0.0
6995.088034009,10075.0,0.0
6995.108276311,10075.0,0.0
6995.111985109,10075.0,0.0
6995.122615588,10075.0,0.0
6995.132661157,10075.0,0.0
6995.142986640,10075.0,0.0
6995.152868461,10075.0,0.0
6995.162763281,10075.0,0.0
6995.182940334,10075.0,0.0
6995.186831547,10075.0,0.0
6995.196629118,10075.0,0.0
6995.207254098,10075.0,0.0
6995.217452498,10075.0,0.0
6995.226772158,10075.0,0.0
6995.244164238,10075.0,0.0
6995.252887820,10075.0,0.0
6995.262823723,10075.0,0.0
6995.273768783,10075.0,0.0
6995.297434886,10075.0,0.0
6995.297550635,10075.0,0.0
6995.308907191,10075.0,0.0
6995.316304369,10075.0,0.0
6995.327070848,10075.0,0.0
6995.338371738,10075.0,0.0
6995.346928154,10075.0,0.0
6995.358021213,10075.0,0.0
6995.369107105,10075.0,0.0
6995.376147286,10075.0,0.0
6995.386575602,10075.0,0.0
6995.397007917,10075.0,0.0
6995.406255493,10075.0,0.0
6995.416493644,10075.0,0.0
6995.433789892,10075.0,0.0
6995.443161384,10075.0,0.0
6995.446707599,10075.0,0.0
6995.457494244,10075.0,0.0
6995.466238076,10075.0,0.0
6995.476463976,10075.0,0.0
6995.486831125,10075.0,0.0
6995.497466438,10075.0,0.0
6995.507453008,10075.0,0.0
6995.518505900,10075.0,0.0
6995.527930725,10075.0,0.0
6995.537896128,10075.0,0.0
6995.548531608,10075.0,0.0
6995.558693342,10075.0,0.0
6995.568711828,10075.0,0.0
6995.580789460,10075.0,0.0
6995.588535302,10075.0,0.0
6995.598346789,10075.0,0.0
6995.609236350,10075.0,0.0
6995.617459853,10075.0,0.0
6995.630378811,10075.0,0.0
6995.638364233,10075.0,0.0
6995.648708299,10075.0,0.0
6995.659087698,10075.0,0.0
6995.668154943,10075.0,0.0
6995.678431593,10075.0,0.0
6995.688693576,10075.0,0.0
6995.699385306,10075.0,0.0
6995.708393301,10075.0,0.0
6995.718823866,10075.0,0.0
6995.729617761,10075.0,0.0
6995.738308843,10075.0,0.0
6995.748931740,10075.0,0.0
6995.760814291,10075.0,0.0
6995.774216077,10075.0,0.0
6995.779771690,10075.0,0.0
6995.788817435,10075.0,0.0
6995.799734412,10075.0,0.0
6995.809355318,10075.0,0.0
6995.819502386,10075.0,0.0
6995.830808193,10075.0,0.0
6995.839184611,10075.0,0.0
6995.849455511,10075.0,0.0
6995.859983742,10075.0,0.0
6995.869017987,10075.0,0.0
6995.879195221,10075.0,0.0
6995.889553871,10075.0,0.0
6995.899736605,10075.0,0.0
6995.909181346,10075.0,0.0
6995.919241248,10075.0,0.0
6995.929725146,10075.0,0.0
6995.939848464,10075.0,0.0
6995.949530370,10075.0,0.0
6995.962162164,10075.0,0.0
6995.973315222,10075.0,0.0
6995.979174915,10075.0,0.0
6995.989500397,10075.0,0.0
6995.999803130,10075.0,0.0
6996.009483786,10075.0,0.0
6996.020261514,10075.0,0.0
6996.034245628,10075.0,0.0
6996.040283069,10075.0,0.0
6996.049359648,10075.0,0.0
6996.060029044,10075.0,0.0
6996.070363943,10075.0,0.0
6996.079900684,10075.0,0.0
6996.091758568,10075.0,0.0
6996.100323068,10075.0,0.0
6996.110492719,10075.0,0.0
6996.120737203,10075.0,0.0
6996.130305776,10075.0,0.0
6996.140474511,10075.0,0.0
6996.150801243,10075.0,0.0
6996.160115736,10075.0,0.0
6996.170211221,10075.0,0.0
6996.180529204,10075.0,0.0
6996.190679605,10075.0,0.0
6996.199964265,10075.0,0.0
6996.210355497,10075.0,0.0
6996.220410732,10075.0,0.0
6996.230715132,10075.0,0.0
6996.240897866,10075.0,0.0
6996.251596679,10075.0,0.0
6996.261490832,10075.0,0.0
6996.272149062,10075.0,0.0
6996.282316296,10075.0,0.0
6996.291933119,10075.0,0.0
6996.301874856,10075.0,0.0
6996.312402586,10075.0,0.0
6996.323209648,10075.0,10.0
6996.331665982,10075.0,10.0
6996.341967215,10075.0,10.0
6996.351204959,10075.0,10.0
6996.371675926,10075.0,10.0
6996.376230632,10075.0,10.0
6996.385989537,10075.0,0.0
6996.396626850,10075.0,0.0
6996.406716918,10075.0,0.0
6996.417020734,10075.0,0.0
6996.431039681,10075.0,0.0
6996.441871159,10075.0,0.0
6996.451134902,10075.0,0.0
6996.460836558,10075.0,0.0
6996.470405381,10075.0,0.0
6996.480334285,10075.0,0.0
6996.496154131,10075.0,0.0
6996.504893712,10075.0,0.0
6996.510127411,10075.0,0.0
6996.520658642,10075.0,0.0
6996.531208289,10075.0,0.0
6996.540416950,10075.0,0.0
6996.550921931,10075.0,0.0
6996.570551823,10075.0,0.0
6996.571661812,10075.0,0.0
6996.582438540,10075.0,0.0
6996.591198622,10075.0,0.0
6996.600252034,10075.0,0.0
6996.610949846,10075.0,0.0
6996.620683001,10075.0,0.0
6996.636923676,10075.0,0.0
6996.644861433,10075.0,0.0
6996.654111342,10075.0,0.0
6996.664355743,10075.0,0.0
6996.674541477,10075.0,0.0
6996.685494954,10075.0,0.0
6996.694428700,10075.0,0.0
6996.704333770,10075.0,0.0
6996.714935750,10075.0,0.0
6996.725150567,10075.0,0.0
6996.735256136,10075.0,0.0
6996.746406277,10075.0,0.0
6996.755909351,10075.0,0.0
6996.766089169,10075.0,0.0
6996.776479568,10075.0,0.0
6996.786648469,10075.0,0.0
6996.796923285,10075.0,0.0
6996.807577265,10075.0,0.0
6996.817575501,10075.0,0.0
6996.828636393,10075.0,0.0
6996.837163977,10075.0,0.0
6996.847466210,10075.0,0.0
6996.857568028,10075.0,0.0
6996.870103156,10075.0,0.0
6996.877441584,10075.0,0.0
6996.887553403,10075.0,0.0
6996.898053050,10075.0,0.0
6996.907347460,10075.0,0.0
6996.917485611,10075.0,0.0
6996.927682512,10075.0,0.0
6996.937526749,10075.0,0.0
6996.947336071,10075.0,0.0
6996.957408556,10075.0,0.0
6996.967790121,10075.0,0.0
6996.977868190,10075.0,0.0
6996.991100811,10075.0,0.0
6996.999284148,10075.0,0.0
6997.009621214,10075.0,0.0
6997.026414301,10075.0,0.0
6997.037897439,10075.0,0.0
6997.040836743,10075.0,0.0
6997.051129560,10075.0,0.0
6997.062135036,10075.0,0.0
6997.072346020,10075.0,0.0
6997.083987823,10075.0,0.0
6997.096929947,10075.0,0.0
6997.103711715,10075.0,0.0
6997.113988948,10075.0,0.0
6997.124494679,10075.0,0.0
6997.135121409,10075.0,0.0
6997.145090145,10075.0,0.0
6997.161085239,10075.0,0.0
6997.172858208,10075.0,0.0
6997.175891928,10075.0,0.0
6997.185299087,10075.0,0.0
6997.195335739,10075.0,0.0
6997.205989302,10075.0,0.0
6997.215961205,10075.0,0.0
6997.226111439,10075.0,0.0
6997.238075823,10075.0,0.0
6997.247031152,10075.0,0.0
6997.257076555,10075.0,0.0
6997.268631942,10075.0,0.0
6997.278390597,10075.0,0.0
6997.288225418,10075.0,0.0
6997.298584234,10075.0,0.0
6997.308833884,10075.0,0.0
6997.318118543,10075.0,0.0
6997.329516099,10075.0,0.0
6997.339032590,10075.0,0.0
6997.349453905,10075.0,0.0
6997.363613184,10075.0,0.0
6997.369183380,10075.0,0.0
6997.379387447,10075.0,0.0
6997.390068843,10075.0,0.0
6997.399988246,10075.0,0.0
6997.410969306,10075.0,0.0
6997.421055458,10075.0,0.0
6997.431066777,10075.0,0.0
6997.440593184,10075.0,0.0
6997.450943583,10075.0,0.0
6997.460195327,10075.0,0.0
6997.470192396,10075.0,0.0
6997.482851523,10075.0,0.0
6997.493727000,10075.0,0.0
6997.502297250,10075.0,0.0
6997.511297746,10075.0,0.0
6997.520545739,10075.0,0.0
6997.531179135,10075.0,0.0
6997.540208381,10075.0,0.0
6997.550608780,10075.0,0.0
6997.571315578,10075.0,0.0
6997.571356661,10075.0,0.0
6997.582570968,10075.0,0.0
6997.590503141,10075.0,0.0
6997.601146288,10075.0,0.0
6997.610954442,10075.0,0.0
6997.620145603,10075.0,0.0
6997.633400057,10075.0,0.0
6997.645615188,10075.0,0.0
6997.653636443,10075.0,0.0
6997.660907622,10075.0,0.0
6997.671511852,10075.0,0.0
6997.681845668,10075.0,0.0
6997.691650490,10075.0,0.0
6997.702414885,10075.0,0.0
6997.712295372,10075.0,0.0
6997.722390357,10075.0,0.0
6997.732780422,10075.0,0.0
6997.742174248,10075.0,0.0
6997.752548647,10075.0,0.0
6997.769989393,10075.0,0.0
6997.778424395,10075.0,0.0
6997.788202133,10075.0,0.0
6997.798353201,10075.0,0.0
6997.809367760,10075.0,0.0
6997.819165165,10075.0,0.0
6997.829743395,10075.0,0.0
6997.838644308,10075.0,0.0
6997.848796626,10075.0,0.0
6997.859206108,10075.0,0.0
6997.868264770,10075.0,0.0
6997.878576836,10075.0,0.0
6997.894386099,10075.0,0.0
6997.900248625,10075.0,0.0
6997.909466285,10075.0,0.0
6997.921190254,10075.0,0.0
6997.929275842,10075.0,0.0
6997.939669575,10075.0,0.0
6997.967316222,10075.0,0.0
6997.967349888,10075.0,0.0
6997.973685660,10075.0,0.0
6997.982630406,10075.0,0.0
6997.993305552,10075.0,0.0
6998.002202882,10075.0,0.0
6998.013429690,10075.0,0.0
6998.023336760,10075.0,0.0
6998.032585586,10075.0,0.0
6998.044549303,10075.0,0.0
6998.054953369,10075.0,0.0
6998.063644784,10075.0,0.0
6998.076340410,10075.0,0.0
6998.084679079,10075.0,0.0
6998.095022228,10075.0,0.0
6998.104960382,10075.0,0.0
6998.114215792,10075.0,0.0
6998.124332943,10075.0,0.0
6998.134472094,10075.0,0.0
6998.144135917,10075.0,0.0
6998.153716240,10075.0,0.0
6998.163571228,10075.0,0.0
6998.173820545,10075.0,0.0
6998.183482034,10075.0,0.0
6998.194160346,10075.0,0.0
6998.204175249,10075.0,0.0
6998.213570407,10075.0,0.0
6998.223504894,10075.0,0.0
6998.234288289,10075.0,0.0
6998.244713521,10075.0,0.0
6998.255122420,10075.0,0.0
6998.265264654,10075.0,-10.0
6998.274097235,10075.0,-10.0
6998.284330135,10075.0,-10.0
6998.296637849,10075.0,-10.0
6998.307098163,10075.0,-10.0
6998.318774550,10075.0,-10.0
6998.325239737,10075.0,-10.0
6998.335319222,10075.0,-10.0
6998.345705371,10075.0,-10.0
6998.356246518,10075.0,-10.0
6998.367487325,10075.0,-10.0
6998.376393572,10075.0,-10.0
6998.392834495,10075.0,-10.0
6998.403876971,10075.0,-10.0
6998.413736625,10075.0,-10.0
6998.433121103,10075.0,-10.0
6998.443542085,10075.0,-10.0
6998.444052913,10075.0,-10.0
6998.455612801,10075.0,-10.0
6998.464882877,10075.0,-10.0
6998.474631615,10075.0,-10.0
6998.484601518,10075.0,-10.0
6998.500729695,10075.0,-10.0
6998.504257910,10075.0,-10.0
6998.514466894,10075.0,-10.0
6998.525258956,10075.0,-10.0
6998.534134953,10075.0,-10.0
6998.544753849,10075.0,-10.0
6998.555440579,10075.0,-10.0
6998.571020510,10075.0,-10.0
6998.577933860,10075.0,-10.0
6998.588202093,10075.0,-10.0
6998.599703481,10075.0,-10.0
6998.609609551,10075.0,-10.0
6998.619353206,10075.0,-10.0
6998.632070082,10075.0,-10.0
6998.643477555,10075.0,-10.0
6998.648825086,10075.0,-10.0
6998.659959394,10075.0,-10.0
6998.668354646,10075.0,-10.0
6998.679118041,10075.0,-10.0
6998.691530920,10075.0,-10.0
6998.700720247,10075.0,-10.0
6998.710814732,10075.0,-10.0
6998.722021123,10075.0,-10.0
6998.733163765,10075.0,-10.0
6998.742237010,10075.0,-10.0
6998.759473092,10075.0,-10.0
6998.766584689,10075.0,-10.0
6998.773397290,10075.0,-10.0
6998.784121518,10075.0,-10.0
6998.793981839,10075.0,-10.0
6998.803708411,10075.0,-10.0
6998.813968895,10075.0,-10.0
6998.824057380,10075.0,-10.0
6998.833768702,10075.0,-10.0
6998.843367692,10075.0,-10.0
6998.853258929,10075.0,-10.0
6998.863418663,10075.0,-10.0
6998.875199548,10075.0,-10.0
6998.884948537,10075.0,-10.0
6998.895032522,10075.0,-10.0
6998.905342005,10075.0,-10.0
6998.915969235,10075.0,-10.0
6998.925875888,10075.0,-10.0
6998.936198038,10075.0,-10.0
6998.946413022,10075.0,-10.0
6998.956589672,10075.0,-10.0
6998.966918989,10075.0,-10.0
6998.976073733,10075.0,-10.0
6998.986421132,10075.0,-10.0
6998.996668282,10075.0,-10.0
6999.006979015,10075.0,-10.0
6999.016524506,10075.0,-10.0
6999.027458066,10075.0,-10.0
6999.044660565,10075.0,-10.0
6999.046111051,10075.0,-10.0
6999.056921445,10075.0,-10.0
6999.066595018,10075.0,-10.0
6999.076705336,10075.0,-10.0
6999.087706646,10075.0,-10.0
6999.097981129,10075.0,-10.0
6999.108045281,10075.0,-10.0
6999.118322014,10075.0,-10.0
6999.128525498,10075.0,-10.0
6999.138784565,10075.0,0.0
6999.148461387,10075.0,0.0
6999.158596789,10075.0,0.0
6999.169672181,10075.0,0.0
6999.178806509,9780.0,0.0
6999.188378582,9780.0,0.0
6999.198279819,9780.0,0.0
6999.209209213,9780.0,0.0
6999.218139542,9780.0,0.0
6999.228517525,9780.0,0.0
6999.239536834,9780.0,0.0
6999.250604810,9780.0,0.0
6999.259430974,9780.0,0.0
6999.269853539,9780.0,0.0
6999.279729359,9780.0,0.0
6999.292200238,9780.0,0.0
6999.301347815,9780.0,0.0
6999.310881223,9780.0,0.0
6999.320017967,9780.0,0.0
6999.330521281,9780.0,0.0
6999.340704099,9780.0,0.0
6999.349858510,9780.0,0.0
6999.360079244,9780.0,0.0
6999.370446393,9780.0,0.0
6999.381060789,9780.0,0.0
6999.391018859,9780.0,0.0
6999.401177593,9780.0,0.0
6999.411278328,9780.0,0.0
6999.422059307,9780.0,0.0
6999.432566454,9780.0,0.0
6999.442875771,9780.0,0.0
6999.452354845,9780.0,0.0
6999.462782743,9780.0,0.0
6999.473534222,9780.0,0.0
6999.489301402,9780.0,0.0
6999.498362147,9780.0,0.0
6999.507590474,9780.0,0.0
6999.519130278,9780.0,10.0
6999.528693518,9780.0,10.0
6999.537867929,9780.0,10.0
6999.547278254,9780.0,10.0
6999.559013640,9780.0,10.0
6999.568176884,9780.0,10.0
6999.577217379,9780.0,10.0
6999.587630694,9780.0,10.0
6999.597866678,9780.0,10.0
6999.607724749,9780.0,10.0
6999.617345988,9780.0,10.0
6999.627626972,9780.0,10.0
6999.638352367,9780.0,0.0
6999.647557778,9780.0,0.0
6999.658186007,9780.0,0.0
6999.667459500,9780.0,0.0
6999.677671734,9780.0,0.0
6999.690678608,9780.0,0.0
6999.701435170,9780.0,0.0
6999.710467332,9780.0,0.0
6999.721323809,9780.0,0.0
6999.730458470,9780.0,0.0
6999.740796286,9780.0,0.0
6999.754971065,9780.0,0.0
6999.760730009,9780.0,0.0
6999.773516468,9780.0,0.0
6999.783411288,9780.0,0.0
6999.792686864,9780.0,0.0
6999.802671267,9780.0,0.0
6999.812944001,9780.0,0.0
6999.823610980,9780.0,0.0
6999.836497188,9780.0,0.0
6999.842920625,9780.0,0.0
6999.852098286,9780.0,0.0
6999.862816265,9780.0,0.0
6999.872789084,9780.0,0.0
6999.882503990,9780.0,0.0
6999.896355355,9780.0,0.0
6999.904283528,9780.0,0.0
6999.914530511,9780.0,0.0
6999.925137991,9780.0,0.0
6999.935221977,9780.0,0.0
6999.944462637,9780.0,0.0
6999.954868452,9780.0,0.0
6999.966017927,9780.0,0.0
6999.974489094,9780.0,0.0
6999.986241480,9780.0,0.0
6999.994243568,9780.0,0.0
7000.004521552,9780.0,0.0
7000.017418093,9780.0,0.0
7000.027674076,9780.0,0.0
7000.034398011,9780.0,0.0
7000.044598078,9780.0,0.0
7000.053945070,9780.0,0.0
7000.064138721,9780.0,0.0
7000.074468371,9780.0,0.0
7000.084601105,9780.0,0.0
7000.094764506,9780.0,0.0
7000.104115665,10580.0,0.0
7000.114396732,10580.0,0.0
7000.124513133,10580.0,0.0
7000.134910449,10580.0,0.0
7000.144064026,10580.0,0.0
7000.154152178,10580.0,0.0
7000.165567400,10580.0,0.0
7000.174251149,10580.0,0.0
7000.184890045,9780.0,0.0
7000.195250028,9780.0,0.0
7000.204318523,9780.0,0.0
7000.214712422,9780.0,0.0
7000.232105419,9780.0,0.0
7000.235541719,9780.0,0.0
7000.245617871,9780.0,0.0
7000.256541598,9780.0,0.0
7000.265220430,9780.0,0.0
7000.275422081,9780.0,0.0
7000.285928728,9780.0,0.0
7000.296316044,9780.0,0.0
7000.309619998,9780.0,0.0
7000.325008098,9780.0,0.0
7000.327531156,9780.0,0.0
7000.337971971,9780.0,0.0
7000.349053030,9780.0,0.0
7000.358824518,9780.0,0.0
7000.373668207,9780.0,0.0
7000.379420985,9780.0,0.0
7000.389623802,9780.0,0.0
7000.400155283,9780.0,0.0
7000.408825282,9780.0,0.0
7000.420178671,9780.0,0.0
7000.429543413,9780.0,0.0
7000.439832313,9780.0,0.0
7000.448985474,9780.0,0.0
7000.459199624,9780.0,0.0
7000.469429691,9780.0,0.0
7000.482516897,10580.0,0.0
7000.489236749,10580.0,0.0
7000.499603648,10580.0,0.0
7000.509791965,10580.0,0.0
7000.519056625,10580.0,0.0
7000.529019111,10580.0,0.0
7000.539761590,10580.0,0.0
7000.549686077,10580.0,0.0
7000.558851737,10580.0,0.0
7000.569672382,10580.0,0.0
7000.579980282,10580.0,0.0
7000.590430430,9780.0,0.0
7000.599620674,9780.0,0.0
7000.610024156,9780.0,0.0
7000.623238777,9780.0,0.0
7000.634155087,9780.0,0.0
7000.641848679,9780.0,0.0
7000.650464679,9780.0,0.0
7000.660499081,9780.0,0.0
7000.671801804,9780.0,0.0
7000.680371637,9780.0,0.0
7000.696257566,9780.0,0.0
7000.701055269,9780.0,0.0
7000.711182171,9780.0,0.0
7000.724241960,9780.0,0.0
7000.734388861,9780.0,0.0
7000.744048017,9780.0,0.0
7000.753434509,9780.0,0.0
7000.768112283,9780.0,0.0
7000.774147224,9780.0,0.0
7000.783101804,9780.0,0.0
7000.793382287,9780.0,0.0
7000.803562605,9780.0,0.0
7000.814047419,9780.0,0.0
7000.823030165,9780.0,0.0
7000.833210316,9780.0,0.0
7000.843723463,9780.0,0.0
7000.853899781,9780.0,0.0
7000.862819694,9780.0,0.0
7000.874140084,9780.0,0.0
7000.883887322,10580.0,0.0
7000.893785976,10580.0,0.0
7000.904257041,10580.0,0.0
7000.914740355,10580.0,0.0
7000.925298336,10580.0,0.0
7000.934528163,10580.0,0.0
7000.944877145,10580.0,0.0
7000.954326720,10580.0,0.0
7000.971705967,10580.0,0.0
7000.974677938,9780.0,0.0
7000.984679674,9780.0,0.0
7000.995384070,9780.0,0.0
7001.005511138,9780.0,0.0
7001.016161701,9780.0,0.0
7001.027734588,9780.0,0.0
7001.044436926,9780.0,0.0
7001.045661997,9780.0,0.0
7001.056379476,9780.0,0.0
7001.066473294,9780.0,0.0
7001.075847537,9780.0,0.0
7001.090103314,9780.0,0.0
7001.096604834,9780.0,0.0
7001.106725569,9780.0,0.0
7001.116477808,9780.0,0.0
7001.126331462,9780.0,0.0
7001.136892442,9780.0,0.0
7001.145854855,9780.0,0.0
7001.155913340,9780.0,0.0
7001.166078325,9780.0,0.0
7001.176124643,9780.0,0.0
7001.186508709,9780.0,0.0
7001.197470769,9780.0,0.0
7001.207169674,9780.0,0.0
7001.217932736,9780.0,0.0
7001.235603314,9780.0,0.0
7001.241906836,9780.0,0.0
7001.251173163,9780.0,0.0
7001.261221315,9780.0,0.0
7001.271359133,9780.0,0.0
7001.284208341,9780.0,-10.0
7001.291317188,9780.0,-10.0
7001.301616838,9780.0,-10.0
7001.312570065,9780.0,-10.0
7001.322292553,9780.0,-10.0
7001.332545037,9780.0,-10.0
7001.342854770,9780.0,-10.0
7001.352232512,9780.0,-10.0
7001.362428829,9780.0,-10.0
7001.373188808,9780.0,-10.0
7001.381929139,9780.0,-10.0
7001.392589619,9780.0,-10.0
7001.402749770,9780.0,-10.0
7001.412121512,9780.0,-10.0
7001.423188821,9780.0,-10.0
7001.434145214,9780.0,-10.0
7001.442140720,9780.0,-10.0
7001.452288538,9780.0,0.0
7001.462844018,9780.0,0.0
7001.472807755,9780.0,0.0
7001.482839240,9780.0,0.0
7001.493453970,9780.0,0.0
7001.503308791,9780.0,0.0
7001.513393193,9780.0,0.0
7001.524681083,9780.0,0.0
7001.533038668,9780.0,0.0
7001.543031487,9780.0,0.0
7001.553355887,9780.0,0.0
7001.563598370,9780.0,0.0
7001.573841271,9780.0,0.0
7001.583152263,9780.0,0.0
7001.594126740,9780.0,0.0
7001.604026060,9780.0,0.0
7001.614294043,9780.0,0.0
7001.626214094,9780.0,0.0
7001.635485004,9780.0,0.0
7001.644208919,9780.0,0.0
7001.654693483,9780.0,0.0
7001.664365139,9780.0,0.0
7001.674873204,9780.0,0.0
7001.684297945,9780.0,0.0
7001.694054184,9780.0,0.0
7001.704552415,9780.0,0.0
7001.714559734,9780.0,0.0
7001.724689885,9780.0,0.0
7001.735188116,9780.0,0.0
7001.744434776,9780.0,0.0
7001.754630260,8980.0,0.0
7001.765306240,8980.0,0.0
7001.775547807,8980.0,0.0
7001.785683625,8980.0,0.0
7001.795303281,8980.0,0.0
7001.805485598,8980.0,0.0
7001.815733665,8980.0,0.0
7001.825284489,8980.0,0.0
7001.835273725,8980.0,0.0
7001.845695540,9780.0,0.0
7001.856058023,9780.0,0.0
7001.865713012,9780.0,0.0
7001.875430751,9780.0,0.0
7001.885903232,9780.0,0.0
7001.898140030,9780.0,0.0
7001.905292627,9780.0,0.0
7001.915799274,9780.0,0.0
7001.926594086,9780.0,0.0
7001.935217335,9780.0,0.0
7001.947722630,9780.0,0.0
7001.965495790,9780.0,0.0
7001.970711573,9780.0,0.0
7001.978054918,9780.0,0.0
7001.988144903,9780.0,0.0
7001.998815633,9780.0,0.0
7002.009629444,9780.0,0.0
7002.019782428,9780.0,0.0
7002.032292807,9780.0,0.0
7002.040799140,9780.0,0.0
7002.049226058,9780.0,0.0
7002.059618874,9780.0,0.0
7002.069968773,9780.0,0.0
7002.079832844,9780.0,0.0
7002.105348012,9780.0,0.0
7002.106534167,9780.0,0.0
7002.111788699,9780.0,0.0
7002.121850851,9780.0,0.0
7002.131902503,9780.0,0.0
7002.141524910,9780.0,0.0
7002.151513479,9780.0,0.0
7002.162487206,9780.0,0.0
7002.172715856,9780.0,0.0
7002.188764616,9780.0,0.0
7002.198122109,9780.0,0.0
7002.207321019,9780.0,0.0
7002.217764501,9780.0,0.0
7002.247731792,9780.0,0.0
7002.249221528,9780.0,0.0
7002.249396943,9780.0,0.0
7002.261218744,9780.0,0.0
7002.269369081,9780.0,0.0
7002.278418410,9780.0,0.0
7002.288698643,9780.0,0.0
7002.303914662,9780.0,0.0
7002.309333359,9780.0,0.0
7002.320393085,9780.0,0.0
7002.329893909,9780.0,0.0
7002.340073726,9780.0,0.0
7002.350347376,9780.0,0.0
7002.360554610,9780.0,0.0
7002.370695345,9780.0,0.0
7002.379903089,9780.0,0.0
7002.390288071,9780.0,0.0
7002.400383389,9780.0,0.0
7002.410728705,9780.0,0.0
7002.419938532,9780.0,0.0
7002.430110766,9780.0,0.0
7002.440451666,9780.0,0.0
7002.450621233,9780.0,0.0
7002.461379628,9780.0,0.0
7002.471538363,9780.0,0.0
7002.481920595,9780.0,0.0
7002.491260254,9780.0,0.0
7002.501323156,9780.0,0.0
7002.511547807,9780.0,0.0
7002.521981538,9780.0,0.0
7002.531066033,9780.0,0.0
7002.541269517,9780.0,0.0
7002.551384085,9780.0,0.0
7002.561783067,9780.0,0.0
7002.571673805,9780.0,0.0
7002.581475542,9780.0,0.0
7002.591677193,9780.0,0.0
7002.600891437,9780.0,0.0
7002.611112670,9780.0,0.0
7002.621514653,9780.0,0.0
7002.631602471,9780.0,0.0
7002.641941787,9780.0,0.0
7002.652295186,9780.0,0.0
7002.662453337,9780.0,0.0
7002.672800320,9780.0,0.0
7002.694095946,9780.0,0.0
7002.695036020,9780.0,0.0
7002.704902507,9780.0,0.0
7002.715180240,9780.0,0.0
7002.725796970,9780.0,0.0
7002.735220295,9780.0,0.0
7002.745548028,9780.0,0.0
7002.755582514,9780.0,0.0
7002.765547583,9780.0,0.0
7002.775869983,9780.0,0.0
7002.786055800,9780.0,0.0
7002.796200285,9780.0,0.0
7002.806486268,9780.0,0.0
7002.816823917,9780.0,0.0
7002.825857579,9780.0,0.0
7002.836263645,9780.0,0.0
7002.846433129,9780.0,0.0
7002.857007776,9780.0,0.0
7002.866240103,9780.0,0.0
7002.876412754,9780.0,0.0
7002.889273295,9780.0,0.0
7002.897553631,9780.0,0.0
7002.907669949,9780.0,0.0
7002.918113764,9780.0,0.0
7002.929129407,9780.0,0.0
7002.938206735,9780.0,0.0
7002.950900195,9780.0,0.0
7002.961912421,9780.0,0.0
7002.968085695,9780.0,0.0
7002.978249096,9780.0,0.0
7002.988848409,9780.0,0.0
7002.998085236,9780.0,0.0
7003.008316219,9780.0,0.0
7003.019568193,9780.0,0.0
7003.029041101,9780.0,0.0
7003.038381760,9780.0,0.0
7003.048868658,9780.0,0.0
7003.058134318,9780.0,0.0
7003.068620632,9780.0,0.0
7003.079130947,9780.0,0.0
7003.088349773,9780.0,0.0
7003.098584757,9780.0,0.0
7003.109357569,9780.0,0.0
7003.118421897,9780.0,0.0
7003.128828213,9780.0,0.0
7003.140086936,9780.0,0.0
7003.149836258,9780.0,0.0
7003.159031585,9780.0,0.0
7003.169680148,9780.0,0.0
7003.179592802,9780.0,0.0
7003.190772859,9780.0,0.0
7003.200229851,9780.0,0.0
7003.210821331,9780.0,0.0
7003.221019315,9780.0,0.0
7003.230964051,9780.0,0.0
7003.241281284,9780.0,0.0
7003.251498768,9780.0,0.0
7003.261624003,9780.0,0.0
7003.271454324,9780.0,0.0
7003.281400477,9780.0,0.0
7003.291624544,9780.0,0.0
7003.305315577,9780.0,0.0
7003.311264853,9780.0,0.0
7003.321768667,9780.0,0.0
7003.333106390,9780.0,0.0
7003.343644121,9780.0,0.0
7003.364687749,9780.0,0.0
7003.364839331,9780.0,0.0
7003.373850827,9780.0,0.0
7003.383739647,9780.0,0.0
7003.395169786,9780.0,0.0
7003.403991617,9780.0,0.0
7003.414611097,9780.0,0.0
7003.434339321,9780.0,0.0
7003.434511653,9780.0,0.0
7003.443730563,9780.0,0.0
7003.452974806,9780.0,0.0
7003.463178540,9780.0,0.0
7003.473399941,9780.0,0.0
7003.483659591,9780.0,0.0
7003.495592725,9780.0,0.0
7003.503759895,9780.0,0.0
7003.513489384,9780.0,0.0
7003.523667451,9780.0,0.0
7003.533746353,9780.0,0.0
7003.543717423,9780.0,0.0
7003.553059832,9780.0,0.0
7003.563377731,9780.0,0.0
7003.573857463,9780.0,0.0
7003.583249038,9780.0,0.0
7003.593476438,9780.0,0.0
7003.604616163,9780.0,0.0
7003.622285908,9780.0,0.0
7003.624235639,9780.0,0.0
7003.634736453,9780.0,0.0
7003.644851271,9780.0,0.0
7003.655226004,9780.0,0.0
7003.664034084,9780.0,0.0
7003.674377650,9780.0,0.0
7003.685219378,9780.0,0.0
7003.695537194,9780.0,0.0
7003.704777271,9780.0,0.0
7003.713990431,9780.0,0.0
7003.724657411,9780.0,0.0
7003.734878645,9780.0,0.0
7003.743992139,9780.0,0.0
7003.754586369,9780.0,0.0
7003.764591855,9780.0,0.0
7003.774757673,9780.0,0.0
7003.783915917,9780.0,0.0
7003.794189734,9780.0,0.0
7003.804474384,9780.0,0.0
7003.814550036,9780.0,0.0
7003.824857435,9780.0,0.0
7003.834084262,9780.0,0.0
7003.844334829,9780.0,0.0
7003.856456461,9780.0,0.0
7003.864043054,9780.0,0.0
7003.874324370,9780.0,0.0
7003.884764519,9780.0,0.0
7003.897480978,9780.0,0.0
7003.907475464,9780.0,0.0
7003.918025028,9780.0,0.0
7003.927643351,9780.0,0.0
7003.938720493,9780.0,0.0
7003.947987320,9780.0,0.0
7003.961489938,9780.0,0.0
7003.969617359,9780.0,0.0
7003.979468763,9780.0,0.0
7003.989400833,9780.0,0.0
7004.000496642,9780.0,0.0
7004.009070475,9780.0,0.0
7004.019319042,9780.0,0.0
7004.029486109,9780.0,0.0
7004.039830925,9780.0,0.0
7004.048951920,9780.0,0.0
7004.059370652,9780.0,0.0
7004.069601719,9780.0,0.0
7004.079651537,9780.0,0.0
7004.089989770,9780.0,0.0
7004.099110431,9780.0,0.0
7004.109320915,9780.0,0.0
7004.119364151,9780.0,0.0
7004.130523792,9780.0,0.0
7004.140382529,9780.0,0.0
7004.154256811,9780.0,0.0
7004.161630989,9780.0,0.0
7004.173882453,9780.0,0.0
7004.184784180,9780.0,0.0
7004.194796333,9780.0,0.0
7004.205312731,9780.0,0.0
7004.216621620,9780.0,0.0
7004.226929687,9780.0,0.0
7004.237617583,9780.0,0.0
7004.246799827,9780.0,0.0
7004.256014154,9780.0,0.0
7004.266764799,9780.0,0.0
7004.276743452,9780.0,0.0
7004.286770937,9780.0,0.0
7004.300417304,9780.0,0.0
7004.316195651,9780.0,0.0
7004.319155039,9780.0,0.0
7004.328042119,9780.0,0.0
7004.339065511,9780.0,0.0
7004.350246069,9780.0,0.0
7004.361352961,9780.0,0.0
7004.370210792,9780.0,0.0
7004.381455765,9780.0,0.0
7004.391127255,9780.0,0.0
7004.402388562,9780.0,0.0
7004.412436964,9780.0,0.0
7004.425048758,9780.0,0.0
7004.431956607,9780.0,0.0
7004.441151851,9780.0,0.0
7004.451407084,9780.0,0.0
7004.461734984,9780.0,0.0
7004.472188799,9780.0,0.0
7004.482656947,9780.0,0.0
7004.492849764,9780.0,0.0
7004.502791751,9780.0,0.0
7004.511941745,9780.0,0.0
7004.523810796,9780.0,0.0
7004.533024290,9780.0,0.0
7004.543343772,9780.0,0.0
7004.567486537,9780.0,0.0
7004.567595370,9780.0,0.0
7004.575029797,9780.0,0.0
7004.585600278,9780.0,0.0
7004.596101425,9780.0,0.0
7004.605241253,9780.0,0.0
7004.620354106,9780.0,0.0
7004.631979243,9780.0,0.0
7004.639828666,9780.0,0.0
7004.650211815,9780.0,0.0
7004.660414882,9780.0,0.0
7004.670527534,9780.0,0.0
7004.681628176,9780.0,0.0
7004.690090260,9780.0,0.0
7004.700301744,9780.0,0.0
7004.711667883,9780.0,0.0
7004.720075885,9780.0,0.0
7004.730198036,9780.0,0.0