%time,field.velocity,field.angle
7086.957179948,9780.0,0.0
7086.966814938,9780.0,0.0
7086.977268502,9780.0,0.0
7086.990130711,9780.0,0.0
7087.009776269,9780.0,0.0
7087.009882435,9780.0,0.0
7087.017665442,9780.0,0.0
7087.026907519,9780.0,0.0
7087.036191845,9780.0,0.0
7087.046413663,9780.0,0.0
7087.057221307,9780.0,0.0
7087.066062805,9780.0,0.0
7087.076355871,9780.0,0.0
7087.086687770,9780.0,0.0
7087.096980837,9780.0,0.0
7087.106254580,9780.0,0.0
7087.116710561,9780.0,0.0
7087.132230827,9780.0,0.0
7087.140770327,9780.0,0.0
7087.149175079,9780.0,0.0
7087.159504061,9780.0,0.0
7087.169828294,9780.0,0.0
7087.183090915,9780.0,0.0
7087.191355085,9780.0,0.0
7087.200720827,9780.0,0.0
7087.211094726,9780.0,0.0
7087.226657991,9780.0,0.0
7087.234441165,9780.0,0.0
7087.244553067,9780.0,0.0
7087.254629052,9780.0,0.0
7087.263948794,9780.0,0.0
7087.274449609,9780.0,0.0
7087.284345262,9780.0,0.0
7087.295408155,9780.0,0.0
7087.305902052,9780.0,0.0
7087.315679957,9780.0,0.0
7087.325078949,9780.0,0.0
7087.335368599,9780.0,0.0
7087.345489834,9780.0,0.0
7087.356717391,9780.0,0.0
7087.365096226,9780.0,0.0
7087.375097379,9780.0,0.0
7087.386382435,9780.0,0.0
7087.395096767,9780.0,0.0
7087.405582832,9780.0,0.0
7087.416584308,9780.0,0.0
7087.427168038,9780.0,0.0
7087.437142691,9780.0,0.0
7087.446859513,9780.0,0.0
7087.457608825,9780.0,0.0
7087.466477156,9780.0,0.0
7087.477750462,9780.0,0.0
7087.491250748,9780.0,0.0
7087.497916099,9780.0,0.0
7087.507612838,9780.0,0.0
7087.518210068,9780.0,0.0
7087.529112379,9780.0,0.0
7087.538354956,9780.0,0.0
7087.550869584,9780.0,0.0
7087.560854153,9780.0,0.0
7087.578336816,9780.0,0.0
7087.581107873,9780.0,0.0
7087.590934444,9780.0,0.0
7087.600350435,9780.0,0.0
7087.610597669,9780.0,0.0
7087.629043156,9780.0,0.0
7087.650104784,9780.0,0.0
7087.650368782,9780.0,0.0
7087.651590436,9780.0,0.0
7087.661383008,9780.0,0.0
7087.671584158,9780.0,0.0
7087.683757873,9780.0,0.0
7087.696561498,9780.0,0.0
7087.707700640,9780.0,0.0
7087.715486814,9780.0,0.0
7087.724339895,9780.0,0.0
7087.735523452,9780.0,0.0
7087.745522938,9780.0,0.0
7087.754020606,9780.0,0.0
7087.765822157,9780.0,0.0
7087.775603312,9780.0,0.0
7087.785483216,9780.0,0.0
7087.795947864,9780.0,0.0
7087.805041026,9780.0,0.0
7087.815293426,9780.0,0.0
7087.825405661,9780.0,0.0
7087.836386304,9780.0,0.0
7087.845954294,9780.0,0.0
7087.855218954,9780.0,0.0
7087.865562103,9780.0,0.0
7087.875932085,9780.0,0.0
7087.896327637,9780.0,0.0
7087.896373220,9780.0,0.0
7087.905940543,9780.0,0.0
7087.915358035,9780.0,0.0
7087.925837016,9780.0,0.0
7087.935914918,9780.0,0.0
7087.945180411,9780.0,0.0
7087.959343356,9780.0,0.0
7087.965800793,9780.0,0.0
7087.975652531,9780.0,0.0
7087.986222178,9780.0,0.0
7087.995428672,9780.0,0.0
7088.005805237,9780.0,0.0
7088.015320311,9780.0,0.0
7088.026697867,9780.0,0.0
7088.037458012,9780.0,0.0
7088.046498341,9780.0,0.0
7088.056659992,9780.0,0.0
7088.065205576,9780.0,0.0
7088.076712213,9780.0,0.0
7088.085862791,9780.0,0.0
7088.095702529,9780.0,0.0
7088.107133084,9780.0,0.0
7088.116928989,9780.0,0.0
7088.126623477,9780.0,0.0
7088.137561621,9780.0,0.0
7088.147757022,9780.0,0.0
7088.158175087,9780.0,0.0
7088.174906091,9780.0,0.0
7088.177956394,9780.0,0.0
7088.187865881,9780.0,0.0
7088.197003542,9780.0,0.0
7088.207309358,9780.0,0.0
7088.218049754,9780.0,0.0
7088.227640661,9780.0,0.0
7088.238241474,9780.0,0.0
7088.248099128,9780.0,0.0
7088.257312955,9780.0,0.0
7088.267886935,9780.0,0.0
7088.277867921,9780.0,0.0
7088.287304663,9780.0,0.0
7088.297942726,9780.0,0.0
7088.308614455,9780.0,0.0
7088.319331684,9780.0,0.0
7088.328535178,9780.0,0.0
7088.338836744,9780.0,0.0
7088.357767227,9780.0,0.0
7088.365836148,9780.0,0.0
7088.369642694,9780.0,0.0
7088.384794630,9780.0,0.0
7088.389943330,9780.0,0.0
7088.399588320,9780.0,0.0
7088.409797137,9780.0,0.0
7088.430380103,9780.0,0.0
7088.431363177,9780.0,0.0
7088.441189664,9780.0,0.0
7088.450629823,9780.0,0.0
7088.460457227,9780.0,0.0
7088.470659377,9780.0,0.0
7088.480416532,9780.0,0.0
7088.490174187,9780.0,0.0
7088.500693585,9780.0,0.0
7088.511170983,9780.0,0.0
7088.520007980,9780.0,0.0
7088.530360046,9780.0,0.0
7088.541156108,9780.0,0.0
7088.549868856,9780.0,0.0
7088.560277838,9780.0,0.0
7088.570424073,9780.0,0.0
7088.581123219,9780.0,0.0
7088.590238630,9780.0,0.0
7088.600571779,9780.0,0.0
7088.610791013,9780.0,0.0
7088.628290926,9780.0,0.0
7088.634817862,9780.0,0.0
7088.757523418,9780.0,0.0
7088.757871747,9780.0,0.0
7088.762810533,9780.0,0.0
7088.772111525,9780.0,0.0
7088.783602414,9780.0,0.0
7088.792142830,9780.0,0.0
7088.802603395,9780.0,0.0
7088.814191449,9780.0,0.0
7088.826495329,9780.0,0.0
7088.832968766,9780.0,0.0
7088.842663089,9780.0,0.0
7088.853872979,9780.0,0.0
7088.862253814,9780.0,0.0
7088.872445049,9780.0,0.0
7088.883421108,9780.0,0.0
7088.892565103,9780.0,0.0
7088.915032884,9780.0,0.0
7088.915207715,9780.0,0.0
7088.922969473,9780.0,0.0
7088.932152967,9780.0,0.0
7088.942849863,9780.0,0.0
7088.952950015,9780.0,0.0
7088.965819973,9780.0,0.0
7088.975614211,9780.0,0.0
7088.985847528,9780.0,0.0
7088.994629525,9780.0,0.0
7089.004713677,9780.0,0.0
7089.015755570,9780.0,0.0
7089.025352643,9780.0,0.0
7089.035460878,9780.0,0.0
7089.046069691,9780.0,0.0
7089.055371601,9780.0,0.0
7089.065405170,9780.0,0.0
7089.075558987,9780.0,0.0
7089.085738888,9780.0,0.0
7089.095455544,9780.0,0.0
7089.105566279,9780.0,0.0
7089.114862688,9780.0,0.0
7089.125403835,9780.0,0.0
7089.135423488,9780.0,0.0
7089.145650055,9780.0,0.0
7089.156952028,9780.0,0.0
7089.167511509,9780.0,0.0
7089.177900408,9780.0,0.0
7089.187984393,9780.0,0.0
7089.198042961,9780.0,0.0
7089.214128471,9780.0,0.0
7089.223952209,9780.0,0.0
7089.231295554,9780.0,0.0
7089.241391456,9780.0,0.0
7089.252340766,9780.0,0.0
7089.261234763,9780.0,0.0
7089.271287248,9780.0,0.0
7089.282173226,9780.0,0.0
7089.291095222,9780.0,0.0
7089.301499454,9780.0,0.0
7089.311724354,9780.0,0.0
7089.321055347,9780.0,0.0
7089.331106749,9780.0,0.0
7089.342063226,9780.0,0.0
7089.351471301,9780.0,0.0
7089.362114530,9780.0,0.0
7089.371973351,9780.0,0.0
7089.382445749,9780.0,0.0
7089.391263497,9780.0,0.0
7089.401862310,9780.0,0.0
7089.411219552,9780.0,0.0
7089.425431747,9780.0,0.0
7089.432524678,9780.0,0.0
7089.441781755,9780.0,0.0
7089.452117737,9780.0,0.0
7089.461255315,9780.0,0.0
7089.471550548,9780.0,0.0
7089.488669631,9780.0,0.0
7089.491124358,9780.0,0.0
7089.501244842,9780.0,0.0
7089.511363827,9780.0,0.0
7089.522323304,9780.0,0.0
7089.532732952,9780.0,0.0
7089.542497024,9780.0,0.0
7089.552787674,9780.0,0.0
7089.563786983,9780.0,0.0
7089.571904488,9780.0,0.0
7089.582133805,9780.0,0.0
7089.593128448,9780.0,0.0
7089.602674188,9780.0,0.0
7089.612051097,9780.0,0.0
7089.622973157,9780.0,0.0
7089.632349399,9780.0,0.0
7089.642566300,9780.0,0.0
7089.653272445,9780.0,0.0
7089.662109359,9780.0,0.0
7089.672495258,9780.0,0.0
7089.688571935,9780.0,0.0
7089.694928373,9780.0,0.0
7089.703093460,9780.0,0.0
7089.712951198,9780.0,0.0
7089.722653270,9780.0,0.0
7089.732730422,9780.0,0.0
7089.743118320,9780.0,0.0
7089.761560391,9780.0,0.0
7089.763555538,9780.0,0.0
7089.773861771,9780.0,0.0
7089.784596750,9780.0,0.0
7089.793430164,9780.0,0.0
7089.803696481,9780.0,0.0
7089.813938214,9780.0,0.0
7089.824160948,9780.0,0.0
7089.834460348,9780.0,0.0
7089.844708248,9780.0,0.0
7089.854793650,9780.0,0.0
7089.865328464,9780.0,0.0
7089.875305450,9780.0,0.0
7089.885572183,9780.0,0.0
7089.895904833,9780.0,0.0
7089.905259325,9780.0,0.0
7089.915387226,9780.0,0.0
7089.925852291,9780.0,0.0
7089.935261783,9780.0,0.0
7089.945436017,9780.0,0.0
7089.961289029,9780.0,0.0
7089.965248074,9780.0,0.0
7089.975523141,9780.0,0.0
7089.986137121,9780.0,0.0
7089.996147357,9780.0,0.0
7090.006411257,9780.0,0.0
7090.023062345,9780.0,0.0
7090.027377886,9780.0,0.0
7090.037691369,9780.0,0.0
7090.048454097,9780.0,0.0
7090.059467740,9780.0,0.0
7090.069514476,9780.0,0.0
7090.080633867,9780.0,0.0
7090.091069182,9780.0,0.0
7090.101260666,9780.0,0.0
7090.119822402,9780.0,0.0
7090.121589552,9780.0,0.0
7090.131734703,9780.0,0.0
7090.143232008,9780.0,0.0
7090.158716357,9780.0,0.0
7090.166029036,9780.0,0.0
7090.177100428,9780.0,0.0
7090.186927832,9780.0,0.0
7090.196899319,9780.0,0.0
7090.206619641,9780.0,0.0
7090.218029779,9780.0,0.0
7090.227647102,9780.0,0.0
7090.237649088,9780.0,0.0
7090.249277809,9780.0,0.0
7090.259091963,9780.0,0.0
7090.269147698,9780.0,0.0
7090.279273683,9780.0,0.0
7090.297899335,9780.0,0.0
7090.298664994,9780.0,0.0
7090.308861062,9780.0,0.0
7090.318138638,9780.0,0.0
7090.328169624,9780.0,0.0
7090.338386607,9780.0,0.0
7090.348430010,9780.0,0.0
7090.358765659,9780.0,0.0
7090.367967569,9780.0,0.0
7090.378066138,9780.0,0.0
7090.388408954,9780.0,0.0
7090.398563855,9780.0,0.0
7090.408899421,9780.0,0.0
7090.419325903,9780.0,0.0
7090.429784134,9780.0,0.0
7090.439878369,9780.0,0.0
7090.450417933,9780.0,0.0
7090.460782749,9780.0,0.0
7090.471195731,9780.0,0.0
7090.482884617,9780.0,0.0
7090.490662208,9780.0,0.0
7090.500935108,9780.0,0.0
7090.511284007,9780.0,0.0
7090.521926904,9780.0,0.0
7090.531242396,9780.0,0.0
7090.541821127,9780.0,0.0
7090.551335117,9780.0,0.0
7090.569328692,9780.0,0.0
7090.572458328,9780.0,0.0
7090.582204900,9780.0,0.0
7090.594205700,9780.0,0.0
7090.601832959,9780.0,0.0
7090.612173442,9780.0,0.0
7090.625261731,9780.0,0.0
7090.632750408,9780.0,0.0
7090.641801153,9780.0,0.0
7090.651646890,9780.0,0.0
7090.662738616,9780.0,0.0
7090.672269190,9780.0,0.0
7090.685844724,9780.0,0.0
7090.692240495,9780.0,0.0
7090.701294074,9780.0,0.0
7090.711410725,9780.0,0.0
7090.721881873,9780.0,0.0
7090.731155366,9780.0,0.0
7090.741834262,9780.0,0.0
7090.762684809,9780.0,0.0
7090.762738309,9780.0,0.0
7090.771715221,9780.0,0.0
7090.782188619,9780.0,0.0
7090.791562945,9780.0,0.0
7090.801403516,9780.0,0.0
7090.812714989,9780.0,0.0
7090.833290122,9780.0,0.0
7090.833348455,9780.0,0.0
7090.841987787,9780.0,0.0
7090.853049513,9780.0,0.0
7090.861773844,9780.0,0.0
7090.874610719,9780.0,0.0
7090.882367727,9780.0,0.0
7090.901563374,9780.0,0.0
7090.902733529,9780.0,0.0
7090.912924596,9780.0,0.0
7090.923054164,9780.0,0.0
7090.933330148,9780.0,0.0
7090.943555715,9780.0,0.0
7090.954481358,9780.0,0.0
7090.962916443,9780.0,0.0
7090.973161176,9780.0,0.0
7090.983468493,9780.0,0.0
7090.993679227,9780.0,0.0
7091.003083885,9780.0,0.0
7091.013686199,9780.0,0.0
7091.024417177,9780.0,0.0
7091.034720077,9780.0,0.0
7091.043863905,9780.0,0.0
7091.054281053,9780.0,0.0
7091.064421621,9780.0,0.0
7091.074167693,9780.0,0.0
7091.084172179,9780.0,0.0
7091.094935324,9780.0,0.0
7091.104687146,9780.0,0.0
7091.114771964,9780.0,0.0
7091.125050781,9780.0,0.0
7091.135388013,9780.0,0.0
7091.145592747,9780.0,0.0
7091.156180561,9780.0,0.0
7091.166236130,9780.0,0.0
7091.176562863,9780.0,0.0
7091.187158509,9780.0,0.0
7091.196763499,9780.0,0.0
7091.206648736,9780.0,0.0
7091.221023263,9780.0,0.0
7091.230305173,9780.0,0.0
7091.236600195,9780.0,0.0
7091.251123637,9780.0,0.0
7091.258774895,9780.0,0.0
7091.268791714,9780.0,0.0
7091.287171286,9780.0,0.0
7091.290152173,9780.0,0.0
7091.299266168,9780.0,0.0
7091.309779065,9780.0,0.0
7091.320902707,9780.0,0.0
7091.331340439,9780.0,0.0
7091.341233509,9780.0,0.0
7091.350977831,9780.0,0.0
7091.361937141,9780.0,0.0
7091.370270810,9780.0,0.0
7091.380300462,9780.0,0.0
7091.390492196,9780.0,0.0
7091.400768513,9780.0,0.0
7091.409973423,9780.0,0.0
7091.420154407,9780.0,0.0
7091.430519473,9780.0,0.0
7091.441763197,9780.0,0.0
7091.450103949,9780.0,0.0
7091.460384849,9780.0,0.0
7091.470607749,9780.0,0.0
7091.480797400,9780.0,0.0
7091.491278381,9780.0,0.0
7091.504413337,9780.0,0.0
7091.514090576,9780.0,0.0
7091.522061165,9780.0,0.0
7091.532639562,9780.0,0.0
7091.543301125,9780.0,0.0
7091.561797445,9780.0,0.0
7091.562389106,9780.0,0.0
7091.572840087,9780.0,0.0
7091.582982322,9780.0,0.0
7091.593952132,9780.0,0.0
7091.603390790,9780.0,0.0
7091.613796855,9780.0,0.0
7091.623178347,9780.0,0.0
7091.638092368,9780.0,0.0
7091.643619481,9780.0,0.0
7091.653866382,9780.0,0.0
7091.662960460,9780.0,0.0
7091.673059861,9780.0,0.0
7091.683388177,9780.0,0.0
7091.693507912,9780.0,0.0
7091.703807812,9780.0,0.0
7091.713875631,9780.0,0.0
7091.724031615,9780.0,0.0
7091.734444014,9780.0,0.0
7091.745758237,9780.0,0.0
7091.754280654,9780.0,0.0
7091.764456555,9780.0,0.0
7091.775788111,9780.0,0.0
7091.784870439,9780.0,0.0
7091.794503429,9780.0,0.0
7091.804540248,9780.0,0.0
7091.815074645,9780.0,0.0
7091.824466554,9780.0,0.0
7091.842377379,9780.0,0.0
7091.851333792,9780.0,0.0
7091.859560962,9780.0,0.0
7091.866682726,9780.0,0.0
7091.875043978,9780.0,0.0
7091.884268805,9780.0,0.0
7091.895080533,9780.0,0.0
7091.907374246,9780.0,0.0
7091.915515834,9780.0,0.0
7091.925792317,9780.0,0.0
7091.935932218,9780.0,0.0
7091.946235535,9780.0,0.0
7091.956254687,9780.0,0.0
7091.967049249,9780.0,0.0
7091.976516823,9780.0,0.0
7091.987136136,9780.0,0.0
7091.997251121,9780.0,0.0
7092.007157191,9780.0,0.0
7092.017980086,9780.0,0.0
7092.027705491,9780.0,0.0
7092.036984901,9780.0,0.0
7092.049110366,9780.0,0.0
7092.057871864,9780.0,0.0
7092.067360022,9780.0,0.0
7092.078100834,9780.0,0.0
7092.092422611,9780.0,0.0
7092.097513228,9780.0,0.0
7092.107946710,9780.0,0.0
7092.117656532,9780.0,0.0
7092.128213346,9780.0,0.0
7092.138577412,9780.0,0.0
7092.149897802,9780.0,0.0
7092.164408660,9780.0,0.0
7092.172202501,9780.0,0.0
7092.183256643,9780.0,0.0
7092.193247796,9780.0,0.0
7092.202580289,9780.0,0.0
7092.212852355,9780.0,0.0
7092.223390503,9780.0,0.0
7092.233141824,9780.0,0.0
7092.243077561,9780.0,0.0
7092.254043121,9780.0,0.0
7092.264100523,9780.0,0.0
7092.273495515,9780.0,0.0
7092.285633980,9780.0,0.0
7092.294205896,9780.0,0.0
7092.305133873,9780.0,0.0
7092.314101119,9780.0,0.0
7092.324311853,9780.0,0.0
7092.334923583,9780.0,0.0
7092.344507157,9780.0,0.0
7092.354242645,9780.0,0.0
7092.364622961,9780.0,0.0
7092.374729696,9780.0,0.0
7092.384512017,9780.0,0.0
7092.395199830,9780.0,0.0
7092.405112900,9780.0,0.0
7092.415803712,9780.0,0.0
7092.426044863,9780.0,0.0
7092.435279606,9780.0,0.0
7092.445606755,9780.0,0.0
7092.455912988,9780.0,0.0
7092.467216878,9780.0,0.0
7092.476529454,9780.0,0.0
7092.493464123,9780.0,0.0
7092.496173263,9780.0,0.0
7092.506596578,9780.0,0.0
7092.516812979,9780.0,0.0
7092.527529208,9780.0,0.0
7092.537451194,9780.0,0.0
7092.550059905,9780.0,0.0
7092.558043994,9780.0,0.0
7092.568396143,9780.0,0.0
7092.578394796,9780.0,0.0
7092.589207607,9780.0,0.0
7092.598131354,9780.0,0.0
7092.608591585,9780.0,0.0
7092.618793152,9780.0,0.0
7092.629262134,9780.0,0.0
7092.649952349,9780.0,0.0
7092.652227744,9780.0,0.0
7092.661120157,9780.0,0.0
7092.671459723,9780.0,0.0
7092.681707873,9780.0,0.0
7092.691159698,9780.0,0.0
7092.701176184,9780.0,0.0
7092.711376168,9780.0,0.0
7092.721495319,9780.0,0.0
7092.731809385,9780.0,0.0
7092.741336292,9780.0,0.0
7092.751199696,9780.0,0.0
7092.761851009,9780.0,0.0
7092.772206825,9780.0,0.0
7092.781973897,9780.0,0.0
7092.792405629,9780.0,0.0
7092.803352272,9780.0,0.0
7092.821842342,9780.0,0.0
7092.827258789,9780.0,0.0
7092.835646291,9780.0,0.0
7092.845120032,9780.0,0.0
7092.856449088,9780.0,0.0
7092.865327585,9780.0,0.0
7092.877351551,9780.0,0.0
7092.890083761,9780.0,0.0
7092.901968728,9780.0,0.0
7092.909733819,9780.0,0.0
7092.918242737,9780.0,0.0
7092.928529553,9780.0,0.0
7092.938822870,9780.0,0.0
7092.948237028,9780.0,0.0
7092.959036506,9780.0,0.0
7092.968880910,9780.0,0.0
7092.978265819,9780.0,0.0
7092.988804466,9780.0,0.0
7092.998964534,9780.0,0.0
7093.008224194,9780.0,0.0
7093.029393488,9780.0,0.0
7093.029442820,9780.0,0.0
7093.038123486,9780.0,0.0
7093.049328377,9780.0,0.0
7093.058977033,9780.0,0.0
7093.069765511,9780.0,0.0
7093.079964995,9780.0,0.0
7093.103280185,9780.0,0.0
7093.106322822,9780.0,0.0
7093.115335567,9780.0,0.0
7093.125876131,9780.0,0.0
7093.135102708,9780.0,0.0
7093.145165027,9780.0,0.0
7093.167432310,9780.0,0.0
7093.170162200,9780.0,0.0
7093.179306111,9780.0,0.0
7093.190346337,9780.0,0.0
7093.200104075,9780.0,0.0
7093.210240227,9780.0,0.0
7093.219292972,9780.0,0.0
7093.229269791,9780.0,0.0
7093.239433526,9780.0,0.0
7093.249857341,9780.0,0.0
7093.260066491,9780.0,0.0
7093.270021645,9780.0,0.0
7093.281095703,9780.0,0.0
7093.292569592,9780.0,0.0
7093.303052573,9780.0,0.0
7093.313794802,9780.0,0.0
7093.324012869,9780.0,0.0
7093.333725024,9780.0,0.0
7093.344114840,9780.0,0.0
7093.354434323,9780.0,0.0
7093.364475141,9780.0,0.0
7093.374676042,9780.0,0.0
7093.384085784,9780.0,0.0
7093.393279611,9780.0,0.0
7093.403692760,9780.0,0.0
7093.414724152,9780.0,0.0
7093.425442548,9780.0,0.0
7093.437284682,9780.0,0.0
7093.447752581,9780.0,0.0
7093.456405413,9780.0,0.0
7093.469053290,9780.0,0.0
7093.480778842,9780.0,0.0
7093.493597967,9780.0,0.0
7093.499663242,9780.0,0.0
7093.511699291,9780.0,0.0
7093.522012357,9780.0,0.0
7093.532698087,9780.0,0.0
7093.541825748,9780.0,0.0
7093.552220147,9780.0,0.0
7093.563387288,9780.0,0.0
7093.571326294,9780.0,0.0
7093.581487528,9780.0,0.0
7093.592066009,9780.0,0.0
7093.602008829,9780.0,0.0
7093.612439810,9780.0,0.0
7093.622404963,9780.0,0.0
7093.635494336,9780.0,0.0
7093.645284074,9780.0,0.0
7093.655623140,9780.0,0.0
7093.665807957,9780.0,0.0
7093.676549019,9780.0,0.0
7093.687470830,9780.0,0.0
7093.697386150,9780.0,0.0
7093.706160564,9780.0,0.0
7093.717200540,9780.0,0.0
7093.726232369,9780.0,0.0
7093.736479019,9780.0,0.0
7093.751085460,9780.0,0.0
7093.763532089,9780.0,0.0
7093.774668481,9780.0,0.0
7093.781783411,9780.0,0.0
7093.792260143,9780.0,0.0
7093.801952548,9780.0,0.0
7093.812302364,9780.0,0.0
7093.822834678,9780.0,0.0
7093.832932080,9780.0,0.0
7093.842814817,9780.0,0.0
7093.851966478,9780.0,0.0
7093.862172629,9780.0,0.0
7093.873742266,9780.0,0.0
7093.882974676,9780.0,0.0
7093.892500583,9780.0,0.0
7093.903065064,9780.0,0.0
7093.913780876,9780.0,0.0
7093.923433949,9780.0,0.0
7093.933681766,9780.0,0.0
7093.946187894,9780.0,0.0
7093.966348447,9780.0,0.0
7093.966483280,9780.0,0.0
7093.975809939,9780.0,0.0
7093.986160171,9780.0,0.0
7093.995145584,9780.0,0.0
7094.005505733,9780.0,0.0
7094.016100463,9780.0,0.0
7094.026638277,9780.0,0.0
7094.037726336,9780.0,0.0
7094.056859566,9780.0,0.0
7094.056986898,9780.0,0.0
7094.067420297,9780.0,0.0
7094.077059369,9780.0,0.0
7094.087229187,9780.0,0.0
7094.101980127,9780.0,0.0
7094.109033141,9780.0,0.0
7094.118449300,9780.0,0.0
7094.127468795,9780.0,0.0
7094.137519114,9780.0,0.0
7094.149302833,9780.0,0.0
7094.165420926,9780.0,0.0
7094.167456156,9780.0,0.0
7094.179028377,9780.0,0.0
7094.189390942,9780.0,0.0
7094.198752434,9780.0,0.0
7094.209523163,9780.0,0.0
7094.218476409,9780.0,0.0
7094.229040556,9780.0,0.0
7094.246672301,9780.0,0.0
7094.249739355,9780.0,0.0
7094.260016171,9780.0,0.0
7094.269387163,9780.0,0.0
7094.280697053,9780.0,0.0
7094.289889464,9780.0,0.0
7094.301482018,9780.0,0.0
7094.309113860,9780.0,0.0
7094.319426843,9780.0,0.0
7094.329556577,9780.0,0.0
7094.339898560,9780.0,0.0
7094.348874556,9780.0,0.0
7094.359599868,9780.0,0.0
7094.369901768,9780.0,0.0
7094.379007846,9780.0,0.0
7094.389439411,9780.0,0.0
7094.399886143,9780.0,0.0
7094.409862629,9780.0,0.0
7094.421596681,9780.0,0.0
7094.430852924,9780.0,0.0
7094.440353915,9780.0,0.0
7094.451450224,9780.0,0.0
7094.460592968,9780.0,0.0
7094.470797869,9780.0,0.0
7094.482536838,9780.0,0.0
7094.492905237,9780.0,0.0
7094.505245117,9780.0,0.0
7094.511630055,9780.0,0.0
7094.522384117,9780.0,0.0
7094.531488695,9780.0,0.0
7094.542102175,9780.0,0.0
7094.554310556,9780.0,0.0
7094.561604401,9780.0,0.0
7094.575182852,9780.0,0.0
7094.585083256,9780.0,0.0
7094.594658579,9780.0,0.0
7094.605019312,9780.0,0.0
7094.614618718,9780.0,0.0
7094.627966255,9780.0,0.0
7094.641619039,9780.0,0.0
7094.647333150,9780.0,0.0
7094.657506384,9780.0,0.0
7094.668267363,9780.0,0.0
7094.678870676,9780.0,0.0
7094.692824457,9780.0,0.0
7094.700992627,9780.0,0.0
7094.711947437,9780.0,0.0
7094.723132412,9780.0,0.0
7094.731779828,9780.0,0.0
7094.744247456,9780.0,0.0
7094.753082037,9780.0,0.0
7094.762252281,9780.0,0.0
7094.773500671,9780.0,0.0
7094.782436418,9780.0,0.0
7094.792272489,10580.0,0.0
7094.802423806,10580.0,0.0
7094.812620457,10580.0,0.0
7094.822930357,10580.0,0.0
7094.833406838,10580.0,0.0
7094.843235326,10580.0,0.0
7094.853592891,10580.0,0.0
7094.864152289,10580.0,0.0
7094.873535447,10580.0,0.0
7094.884360425,10580.0,0.0
7094.893817333,10580.0,0.0
7094.904527645,10580.0,0.0
7094.913291393,10580.0,0.0
7094.924066872,10580.0,0.0
7094.934403938,10580.0,0.0
7094.945237166,10580.0,0.0
7094.954831572,10580.0,0.0
7094.967747030,10580.0,0.0
7094.979626581,10580.0,0.0
7094.987222007,10580.0,0.0
7094.996250252,10580.0,0.0
7095.007915139,10580.0,0.0
7095.016817385,10580.0,0.0
7095.026555707,10580.0,0.0
7095.048182913,10580.0,0.0
7095.048250829,10580.0,0.0
7095.058167149,10580.0,0.0
7095.068153969,10580.0,0.0
7095.077254964,10580.0,0.0
7095.087976192,10075.0,0.0
7095.099251499,10075.0,0.0
7095.111563963,10075.0,0.0
7095.120288961,10075.0,0.0
7095.129730453,10075.0,0.0
7095.145536799,10075.0,0.0
7095.155012873,10075.0,0.0
7095.167022506,10075.0,0.0
7095.176226000,10075.0,0.0
7095.186784147,10075.0,0.0
7095.196487303,10075.0,0.0
7095.206936034,10075.0,0.0
7095.216031779,10075.0,0.0
7095.226271596,10075.0,0.0
7095.236400914,10075.0,0.0
7095.247007227,10075.0,0.0
7095.255941890,10075.0,0.0
7095.266183291,10075.0,0.0
7095.276785437,10075.0,0.0
7095.287359834,10075.0,0.0
7095.297582068,10075.0,0.0
7095.308165382,10075.0,0.0
7095.317466875,10075.0,0.0
7095.327836107,10075.0,0.0
7095.339236413,10075.0,0.0
7095.354565680,10075.0,0.0
7095.362905432,10075.0,0.0
7095.371635930,10075.0,0.0
7095.382444325,10075.0,0.0
7095.389926752,10075.0,0.0
7095.399426076,10075.0,0.0
7095.416242746,10075.0,0.0
7095.421723943,10075.0,0.0
7095.439293272,10075.0,0.0
7095.454834870,10075.0,0.0
7095.454963119,10075.0,0.0
7095.461683720,10075.0,0.0
7095.475902748,10075.0,0.0
7095.484345750,10075.0,0.0
7095.495416892,10075.0,0.0
7095.502827403,10075.0,0.0
7095.513638464,10075.0,0.0
7095.523726366,10075.0,0.0
7095.535035256,10075.0,0.0
7095.544951826,10075.0,0.0
7095.558929857,10075.0,0.0
7095.565897622,10075.0,0.0
7095.574929701,10075.0,0.0
7095.585111018,10075.0,0.0
7095.595777831,10075.0,0.0
7095.606034148,10075.0,0.0
7095.616240799,10075.0,0.0
7095.626605531,10075.0,0.0
7095.636758015,10075.0,0.0
7095.646799584,10075.0,0.0
7095.655984662,10075.0,0.0
7095.666082980,10075.0,0.0
7095.676873875,10075.0,0.0
7095.687086692,10075.0,0.0
7095.697370342,10075.0,0.0
7095.708010738,10075.0,0.0
7095.717722060,10075.0,0.0
7095.727911378,10075.0,0.0
7095.737347119,10075.0,0.0
7095.747921350,10075.0,0.0
7095.782917592,10075.0,0.0
7095.782960509,10075.0,0.0
7095.782989508,10075.0,0.0
7095.798044778,10075.0,0.0
7095.798109611,10075.0,0.0
7095.809181670,10075.0,0.0
7095.818780660,10075.0,0.0
7095.831307621,10075.0,0.0
7095.839663206,10075.0,0.0
7095.849336612,10075.0,0.0
7095.859881426,10075.0,0.0
7095.868932171,10075.0,0.0
7095.879317904,10075.0,0.0
7095.889771302,10075.0,0.0
7095.900691362,10075.0,0.0
7095.909329945,10075.0,0.0
7095.920631335,10075.0,0.0
7095.930919818,10075.0,0.0
7095.941076636,10075.0,0.0
7095.951374035,10075.0,0.0
7095.961200523,10075.0,0.0
7095.971687254,10075.0,0.0
7095.982423483,10075.0,0.0
7095.992405386,10075.0,0.0
7096.002936700,10075.0,0.0
7096.013265599,10075.0,0.0
7096.025206483,10075.0,0.0
7096.032873908,10075.0,0.0
7096.043647887,10075.0,0.0
7096.053862287,10075.0,0.0
7096.063502693,10075.0,0.0
7096.078587547,10075.0,0.0
7096.086929215,10075.0,0.0
7096.099440760,10075.0,0.0
7096.104918707,10075.0,0.0
7096.114522613,10075.0,0.0
7096.125085177,10075.0,0.0
7096.134112673,10075.0,0.0
7096.144171075,10075.0,0.0
7096.154423641,10075.0,0.0
7096.164759207,10075.0,0.0
7096.173935701,10075.0,0.0
7096.184537348,10075.0,0.0
7096.195102579,10075.0,0.0
7096.205045482,10075.0,0.0
7096.216259456,10075.0,0.0
7096.226921852,10075.0,0.0
7096.235427519,10075.0,0.0
7096.245406422,10075.0,0.0
7096.255815238,10075.0,0.0
7096.265301895,10075.0,0.0
7096.279466341,10075.0,0.0
7096.289145913,10075.0,0.0
7096.298007910,10075.0,0.0
7096.308364726,10075.0,0.0
7096.319549117,10075.0,0.0
7096.328534113,10075.0,0.0
7096.339194009,10075.0,0.0
7096.354452277,10075.0,0.0
7096.364580178,10075.0,0.0
7096.371126448,10075.0,0.0
7096.382112758,10075.0,0.0
7096.392471074,10075.0,0.0
7096.402228895,10075.0,0.0
7096.417328581,10075.0,0.0
7096.428311725,10075.0,0.0
7096.433068345,10075.0,0.0
7096.443368578,10075.0,0.0
7096.453812393,10075.0,0.0
7096.463759463,10075.0,0.0
7096.474985020,10075.0,0.0
7096.487526315,10075.0,0.0
7096.493670671,10075.0,0.0
7096.504623648,10075.0,0.0
7096.514751300,10075.0,0.0
7096.524545787,10075.0,0.0
7096.534825687,10075.0,0.0
7096.544666175,10075.0,0.0
7096.557904213,10075.0,0.0
7096.572862817,10075.0,0.0
7096.578072433,10075.0,0.0
7096.587317510,10075.0,0.0
7096.596539586,10075.0,0.0
7096.607790394,10075.0,0.0
7096.617506299,10075.0,0.0
7096.631438080,10075.0,0.0
7096.640144579,10075.0,0.0
7096.648988076,10075.0,0.0
7096.659156560,10075.0,0.0
7096.669484876,10075.0,0.0
7096.679959441,10075.0,0.0
7096.689461515,10075.0,0.0
7096.699507500,10075.0,0.0
7096.709554569,10075.0,0.0
7096.719726554,10075.0,0.0
7096.729476209,10075.0,0.0
7096.739380446,10075.0,0.0
7096.750535837,10075.0,0.0
7096.759804080,10075.0,0.0
7096.768961991,10075.0,0.0
7096.779280557,10075.0,0.0
7096.789511041,10075.0,0.0
7096.800009855,10075.0,0.0
7096.809378097,10075.0,0.0
7096.819651831,10075.0,0.0
7096.846049740,10075.0,0.0
7096.846203655,10075.0,0.0
7096.855781812,10075.0,0.0
7096.866241544,10075.0,0.0
7096.875607536,10075.0,0.0
7096.885823603,10075.0,0.0
7096.900094631,10075.0,0.0
7096.905408329,10075.0,0.0
7096.915286066,10075.0,0.0
7096.925339885,10075.0,0.0
7096.935610701,10075.0,0.0
7096.945986100,10075.0,0.0
7096.956083085,10075.0,0.0
7096.966348152,10075.0,0.0
7096.977332129,10075.0,0.0
7096.986142126,10075.0,0.0
7096.997050603,10075.0,0.0
7097.007184171,10075.0,0.0
7097.017043825,10075.0,0.0
7097.025853323,10075.0,0.0
7097.036247722,10075.0,0.0
7097.046490038,10075.0,0.0
7097.056814271,10075.0,0.0
7097.067276003,10075.0,0.0
7097.077345738,10075.0,0.0
7097.089228539,10075.0,0.0
7097.099876435,10075.0,0.0
7097.108223521,10075.0,0.0
7097.118754168,10075.0,0.0
7097.129070818,10075.0,0.0
7097.138292395,10075.0,0.0
7097.151327684,10075.0,0.0
7097.159424855,10075.0,0.0
7097.171182658,10075.0,0.0
7097.181591390,10075.0,0.0
7097.191582459,10075.0,0.0
7097.201968108,10075.0,0.0
7097.211584598,10075.0,0.0
7097.225424129,10075.0,0.0
7097.231147824,10075.0,0.0
7097.241164476,10075.0,0.0
7097.253788270,10075.0,0.0
7097.261224448,10075.0,0.0
7097.271362765,10075.0,0.0
7097.282170577,10075.0,0.0
7097.292077564,10075.0,0.0
7097.302423796,10075.0,0.0
7097.317157320,10075.0,0.0
7097.322983096,10075.0,0.0
7097.332390588,10075.0,0.0
7097.343041068,10075.0,0.0
7097.353008470,10075.0,0.0
7097.367751327,10075.0,0.0
7097.375418002,10075.0,0.0
7097.384467497,10075.0,0.0
7097.394789314,10075.0,0.0
7097.404948298,10075.0,0.0
7097.415822775,10075.0,0.0
7097.432298115,10075.0,0.0
7097.438195808,10075.0,0.0
7097.448558540,10075.0,0.0
7097.459215353,10075.0,0.0
7097.468618345,10075.0,0.0
7097.478765246,10075.0,0.0
7097.509107034,10075.0,0.0
7097.517080456,10075.0,10.0
7097.517114122,10075.0,10.0
7097.518577025,10075.0,10.0
7097.528723259,10075.0,10.0
7097.538623163,10075.0,10.0
7097.547878990,10075.0,0.0
7097.558804050,10075.0,0.0
7097.569143366,10075.0,0.0
7097.579644097,10075.0,0.0
7097.588629926,10075.0,0.0
7097.599253989,10075.0,0.0
7097.609227476,10075.0,0.0
7097.629108865,10075.0,0.0
7097.637555366,10075.0,0.0
7097.639207434,10075.0,0.0
7097.651554063,10075.0,0.0
7097.660149980,10075.0,0.0
7097.669296974,10075.0,0.0
7097.681328273,10075.0,0.0
7097.690594933,10075.0,0.0
7097.699048518,10075.0,0.0
7097.709529082,10075.0,0.0
7097.719491319,10075.0,0.0
7097.729661303,10075.0,0.0
7097.744290244,10075.0,0.0
7097.749867356,10075.0,0.0
7097.759981508,10075.0,0.0
7097.769952161,10075.0,0.0
7097.780572807,10075.0,0.0
7097.790405461,10075.0,0.0
7097.801074857,10075.0,0.0
7097.816494874,10075.0,0.0
7097.820449002,10075.0,0.0
7097.830782902,10075.0,0.0
7097.841660546,10075.0,0.0
7097.850175963,10075.0,0.0
7097.860215782,10075.0,0.0
7097.869288610,10075.0,0.0
7097.880176004,10075.0,0.0
7097.890541736,10075.0,0.0
7097.905257926,10075.0,0.0
7097.915885490,10075.0,0.0
7097.925468146,10075.0,0.0
7097.934287060,10075.0,0.0
7097.945305453,10075.0,0.0
7097.955188023,10075.0,0.0
7097.965949919,10075.0,0.0
7097.974077840,10075.0,0.0
7097.984361156,10075.0,0.0
7097.994502141,10075.0,0.0
7098.004671708,10075.0,0.0
7098.014067867,10075.0,0.0
7098.024201935,10075.0,0.0
7098.034639583,10075.0,0.0
7098.044684819,10075.0,0.0
7098.054817303,10075.0,0.0
7098.063980964,10075.0,0.0
7098.074345613,10075.0,0.0
7098.084547181,10075.0,10.0
7098.094900413,10075.0,10.0
7098.104986065,10075.0,10.0
7098.116269288,10075.0,10.0
7098.125937528,10075.0,0.0
7098.135399602,10075.0,0.0
7098.146008249,10075.0,0.0
7098.155840236,10075.0,0.0
7098.165551892,10075.0,0.0
7098.175423879,10075.0,0.0
7098.186474771,10075.0,0.0
7098.195165187,10075.0,0.0
7098.205392087,10075.0,0.0
7098.215533488,10075.0,0.0
7098.226324050,10075.0,0.0
7098.236193787,10075.0,0.0
7098.246324272,10075.0,0.0
7098.256539672,10075.0,0.0
7098.266871405,10075.0,0.0
7098.276022649,10075.0,0.0
7098.286301299,10075.0,0.0
7098.296471700,10075.0,0.0
7098.311595136,10075.0,0.0
7098.317295831,10075.0,0.0
7098.326774989,10075.0,0.0
7098.337188220,10075.0,0.0
7098.346258549,10075.0,0.0
7098.356937362,10075.0,0.0
7098.367244428,10075.0,0.0
7098.375952093,10075.0,0.0
7098.386257493,10075.0,0.0
7098.396342144,10075.0,0.0
7098.407132456,10075.0,0.0
7098.417198441,10075.0,0.0
7098.428121752,10075.0,0.0
7098.437226246,10075.0,0.0
7098.447616645,10075.0,0.0
7098.457684881,10075.0,0.0
7098.466962957,10075.0,0.0
7098.477417605,10075.0,10.0
7098.487539923,10075.0,10.0
7098.497855739,10075.0,10.0
7098.507766143,10075.0,0.0
7098.518352206,10075.0,0.0
7098.528769855,10075.0,0.0
7098.544086623,10075.0,0.0
7098.551742965,10075.0,0.0
7098.558986894,10075.0,0.0
7098.569895955,10075.0,0.0
7098.579271113,10075.0,0.0
7098.589950759,10075.0,0.0
7098.599809747,10075.0,0.0
7098.609823649,10075.0,0.0
7098.620349380,10075.0,0.0
7098.631171191,10075.0,0.0
7098.640225020,10075.0,0.0
7098.650425670,10075.0,0.0
7098.660727737,10075.0,0.0
7098.669904397,10075.0,0.0
7098.680590293,10075.0,0.0
7098.690808111,10075.0,0.0
7098.699974188,10075.0,0.0
7098.710511502,10075.0,0.0
7098.721018983,10075.0,0.0
7098.730248393,10075.0,0.0
7098.741506367,10075.0,0.0
7098.766377958,10075.0,10.0
7098.766518290,10075.0,10.0
7098.775210455,10075.0,10.0
7098.784313033,10075.0,10.0
7098.793925773,10075.0,10.0
7098.806120488,10075.0,10.0
7098.819751188,10075.0,10.0
7098.825735713,10075.0,0.0
7098.836708606,10075.0,0.0
7098.845609436,10075.0,0.0
7098.855582756,10075.0,0.0
7098.865914489,10075.0,0.0
7098.875495145,10075.0,0.0
7098.885619214,10075.0,0.0
7098.895715032,10075.0,0.0
7098.906925423,10075.0,0.0
7098.916291998,10075.0,0.0
7098.926891145,10075.0,0.0
7098.936046556,10075.0,0.0
7098.946523704,10075.0,0.0
7098.957373848,10075.0,0.0
7098.966164346,10075.0,0.0
7098.976408413,10075.0,0.0
7098.988031466,10075.0,0.0
7098.997145378,10075.0,0.0
7099.007552443,10075.0,0.0
7099.024740692,10075.0,0.0
7099.032988779,10075.0,0.0
7099.042394104,10075.0,0.0
7099.053025750,10075.0,0.0
7099.062749572,10075.0,0.0
7099.073113138,10075.0,0.0
7099.083283456,10075.0,0.0
7099.092461033,10075.0,0.0
7099.116337634,10075.0,0.0
7099.117021544,10075.0,0.0
7099.128044103,10075.0,0.0
7099.137781925,10075.0,0.0
7099.148022575,10075.0,0.0
7099.158412641,10075.0,0.0
7099.180738757,10075.0,0.0
7099.180796839,10075.0,0.0
7099.192428476,10075.0,0.0
7099.198785414,10075.0,0.0
7099.209570226,10075.0,0.0
7099.220143623,10075.0,0.0
7099.235598889,10075.0,0.0
7099.244275805,10075.0,0.0
7099.250043748,10075.0,0.0
7099.259288658,10075.0,0.0
7099.269655224,10075.0,0.0
7099.279549294,10075.0,0.0
7099.289381532,10075.0,0.0
7099.300093178,10075.0,0.0
7099.312206893,10075.0,0.0
7099.320793726,10075.0,0.0
7099.330375050,10075.0,0.0
7099.340462118,10075.0,0.0
7099.350894266,10075.0,0.0
7099.360727004,10075.0,0.0
7099.370606158,10075.0,0.0
7099.380148648,10075.0,0.0
7099.390363965,10075.0,0.0
7099.400530616,10075.0,0.0
7099.411550509,10075.0,0.0
7099.421506162,10075.0,0.0
7099.431693146,10075.0,0.0
7099.441655383,10075.0,0.0
7099.452392028,10075.0,0.0
7099.462406181,10075.0,0.0
7099.473063993,10075.0,0.0
7099.483161562,10075.0,0.0
7099.497742503,10075.0,0.0
7099.504294356,10075.0,0.0
7099.562876619,10075.0,0.0
7099.571809032,10075.0,0.0
7099.578862880,10075.0,0.0
7099.590428767,10075.0,0.0
7099.599476513,10075.0,0.0
7099.609520915,10075.0,0.0
7099.622550121,10075.0,0.0
7099.768841030,10075.0,0.0
7099.779046347,10075.0,0.0
7099.789976574,10075.0,0.0
7099.800274224,10075.0,0.0
7099.809444551,10075.0,0.0
7099.837111699,10075.0,0.0
7099.837136615,10075.0,0.0
7099.844729874,10075.0,0.0
7099.857244253,10075.0,0.0
7099.863674273,10075.0,0.0
7099.874231670,10075.0,0.0
7099.883169333,10075.0,0.0
7099.893524899,10075.0,0.0
7099.905697197,10075.0,0.0
7099.987752232,10075.0,0.0
7099.997536303,10075.0,0.0
7100.007672204,10075.0,0.0
7100.017990604,10075.0,0.0
7100.028765832,10075.0,0.0
7100.038660153,10075.0,0.0
7100.048801887,10075.0,0.0
7100.058373711,10075.0,0.0
7100.068585778,10075.0,0.0
7100.078772262,10075.0,0.0
7100.089380325,10075.0,0.0
7100.100588966,10075.0,0.0
7100.109542462,10075.0,0.0
7100.122019091,10075.0,0.0
7100.130237261,10075.0,0.0
7100.141514901,10075.0,0.0
7100.163919933,10075.0,0.0
7100.163957183,10075.0,0.0
7100.560959734,10075.0,0.0
7100.570762805,10075.0,0.0
7100.580189463,10075.0,0.0
7100.590738277,10075.0,0.0
7100.602071667,10075.0,0.0
7100.611381659,10075.0,0.0
7100.622286053,10075.0,0.0
7101.234239844,10075.0,0.0
7101.239774290,10075.0,0.0
7101.248350707,10075.0,0.0
7101.259016020,10075.0,0.0
7101.269072922,10075.0,0.0
7101.278316498,10075.0,0.0
7101.288775313,10075.0,0.0
7101.301143026,10075.0,0.0
7101.308985616,10075.0,0.0
7101.498658186,10075.0,0.0
7101.505170456,10075.0,0.0
7101.514956861,10075.0,0.0
7101.525106512,10075.0,0.0
7101.535034499,10075.0,0.0
7101.545379731,10075.0,0.0
7101.557485863,10075.0,0.0
7101.983988627,10075.0,0.0
7101.994441025,10075.0,0.0
7102.004428345,10075.0,0.0
7102.013215176,10075.0,0.0
7102.028203613,10075.0,0.0
7102.035268961,10075.0,0.0
7102.107039096,10075.0,0.0
7102.117730825,10075.0,0.0
7102.125736497,10075.0,0.0
7102.135064823,10075.0,0.0
7102.145416972,10075.0,0.0
7102.156710779,10075.0,0.0
7102.167160093,10075.0,0.0
7102.390548668,10075.0,0.0
7102.401274980,10075.0,0.0
7102.410980719,10075.0,0.0
7102.420814957,10075.0,0.0
7102.431628518,10075.0,0.0
7102.642807462,10075.0,0.0
7102.652194204,10075.0,0.0
7102.663940006,10075.0,0.0
7102.673142667,10075.0,0.0
7102.682951988,10075.0,0.0
7102.699364078,10075.0,0.0
7102.703688702,10075.0,0.0
7102.713303442,10075.0,0.0
7102.723419177,10075.0,0.0
7102.733434913,10075.0,0.0
7102.744319723,10075.0,0.0
7102.753286136,10075.0,0.0
7102.763260706,10075.0,0.0
7102.773947435,10075.0,0.0
7102.782984430,10075.0,0.0
7102.793618160,10075.0,0.0
7102.803725645,10075.0,0.0
7102.814238709,10075.0,0.0
7102.824099697,10075.0,0.0
7102.835234755,10075.0,0.0
7102.844814912,10075.0,0.0
7102.854936896,10075.0,0.0
7102.865310712,10075.0,0.0
7102.875504279,10075.0,0.0
7102.885751096,10075.0,0.0
7102.895035173,10075.0,0.0
7102.906511977,10075.0,0.0
7102.916156800,10075.0,0.0
7102.925682624,10075.0,0.0
7102.936205938,10075.0,0.0
7102.948451736,10075.0,0.0
7102.955235003,10075.0,0.0
7102.965971315,10075.0,0.0
7102.975284558,10075.0,0.0
7102.985376043,10075.0,0.0
7102.996212687,10075.0,0.0
7103.006533004,10075.0,0.0
7103.017803144,10075.0,0.0
7103.026683807,10075.0,0.0
7103.036198381,10075.0,0.0
7103.046319283,10075.0,0.0
7103.057005929,10075.0,0.0
7103.066360338,10075.0,0.0
7103.076700820,10075.0,0.0
7103.087076803,10075.0,0.0
7103.096087048,10075.0,0.0
7103.106358365,10075.0,0.0
7103.116874096,10075.0,0.0
7103.126200922,10075.0,0.0
7103.136647070,10075.0,0.0
7103.146857054,10075.0,0.0
7103.156393711,10075.0,0.0
7103.166661361,10075.0,0.0
7103.177865085,10075.0,0.0
7103.186343919,10075.0,0.0
7103.196373988,10075.0,0.0
7103.208384705,10075.0,0.0
7103.216639291,10075.0,0.0
7103.622412590,10075.0,0.0
7103.622443090,10075.0,0.0
7103.630814591,10075.0,0.0
7103.640954159,10075.0,0.0
7103.651862553,10075.0,0.0
7103.661868622,10075.0,0.0
7103.671508362,10075.0,0.0
7103.681925010,10075.0,0.0
7103.695870625,10075.0,0.0
7103.707255097,10075.0,0.0
7103.991725327,10075.0,0.0
7104.000517075,10075.0,0.0
7104.009569153,10075.0,0.0
7104.019295642,10075.0,0.0
7104.296872439,10075.0,0.0
7104.307231255,10075.0,0.0
7104.317849068,10075.0,0.0
7104.329220957,10075.0,0.0
7104.338392451,10075.0,0.0
7104.348981432,10075.0,0.0
7104.358150009,10075.0,0.0
7104.368624074,10075.0,0.0
7104.378538394,10075.0,0.0
7104.388667295,10075.0,0.0
7104.399060444,10075.0,0.0
7104.409129596,10075.0,0.0
7104.419357580,10075.0,0.0
7104.430362473,10075.0,0.0
7104.438968722,10075.0,0.0
7104.449082374,10075.0,0.0
7104.459571688,10075.0,0.0
7104.469686756,10075.0,0.0
7104.479789075,10075.0,0.0
7104.490210806,10075.0,0.0
7104.500390041,10075.0,0.0
7104.510638774,10075.0,0.0
7104.521430752,10075.0,0.0
7104.530421748,10075.0,0.0
7104.540675732,10075.0,0.0
7104.551569542,10075.0,0.0
7104.563079597,10075.0,0.0
7104.571143352,10075.0,10.0
7104.581736165,10075.0,10.0
7104.591327239,10075.0,10.0
7104.601753804,10075.0,10.0
7104.612055537,10075.0,10.0
7104.621065366,10075.0,10.0
7104.631372599,10075.0,10.0
7104.641803414,10075.0,0.0
7104.651752983,10075.0,0.0
7104.660990394,10075.0,0.0
7104.672914277,10075.0,0.0
7104.681726358,10075.0,0.0
7104.691633095,10075.0,0.0
7104.701383167,10075.0,0.0
7104.712127812,10075.0,0.0
7104.721865051,10075.0,0.0
7104.731380541,10075.0,0.0
7104.742636682,10075.0,0.0
7104.753023581,10075.0,0.0
7104.904583105,10075.0,0.0
7104.914369426,10075.0,0.0
7104.924534577,10075.0,0.0
7104.933382324,10075.0,0.0
7104.946985192,10075.0,0.0
7104.961382802,10075.0,0.0
7104.966493419,10075.0,0.0
7105.313424624,10075.0,0.0
7105.323462276,10075.0,0.0
7105.335194662,10075.0,0.0
7105.347099296,10075.0,0.0
7105.446221997,10075.0,0.0
7105.455158077,10075.0,0.0
7105.466211553,10075.0,0.0
7105.477642692,10075.0,0.0
7105.487369430,10075.0,0.0
7105.577600468,10075.0,0.0
7105.587696287,10075.0,0.0
7105.598691096,10075.0,0.0
7105.609595990,10075.0,0.0
7105.618543403,10075.0,0.0
7105.630081707,10075.0,0.0
7105.898964089,10075.0,0.0
7105.908783910,10075.0,0.0
7105.918389650,10075.0,0.0
7105.928023223,10075.0,0.0
7105.938348622,10075.0,0.0
7105.948680772,10075.0,0.0
7105.958690091,10075.0,0.0
7105.969079490,10075.0,0.0
7105.978342149,10075.0,0.0
7105.988641799,10075.0,0.0
7105.998709284,10075.0,0.0
7106.007928945,10075.0,0.0
7106.018590507,10075.0,0.0
7106.028322663,10075.0,0.0
7106.038658895,10075.0,0.0
7106.048979878,10075.0,0.0
7106.058077790,10075.0,0.0
7106.068524188,10075.0,0.0
7106.078651756,10075.0,0.0
7106.089224653,10075.0,0.0
7106.099947965,10075.0,0.0
7106.109400540,10075.0,0.0
7106.119684523,10075.0,0.0
7106.129902757,10075.0,-10.0
7106.140089991,10075.0,-10.0
7106.150949635,10075.0,-10.0
7106.160127129,10075.0,-10.0
7106.170362113,10075.0,-10.0
7106.183674400,10075.0,-10.0
7106.192444565,10075.0,-10.0
7106.202708298,10075.0,-10.0
7106.214151520,10075.0,-10.0
7106.225204246,10075.0,-10.0
7106.488886428,10075.0,-10.0
7106.496245356,10075.0,-10.0
7106.505142936,10075.0,-10.0
7106.515764333,10075.0,-10.0
7106.526461145,10075.0,-10.0
7106.535719972,10075.0,-10.0
7106.548513597,10075.0,-10.0
7106.633870183,10075.0,-10.0
7106.643130426,10075.0,-10.0
7106.653346327,10075.0,-10.0
7106.663698559,10075.0,-10.0
7106.673746378,10075.0,-10.0
7106.683065371,10075.0,-10.0
7106.693297854,10075.0,-10.0
7106.703635004,10075.0,-10.0
7106.714148985,10075.0,0.0
7106.724074388,10075.0,0.0
7106.733980541,10075.0,0.0
7106.743456199,10075.0,0.0
7106.753702849,10075.0,0.0
7106.764301330,10075.0,0.0
7106.773343242,10075.0,0.0
7106.843563641,10075.0,0.0
7106.854049706,10075.0,0.0
7106.863402031,10075.0,0.0
7106.873679348,10075.0,0.0
7106.886064061,10075.0,-10.0
7106.900734751,10075.0,-10.0
7106.906194365,10075.0,-10.0
7107.137634861,10075.0,-10.0
7107.147682930,10075.0,-10.0
7107.160236308,10075.0,-10.0
7107.168439061,10075.0,-10.0
7107.179117374,10075.0,-10.0
7107.583461936,10075.0,10.0
7107.594022000,10075.0,10.0
7107.603973820,10075.0,10.0
7107.613392395,10075.0,10.0
7107.623590212,10075.0,10.0
7107.633833029,10075.0,10.0
7107.846258878,9780.0,0.0
7107.856878274,9780.0,0.0
7107.867756502,10580.0,0.0
7107.876315502,10580.0,0.0
7107.886620151,10580.0,0.0
7107.900868179,10580.0,0.0
7108.111931291,10580.0,-10.0
7108.122078775,10580.0,-10.0
7108.132260509,10580.0,-10.0
7108.143284485,10580.0,0.0
7108.151960901,10580.0,0.0
7108.162155135,10075.0,0.0
7108.173026779,10075.0,0.0
7108.182784434,10075.0,0.0
7108.192410757,10075.0,0.0
7108.202319410,10075.0,0.0
7108.212502978,10075.0,0.0
7108.222661629,10075.0,0.0
7108.232085121,10075.0,0.0
7108.242419603,10075.0,0.0
7108.252939001,10075.0,0.0
7108.263046819,10075.0,0.0
7108.273328636,10075.0,0.0
7108.286601173,10075.0,0.0
7108.294157600,10075.0,0.0
7108.303264177,10075.0,0.0
7108.313360996,10075.0,0.0
7108.323993392,10075.0,0.0
7108.332949055,10075.0,0.0
7108.343200539,10075.0,0.0
7108.353378440,10075.0,0.0
7108.363795421,10075.0,0.0
7108.373046498,10075.0,0.0
7108.383644895,10075.0,0.0
7108.393617464,10075.0,0.0
7108.403583284,10075.0,0.0
7108.414116848,10075.0,10.0
7108.423359091,10075.0,10.0
7108.433673908,10075.0,10.0
7108.443929058,10075.0,10.0
7108.453124635,10075.0,10.0
7108.464028195,10075.0,10.0
7108.473863183,10075.0,10.0
7108.483386340,10075.0,10.0
7108.888060900,10075.0,0.0
7108.893160850,10075.0,0.0
7108.903709914,10075.0,0.0
7108.914673891,10075.0,0.0
7108.925378620,10075.0,0.0
7108.934139534,10075.0,0.0
7108.949010973,10075.0,0.0
7109.428302723,10075.0,0.0
7109.438591372,10075.0,0.0
7109.448741690,10075.0,0.0
7109.457975934,10075.0,0.0
7109.468307583,10075.0,0.0
7109.478596650,10075.0,0.0
7109.488953299,10075.0,0.0
7109.499618612,10075.0,0.0
7109.509534015,10075.0,0.0
7109.519735249,10075.0,0.0
7109.529049825,10075.0,0.0
7109.539366308,10075.0,0.0
7109.549945621,10075.0,0.0
7109.559412446,10075.0,0.0
7109.569771262,10075.0,0.0
7109.580181994,10075.0,0.0
7109.590390894,10075.0,0.0
7109.601020874,10075.0,0.0
7109.613246088,10075.0,0.0
7109.630090674,10075.0,0.0
7109.632217904,10075.0,0.0
7109.842970185,10075.0,0.0
7109.851848848,10075.0,0.0
7109.861832835,10075.0,0.0
7109.871562906,10075.0,0.0
7109.881454477,10075.0,0.0
7109.894170270,10075.0,0.0
7110.109462507,10075.0,0.0
7110.116772519,10075.0,0.0
7110.125929930,10075.0,0.0
7110.136782991,10075.0,0.0
7110.150397358,10075.0,0.0
7110.156016970,10075.0,0.0
7110.167315610,10075.0,0.0
7110.176446521,10075.0,0.0
7110.187091001,10075.0,0.0
7110.197208152,10075.0,0.0
7110.207799632,10075.0,0.0
7110.217682953,10075.0,0.0
7110.228478931,10075.0,0.0
7110.240358899,10075.0,0.0
7110.249564392,10075.0,0.0
7110.258628554,10075.0,0.0
7110.268483458,10075.0,0.0
7110.285507209,10075.0,0.0
7110.508122791,10075.0,0.0
7110.518315442,10075.0,0.0
7110.528895839,10075.0,0.0
7110.539844816,10075.0,0.0
7110.552828856,10075.0,0.0
7110.755414883,10075.0,0.0
7110.765610034,10075.0,0.0
7110.776278097,10075.0,0.0
7110.787227490,10075.0,0.0
7110.796789481,10075.0,0.0
7110.806521802,10075.0,0.0
7110.820952245,10075.0,0.0
7110.838220910,10075.0,0.0
7110.838265827,10075.0,0.0
7110.848112147,10075.0,0.0
7110.858750044,10075.0,0.0
7110.868619864,10075.0,0.0
7110.887713012,10075.0,0.0
7110.901528461,10075.0,0.0
7110.906353830,10075.0,0.0
7110.984124490,10075.0,0.0
7110.985074230,10075.0,0.0
7110.994187142,10075.0,0.0
7111.006860268,10075.0,0.0
7111.017802912,10075.0,0.0
7111.703954647,10075.0,0.0
7111.718617338,10075.0,0.0
7111.729027903,10075.0,0.0
7111.738699142,10075.0,0.0
7111.748926876,10075.0,0.0
7111.763251903,10075.0,0.0
7111.768312104,10075.0,10.0
7111.965758515,10075.0,0.0
7111.975699834,10075.0,0.0
7111.985909985,10075.0,0.0
7111.996141385,10075.0,0.0
7112.005112548,10075.0,0.0
7112.023801033,10075.0,0.0
7112.165340905,10075.0,0.0
7112.165451737,10075.0,0.0
7112.175533889,10075.0,0.0
7112.184659216,10075.0,0.0
7112.194843701,10075.0,0.0
7112.204210526,10075.0,0.0
7112.216661405,10075.0,0.0
7112.229280615,10075.0,0.0
7112.244506134,10075.0,0.0
7112.248125765,10075.0,0.0
7112.437514921,10075.0,0.0
7112.448962059,10075.0,0.0
7112.457957639,10075.0,0.0
7112.467339881,10075.0,0.0
7112.477591947,10075.0,0.0
7112.495234192,10075.0,0.0
7113.029426324,10075.0,-10.0
7113.038006907,10075.0,-10.0
7113.048174225,10075.0,-10.0
7113.058528874,10075.0,-10.0
7113.068749774,10075.0,-10.0
7113.078172933,10075.0,-10.0
7113.088539332,10075.0,-10.0
7113.099251727,10075.0,-10.0
7113.108224140,10075.0,-10.0
7113.118579039,10075.0,-10.0
7113.128818856,10075.0,-10.0
7113.138733010,10075.0,-10.0
7113.149264824,10075.0,-10.0
7113.159257976,10075.0,-10.0
7113.169515710,10075.0,-10.0
7113.183055245,10075.0,-10.0
7113.193468893,10075.0,-10.0
7113.203899125,10075.0,-10.0
7113.214092942,10075.0,0.0
7113.223400435,10075.0,0.0
7113.324083371,10075.0,-10.0
7113.333667695,10075.0,-10.0
7113.344128926,10075.0,-10.0
7113.354280911,10075.0,-10.0
7113.373360142,10075.0,-10.0
7113.373853303,10075.0,-10.0
7113.721876081,10075.0,-10.0
7113.730792911,10075.0,-10.0
7113.742590713,10075.0,-10.0
7113.752178786,10075.0,-10.0
7113.770439358,10075.0,-10.0
7113.774698817,10075.0,-10.0
7113.782509241,10075.0,-10.0
7114.304897821,10075.0,0.0
7114.307205215,10075.0,0.0
7114.317785279,10075.0,0.0
7114.327192271,10075.0,0.0
7114.337560836,10075.0,0.0
7114.348438564,10075.0,0.0
7114.357588308,10075.0,0.0
7114.370275518,10075.0,0.0
7114.380874748,10075.0,0.0
7114.515810767,10075.0,0.0
7114.515987515,10075.0,0.0
7114.523719274,10075.0,0.0
7114.534137255,10075.0,0.0
7114.543858077,10075.0,0.0
7114.559602007,10075.0,0.0
7114.578084077,10075.0,-10.0
7114.578216826,10075.0,-10.0
7114.773957920,10075.0,0.0
7114.784271403,10075.0,0.0
7114.794393888,10075.0,0.0
7114.804724037,10075.0,0.0
7114.814099946,10075.0,0.0
7114.824256680,10075.0,0.0
7114.834536497,10075.0,0.0
7114.844727398,10075.0,0.0
7114.853965141,10075.0,0.0
7114.864115209,10075.0,0.0
7114.875873928,10075.0,0.0
7114.885575333,10075.0,0.0
7114.894297248,10075.0,10.0
7114.904199569,10075.0,10.0
7114.915420793,10075.0,10.0
7114.925041616,10075.0,10.0
7114.934743438,10075.0,10.0
7114.946091161,10075.0,10.0
7115.384895555,10075.0,0.0
7115.396368026,10075.0,0.0
7115.405202357,10075.0,0.0
7115.415449590,10075.0,0.0
7115.426076154,10075.0,0.0
7115.435022150,10075.0,0.0
7115.445155385,10075.0,0.0
7115.455675865,10075.0,0.0
7115.465714268,10075.0,0.0
7115.475147009,10075.0,0.0
7115.485379576,10075.0,0.0
7115.496010223,10075.0,0.0
7115.505308132,10075.0,0.0
7115.515725531,10075.0,0.0
7115.526464093,10075.0,0.0
7115.536462912,10075.0,0.0
7115.546862561,10075.0,0.0
7115.645065188,10075.0,0.0
7115.647979076,10075.0,0.0
7115.657541233,10075.0,0.0
7115.667804383,10075.0,0.0
7115.679983348,10075.0,0.0
7115.696652102,10075.0,0.0
7115.704287695,10075.0,0.0
7115.708626402,10075.0,0.0
7115.835635666,10075.0,0.0
7115.844214749,10075.0,0.0
7115.855127559,10075.0,0.0
7115.865568541,10075.0,0.0
7115.875653609,10075.0,0.0
7115.889489975,10075.0,0.0
7115.898941216,10075.0,0.0
7115.907511049,10075.0,0.0
7116.426621078,10075.0,0.0
7116.426693744,10075.0,0.0
7116.435754655,10075.0,0.0
7116.445025148,10075.0,0.0
7116.455236799,10075.0,0.0
7116.465380950,10075.0,0.0
7116.475960931,10075.0,0.0
7116.484843177,10075.0,0.0
7116.495598073,10075.0,0.0
7116.508076868,10075.0,0.0
7116.519574423,10075.0,0.0
7116.528530669,10075.0,0.0
7116.539143982,10075.0,0.0
7116.549473131,10075.0,0.0
7116.559687449,10075.0,0.0
7116.569221272,10075.0,0.0
7116.581689984,10075.0,0.0
7116.591944468,10075.0,0.0
7116.601323210,10075.0,0.0
7116.613293677,10075.0,0.0
7116.622058008,10075.0,0.0
7116.824811950,10075.0,0.0
7116.834442857,10075.0,0.0
7116.844315010,10075.0,0.0
7116.854476245,10075.0,0.0
7116.864886227,10075.0,0.0
7116.877199107,10075.0,0.0
7116.884457703,10075.0,0.0
7116.894976267,10075.0,0.0
7116.905191084,10075.0,0.0
7116.915312486,10075.0,0.0
7116.925629802,10075.0,0.0
7116.935911452,10075.0,0.0
7116.946545015,10075.0,0.0
7116.957263577,10075.0,0.0
7116.966102491,10075.0,0.0
7116.976308725,10075.0,0.0
7116.986660708,10075.0,0.0
7116.998371094,10075.0,0.0
7117.006743262,10075.0,0.0
7117.017555240,10075.0,0.0
7117.026284822,10075.0,0.0
7117.100449933,10075.0,10.0
7117.111287411,10075.0,10.0
7117.120366239,10075.0,10.0
7117.130967803,10075.0,0.0
7117.141270786,10075.0,0.0
7117.434783428,10075.0,0.0
7117.444535333,10075.0,0.0
7117.454819149,10075.0,0.0
7117.464373639,10075.0,0.0
7117.474788871,10075.0,0.0
7117.489273314,10075.0,0.0
7117.496727074,10075.0,0.0
7117.695023477,10075.0,0.0
7117.704342969,10075.0,0.0
7117.714805784,10075.0,0.0
7117.724170943,10075.0,0.0
7117.734390177,10075.0,0.0
7117.744771076,10075.0,0.0
7117.767853268,10075.0,0.0
7117.768989757,10075.0,0.0
7117.970146798,10075.0,0.0
7117.980987276,10075.0,0.0
7117.989456776,10075.0,0.0
7117.999715093,10075.0,0.0
7118.010424656,10075.0,0.0
7118.024664434,10075.0,0.0
7118.437171834,10075.0,0.0
7118.449045551,10075.0,0.0
7118.457436470,10075.0,0.0
7118.468852942,10075.0,0.0
7118.479357506,10075.0,0.0
7118.488218587,10075.0,0.0
7118.498529486,10075.0,0.0
7118.509006551,10075.0,0.0
7118.782828218,10075.0,0.0
7118.793535280,10075.0,0.0
7118.804370008,10075.0,0.0
7118.813707834,10075.0,0.0
7118.824390896,10075.0,0.0
7118.842106307,10075.0,0.0
7118.844886197,10075.0,0.0
7118.897557351,10075.0,0.0
7118.907682419,10075.0,0.0
7118.917799904,10075.0,0.0
7118.928309801,10075.0,0.0
7118.938758116,10075.0,0.0
7118.948935184,10075.0,0.0
7118.959394082,10075.0,0.0
7118.970587806,10075.0,0.0
7118.979225805,10075.0,0.0
7118.989941534,10075.0,0.0
7118.999143278,10075.0,0.0
7119.009341179,10075.0,0.0
7119.020712818,10075.0,0.0
7119.032256706,10075.0,0.0
7119.041543615,10075.0,0.0
7119.052558758,10075.0,0.0
7119.062825908,10075.0,0.0
7119.074468295,10075.0,0.0
7119.093505109,10075.0,0.0
7119.095076261,10075.0,0.0
7119.104908748,10075.0,0.0
7119.114279740,10075.0,0.0
7119.124458975,10075.0,0.0
7119.135963029,10075.0,-10.0
7119.144727111,10075.0,-10.0
7119.155200425,10075.0,-10.0
7119.165030080,10075.0,-10.0
7119.257939425,10075.0,0.0
7119.267697996,10075.0,0.0
7119.279764546,10075.0,0.0
7119.287533303,10075.0,0.0
7119.298447864,10075.0,0.0
7119.311424404,10075.0,0.0
7119.320896812,10075.0,0.0
7119.636484572,10075.0,0.0
7119.646529558,10075.0,0.0
7119.656664209,10075.0,0.0
7119.666244282,10075.0,0.0
7119.676900429,10075.0,0.0
7119.687106496,10075.0,0.0
7119.696319573,10075.0,0.0
7119.707567047,10075.0,0.0
7119.716477210,10075.0,0.0
7119.727391687,10075.0,0.0
7119.736732679,10075.0,0.0
7119.746303836,10075.0,0.0
7119.756573653,10075.0,0.0
7119.766640055,10075.0,0.0
7119.776085629,10075.0,10.0
7119.786504278,10075.0,10.0
7119.797135758,10075.0,10.0
7119.806335918,10075.0,10.0
7119.816555569,10075.0,10.0
7119.839697593,10075.0,10.0
7119.839822426,10075.0,0.0
7120.383408799,10075.0,0.0
7120.391981799,10075.0,0.0
7120.402597446,10075.0,10.0
7120.412759597,10075.0,10.0
7120.423452326,10075.0,10.0
7120.433138898,10075.0,10.0
7120.444281290,10075.0,10.0
7120.452252212,10075.0,0.0
7120.462342281,10075.0,0.0
7120.473245174,10075.0,0.0
7120.482680416,10075.0,0.0
7120.491813327,10075.0,0.0
7120.502206142,10075.0,0.0
7120.512413210,10075.0,0.0
7120.522698526,10075.0,0.0
7120.532088851,10075.0,0.0
7120.542582333,10075.0,0.0
7120.552887316,10075.0,0.0
7120.562583138,10075.0,0.0
7120.572523708,10075.0,0.0
7120.583084188,10075.0,0.0
7120.592410514,10075.0,0.0
7120.602965078,10075.0,0.0
7120.623696709,10075.0,0.0
7120.623778875,10075.0,0.0
7120.760925956,10075.0,0.0
7120.771685102,10075.0,0.0
7120.782028751,10075.0,10.0
7120.790977414,10075.0,10.0
7120.801565561,10075.0,10.0
7120.817512655,10075.0,10.0
7120.986741674,10075.0,0.0
7120.996735160,10075.0,0.0
7121.006106652,10075.0,0.0
7121.016509551,10075.0,0.0
7121.026838700,10075.0,0.0
7121.040582150,10075.0,0.0
7121.434053152,10075.0,-10.0
7121.443880306,10075.0,0.0
7121.453010134,10075.0,0.0
7121.463316117,10075.0,0.0
7121.473630850,10075.0,0.0
7121.486781222,10075.0,0.0
7121.632419387,10075.0,0.0
7121.640683807,10075.0,0.0
7121.650308963,10075.0,0.0
7121.660830110,10075.0,0.0
7121.670875763,10075.0,0.0
7121.681024414,10075.0,0.0
7121.692360553,10075.0,0.0
7121.700975886,10075.0,0.0
7121.711164787,10075.0,0.0
7121.721316021,10075.0,0.0
7121.731596505,10075.0,0.0
7121.742271734,10075.0,0.0
7121.751181814,10075.0,0.0
7121.761607546,10075.0,0.0
7121.771828280,10075.0,0.0
7121.782208512,10075.0,0.0
7121.791263257,10075.0,0.0
7121.801656906,10075.0,0.0
7121.819273318,10075.0,0.0
7121.822827116,10075.0,0.0
7121.833920258,10075.0,0.0
7122.097541441,10075.0,10.0
7122.098309351,10075.0,0.0
7122.107313846,10075.0,0.0
7122.117977576,10075.0,0.0
7122.128238142,10075.0,0.0
7122.139593199,10075.0,0.0
7122.154372638,10075.0,0.0
7122.160118665,10075.0,0.0
7122.171511638,10075.0,0.0
7122.182334032,10075.0,0.0
7122.191870690,10075.0,0.0
7122.202390837,10075.0,0.0
7122.211061669,10075.0,0.0
7122.234326609,10075.0,0.0
7122.234477441,10075.0,0.0
7122.303146439,10075.0,0.0
7122.312596597,10075.0,0.0
7122.322839998,10075.0,0.0
7122.332087741,10075.0,0.0
7122.342626555,10075.0,0.0
7122.352924788,10075.0,0.0
7122.361963783,10075.0,0.0
7122.372680929,10075.0,0.0
7122.382408084,10075.0,0.0
7122.392550152,10075.0,0.0
7122.402784552,10075.0,0.0
7122.412001796,10075.0,0.0
7122.422145864,10075.0,0.0
7122.432567679,10075.0,0.0
7122.442714164,10075.0,0.0
7122.452958731,10075.0,10.0
7122.462756552,10075.0,10.0
7122.472682622,10075.0,10.0
7122.484588423,10075.0,10.0
7122.495183153,10075.0,10.0
7122.763044378,10075.0,0.0
7122.773492526,10075.0,0.0
7122.783532095,10075.0,0.0
7122.793638997,10075.0,0.0
7122.803801231,10075.0,0.0
7122.813366304,10075.0,0.0
7122.823562372,10075.0,0.0
7122.834091186,10075.0,0.0
7122.844450918,10075.0,0.0
7122.854851734,10075.0,0.0
7122.864792887,10075.0,0.0
7122.878348838,10075.0,0.0
7122.885350270,10075.0,0.0
7122.895605754,10075.0,0.0
7122.905835154,10075.0,10.0
7122.915438727,10075.0,10.0
7122.925499796,10075.0,10.0
7122.935882945,10075.0,10.0
7122.946035929,10075.0,10.0
7122.956371495,10075.0,10.0
7122.966572729,10075.0,10.0
7122.976721380,10075.0,10.0
7122.987488859,10075.0,0.0
7122.997518678,10075.0,0.0
7123.007873077,10075.0,0.0
7123.023337343,10075.0,0.0
7123.028388294,10075.0,0.0
7123.099427352,10075.0,0.0
7123.110808992,10075.0,0.0
7123.120014569,10075.0,0.0
7123.130085637,10075.0,0.0
7123.139334464,10075.0,0.0
7123.149380116,10075.0,0.0
7123.160164678,10075.0,0.0
7123.241902965,10075.0,0.0
7123.251457622,10075.0,0.0
7123.261880520,10075.0,0.0
7123.271163430,10075.0,0.0
7123.284838297,10075.0,0.0
7123.364858768,10075.0,0.0
7123.374346009,10075.0,0.0
7123.385715565,10075.0,0.0
7123.394897142,10075.0,0.0
7123.404873128,10075.0,0.0
7123.415155028,10075.0,0.0
7123.437379228,10075.0,0.0
7123.437421894,10075.0,0.0
7123.576631622,10075.0,-10.0
7123.586955772,10075.0,-10.0
7123.596725010,10075.0,-10.0
7123.607243824,10075.0,-10.0
7123.617003979,10075.0,-10.0
7123.831359309,10075.0,-10.0
7123.841974872,10075.0,-10.0
7123.853500343,10075.0,-10.0
7123.862647504,10075.0,-10.0
7123.873036986,10075.0,-10.0
7123.887740426,10075.0,-10.0
7123.893173290,10075.0,-10.0
7124.221644175,10075.0,-10.0
7124.225839884,10075.0,-10.0
7124.236101201,10075.0,-10.0
7124.247633172,10075.0,-10.0
7124.258434817,10075.0,-10.0
7124.267014483,10075.0,-10.0
7124.277403382,10075.0,-10.0
7124.287716448,10075.0,-10.0
7124.377980653,10075.0,-10.0
7124.387461060,10075.0,-10.0
7124.398992115,10075.0,-10.0
7124.409188015,10075.0,-10.0
7124.418389342,10075.0,-10.0
7124.428556577,10075.0,-10.0
7124.556790661,10075.0,0.0
7124.565828573,10075.0,0.0
7124.575217482,10075.0,0.0
7124.585561215,10075.0,0.0
7124.595812448,10075.0,0.0
7124.605133941,10075.0,0.0
7124.615789087,10075.0,0.0
7124.630807857,10075.0,0.0
7124.637765540,10075.0,0.0
7124.768748014,10075.0,0.0
7124.777148016,10075.0,0.0
7124.787189001,10075.0,0.0
7124.797314069,10075.0,0.0
7124.807687052,10075.0,0.0
7124.817695788,10075.0,0.0
7124.827392110,10075.0,0.0
7124.838159838,10075.0,0.0
7124.847617580,10075.0,0.0
7124.858394141,10075.0,0.0
7124.868318795,10075.0,0.0
7124.878537862,10075.0,0.0
7124.889358007,10075.0,0.0
7124.899488825,10075.0,-10.0
7124.909724725,10075.0,-10.0
7124.919424464,10075.0,-10.0
7124.929719697,10075.0,-10.0
7124.943595062,10075.0,-10.0
7124.961279806,10075.0,-10.0
7124.961317806,10075.0,-10.0
7124.971566123,10075.0,-10.0
7124.982378267,10075.0,0.0
7124.991461846,10075.0,0.0
7125.001614663,10075.0,0.0
7125.021128140,10075.0,0.0
7125.249137337,10075.0,10.0
7125.254511451,10075.0,10.0
7125.264925183,10075.0,10.0
7125.275365498,10075.0,10.0
7125.285027154,10075.0,10.0
7125.305332123,10075.0,10.0
7125.305368372,10075.0,0.0
7125.434925277,10075.0,0.0
7125.446125668,10075.0,0.0
7125.456057822,10075.0,0.0
7125.466291389,10075.0,0.0
7125.477066367,10075.0,0.0
7125.487427350,10075.0,0.0
7125.498578824,10075.0,0.0
7125.563435776,10075.0,0.0
7125.574014506,10075.0,0.0
7125.583052335,10075.0,0.0
7125.593198320,10075.0,0.0
7125.605903613,10075.0,0.0
7125.613133709,10075.0,0.0
7125.624349516,10075.0,0.0
7125.634171504,10075.0,0.0
7125.643110250,10075.0,0.0
7125.653205985,10075.0,0.0
7125.664205378,10075.0,0.0
7125.673544704,10075.0,0.0
7125.683656522,10075.0,0.0
7125.694537583,10075.0,10.0
7125.704844066,10075.0,10.0
7125.714447222,10075.0,10.0
7125.725367033,10075.0,10.0
7125.735621849,10075.0,10.0
7125.744142183,10075.0,10.0
7125.756594395,10075.0,10.0
7125.826785545,10075.0,0.0
7125.826896961,10075.0,0.0
7125.835169047,10075.0,0.0
7125.845892359,10075.0,0.0
7125.856495089,10075.0,0.0
7125.866523325,10075.0,0.0
7125.882590418,10075.0,0.0
7125.892767736,10075.0,0.0
7125.903598297,10075.0,0.0
7125.914243194,10075.0,0.0
7125.923165190,10075.0,0.0
7125.939824028,10075.0,0.0
7125.944266735,10075.0,0.0
7125.959353254,10075.0,0.0
7125.965871857,10075.0,0.0
7125.975934759,10075.0,0.0
7126.107040566,10075.0,0.0
7126.116512724,10075.0,0.0
7126.126632792,10075.0,0.0
7126.138037264,10075.0,0.0
7126.231198191,10075.0,0.0
7126.231272107,10075.0,0.0
7126.238926865,10075.0,0.0
7126.249634178,10075.0,0.0
7126.259846578,10075.0,0.0
7126.269970813,10075.0,0.0
7126.280374545,10075.0,0.0
7126.291128607,10075.0,0.0
7126.560466484,10075.0,0.0
7126.570461137,10075.0,0.0
7126.581072367,10075.0,0.0
7126.590915105,10075.0,0.0
7126.600945424,10075.0,0.0
7126.611071825,10075.0,0.0
7126.624105031,10075.0,0.0
7126.968045016,10075.0,0.0
7126.977919169,10075.0,0.0
7126.988594399,10075.0,0.0
7126.998920548,10075.0,0.0
7127.039653152,10075.0,0.0
7127.049537805,10075.0,0.0
7127.060196618,10075.0,0.0
7127.069323196,10075.0,0.0
7127.085282791,10075.0,0.0
7127.090365408,10075.0,0.0
7127.361365936,10075.0,0.0
7127.371585586,10075.0,0.0
7127.382426647,10075.0,0.0
7127.391517559,10075.0,0.0
7127.401777042,10075.0,0.0
7127.421574933,10075.0,0.0
7127.422318926,10075.0,0.0
7127.432724574,10075.0,0.0
7127.442935725,10075.0,0.0
7127.452103386,10075.0,0.0
7127.463042279,10075.0,0.0
7127.473285929,10075.0,0.0
7127.563427302,10075.0,0.0
7127.563451635,10075.0,0.0
7127.572718461,10075.0,0.0
7127.583594689,10075.0,0.0
7127.593256344,10075.0,0.0
7127.603775242,10075.0,0.0
7127.619335507,10075.0,0.0
7127.624861287,10075.0,0.0
7127.970884167,10075.0,0.0
7127.981172817,10075.0,0.0
7127.991267386,10075.0,0.0
7128.000578795,10075.0,0.0
7128.010266034,10075.0,0.0
7128.020307019,10075.0,0.0
7128.030667335,10075.0,0.0
7128.043302296,10075.0,0.0
7128.053503363,10075.0,0.0
7128.063755263,10075.0,0.0
7128.072978757,10075.0,0.0
7128.083525071,10075.0,0.0
7128.093949219,10075.0,0.0
7128.104187953,10075.0,0.0
7128.114187855,10075.0,0.0
7128.124469672,10075.0,0.0
7128.134809238,10075.0,0.0
7128.144540893,10075.0,0.0
7128.161795225,10075.0,0.0
7128.166980175,10075.0,0.0
7128.176735830,10075.0,0.0
7128.561906162,10075.0,0.0
7128.571989564,10075.0,0.0
7128.582266047,10075.0,0.0
7128.592745945,10075.0,0.0
7128.602830847,10075.0,0.0
7128.618753609,10075.0,0.0
7128.902641678,10075.0,0.0
7128.910280687,10075.0,0.0
7128.920700335,10075.0,0.0
7128.931321482,10075.0,0.0
7128.940537142,10075.0,0.0
7128.950901458,10075.0,0.0
7129.163248224,10075.0,0.0
7129.174450698,10075.0,0.0
7129.183203446,10075.0,0.0
7129.193340514,10075.0,0.0
7129.203829578,10075.0,0.0
7129.213118405,10075.0,0.0
7129.223314889,10075.0,0.0
7129.233859703,10075.0,0.0
7129.243929688,10075.0,0.0
7129.252992016,10075.0,0.0
7129.263234083,10075.0,0.0
7129.273516400,10075.0,0.0
7129.284116130,10075.0,0.0
7129.294297947,10075.0,0.0
7129.304880678,10075.0,0.0
7129.313613593,10075.0,0.0
7129.329826518,10075.0,0.0
7129.334388140,10075.0,0.0
7129.348753834,10075.0,0.0
7129.426835157,10075.0,10.0
7129.436120983,10075.0,10.0
7129.446466299,10075.0,10.0
7129.456803782,10075.0,10.0
7129.466540437,10075.0,10.0
7129.484122849,10075.0,10.0
7129.490862617,10075.0,10.0
7129.820704655,10075.0,0.0
7129.830566976,10075.0,0.0
7129.840701460,10075.0,0.0
7129.851842018,10075.0,0.0
7129.862649080,10075.0,0.0
7129.871797741,10075.0,0.0
7129.882702301,10075.0,0.0
7129.891497966,10075.0,0.0
7130.555587166,10075.0,-10.0
7130.562223101,10075.0,-10.0
7130.571077848,10075.0,-10.0
7130.581451914,10075.0,-10.0
7130.591699481,10075.0,-10.0
7130.602093046,10075.0,-10.0
7130.612312280,10075.0,-10.0
7130.622694512,10075.0,-10.0
7130.633132744,10075.0,-10.0
7130.642796567,10075.0,-10.0
7130.776903594,10075.0,-10.0
7130.786063505,10075.0,-10.0
7130.795278249,10075.0,-10.0
7130.805692147,10075.0,-10.0
7130.818111026,10075.0,-10.0
7130.826258614,10075.0,-10.0
7131.234165392,10075.0,-10.0
7131.234204975,10075.0,-10.0
7131.234235308,10075.0,-10.0
7131.249741407,10075.0,-10.0
7131.252562629,10075.0,-10.0
7131.263442023,10075.0,-10.0
7131.272856598,10075.0,-10.0
7131.287052710,10075.0,-10.0
7131.296516285,10075.0,-10.0
7131.376855586,10075.0,-10.0
7131.377009834,10075.0,-10.0
7131.385767415,10075.0,-10.0
7131.396026982,10075.0,-10.0
7131.405363141,10075.0,-10.0
7131.421558650,10075.0,-10.0
7131.428892412,10075.0,-10.0
7131.435265600,10075.0,-10.0
7131.445399501,10075.0,-10.0
7131.455701151,10075.0,-10.0
7131.466048717,10075.0,-10.0
7131.476191868,10075.0,-10.0
7131.486361769,10075.0,0.0
7131.496512920,10075.0,0.0
7131.506830820,10075.0,0.0
7131.516120563,10075.0,0.0
7131.526212215,10075.0,0.0
7131.536717196,10075.0,0.0
7131.546724015,10075.0,0.0
7131.555863759,10075.0,0.0
7131.567466563,10075.0,0.0
7131.576430226,10075.0,0.0
7131.586609960,10075.0,0.0
7131.596846610,10075.0,0.0
7131.607352008,10075.0,0.0
7131.617582992,10075.0,0.0
7131.628399470,10075.0,10.0
7131.638152541,10075.0,10.0
7131.647650115,10075.0,10.0
7131.660755154,10075.0,10.0
7131.668003917,10075.0,10.0
7131.678775729,10075.0,10.0
7131.688561467,10075.0,10.0
7132.040004378,10075.0,-10.0
7132.050003614,10075.0,-10.0
7132.060167349,10075.0,-10.0
7132.069170928,10075.0,-10.0
7132.079415495,10075.0,-10.0
7132.089875143,10075.0,-10.0
7132.099690297,10075.0,-10.0
7132.109739199,10075.0,-10.0
7132.119921350,10075.0,0.0
7132.130244583,9780.0,0.0
7132.140946895,9780.0,0.0
7132.151466293,9780.0,0.0
7132.161721610,9780.0,0.0
7132.172752086,9780.0,0.0
7132.183039902,9780.0,0.0
7132.192130814,9780.0,0.0
7132.202399547,9780.0,0.0
7132.213304524,9780.0,0.0
7132.223192761,9780.0,0.0
7132.232426755,9780.0,0.0
7132.244069641,9780.0,0.0
7132.252332144,9780.0,0.0
7132.557763753,9780.0,0.0
7132.568135819,9780.0,0.0
7132.578322053,9780.0,10.0
7132.588950450,9780.0,10.0
7132.598969102,9780.0,10.0
7132.608491676,9780.0,10.0
7132.621635465,9780.0,10.0
7132.763466167,9780.0,0.0
7132.772491912,9780.0,0.0
7132.782804479,9780.0,0.0
7132.793186628,9780.0,0.0
7132.802643119,9780.0,0.0
7132.812568772,9780.0,0.0
7132.822463426,9780.0,0.0
7132.834363060,9780.0,0.0
7132.842729812,9780.0,0.0
7132.852750881,9780.0,0.0
7132.862486286,9780.0,0.0
7132.872531522,9780.0,0.0
7132.882775005,9780.0,0.0
7132.892083581,9780.0,0.0
7132.902685645,9780.0,0.0
7132.913296625,9780.0,0.0
7132.922977614,9780.0,0.0
7132.933061682,9780.0,0.0
7132.945953057,9780.0,0.0
7132.953549899,9780.0,0.0
7133.021468738,9780.0,0.0
7133.024087963,9780.0,0.0
7133.033425205,9780.0,0.0
7133.043715521,9780.0,0.0
7133.054128670,9780.0,0.0
7133.064461653,9780.0,0.0
7133.074663470,9780.0,0.0
7133.085195618,9780.0,0.0
7133.625019278,9780.0,0.0
7133.634422770,9780.0,0.0
7133.644633420,9780.0,0.0
7133.654193327,9780.0,0.0
7133.665293219,9780.0,0.0
7133.674693711,9780.0,0.0
7133.685820352,9780.0,0.0
7133.695824672,9780.0,0.0
7133.708161135,9780.0,0.0
7133.836881715,9780.0,0.0
7133.846499038,9780.0,0.0
7133.856607189,9780.0,0.0
7133.871948290,9780.0,0.0
7133.876110166,9780.0,0.0
7133.889810699,9780.0,0.0
7133.898558114,9780.0,0.0
7133.908858014,9780.0,0.0
7133.986646590,9780.0,0.0
7133.988902151,9780.0,0.0
7133.999182718,9780.0,0.0
7134.010383109,9780.0,0.0
7134.018632528,9780.0,0.0
7134.031536569,9780.0,0.0
7134.041400807,9780.0,0.0
7134.322177239,9780.0,0.0
7134.332701720,9780.0,0.0
7134.343489948,9780.0,0.0
7134.353221020,9780.0,0.0
7134.370549685,9780.0,0.0
7134.379376182,9780.0,0.0
7134.384334967,9780.0,0.0
7134.394669867,9780.0,0.0
7134.405786759,9780.0,0.0
7134.427389465,9780.0,0.0
7134.430196854,9780.0,0.0
7134.439522097,9780.0,0.0
7134.450773570,9780.0,0.0
7134.460207062,9780.0,0.0
7134.470036716,9780.0,0.0
7134.488073707,9780.0,0.0
7134.489104697,9780.0,0.0
7134.499383097,9780.0,0.0
7134.509785496,9780.0,0.0
7134.520453475,9780.0,0.0
7134.530799541,9780.0,0.0
7134.541121857,9780.0,0.0
7134.563915052,9780.0,0.0
7134.564330131,9780.0,0.0
7134.570464655,9780.0,0.0
7134.580825054,9780.0,0.0
7134.591309952,9780.0,0.0
7134.600598278,9780.0,0.0
7134.611663671,9780.0,0.0
7134.622370233,9780.0,0.0
7134.633916037,9780.0,0.0
7134.640863386,9780.0,0.0
7134.650926205,9780.0,0.0
7134.660490445,9780.0,0.0
7134.671096842,9780.0,0.0
7134.681313326,9780.0,0.0
7134.691216896,9780.0,0.0
7134.700975718,9780.0,0.0
7134.711036286,9780.0,0.0
7134.722184011,9780.0,0.0
7134.732198580,9780.0,0.0
7134.742589396,9780.0,0.0
7134.756216680,9780.0,0.0
7134.766294331,9780.0,0.0
7134.773572511,9780.0,0.0
7134.783159334,9780.0,0.0
7134.793645898,9780.0,0.0
7134.803833549,9780.0,0.0
7134.816399594,9780.0,0.0
7134.829328634,9780.0,0.0
7134.834720665,9780.0,0.0
7134.843742577,9780.0,0.0
7134.854432640,9780.0,0.0
7134.864232795,9780.0,0.0
7134.874453278,9780.0,0.0
7134.885900334,9780.0,0.0
7134.894415751,9780.0,0.0
7134.904648734,9780.0,0.0
7134.914426806,9780.0,0.0
7134.924929037,9780.0,0.0
7134.934040531,9780.0,0.0
7134.945919582,9780.0,0.0
7134.955126159,9780.0,0.0
7134.965281061,9780.0,0.0
7134.973987142,9780.0,0.0
7134.984837287,9780.0,0.0
7134.995128937,9780.0,0.0
7135.004686760,9780.0,0.0
7135.016887808,9780.0,0.0
7135.028887691,9780.0,0.0
7135.034214389,9780.0,0.0
7135.044337207,9780.0,0.0
7135.055038270,9780.0,0.0
7135.065252254,9780.0,0.0
7135.074434081,9780.0,0.0
7135.085399558,9780.0,0.0
7135.097840770,9780.0,0.0
7135.105247364,9780.0,0.0
7135.114540691,9780.0,0.0
7135.124852757,9780.0,0.0
7135.135755901,9780.0,0.0
7135.145948885,9780.0,0.0
7135.156251034,9780.0,0.0
7135.165026199,9780.0,0.0
7135.175239516,9780.0,0.0
7135.185972412,9780.0,0.0
7135.195814566,9780.0,0.0
7135.206482795,9780.0,0.0
7135.216588613,9780.0,0.0
7135.226867680,9780.0,0.0
7135.236060507,9780.0,0.0
7135.246771570,9780.0,0.0
7135.257051803,9780.0,0.0
7135.267275703,9780.0,0.0
7135.277494937,9780.0,0.0
7135.287770837,9780.0,0.0
7135.296930415,9780.0,0.0
7135.307726559,9780.0,0.0
7135.318013126,9780.0,0.0
7135.329901010,9780.0,0.0
7135.342636553,9780.0,0.0
7135.353154950,9780.0,0.0
7135.362246779,9780.0,0.0
7135.373040173,9780.0,0.0
7135.382326166,9780.0,0.0
7135.392886563,9780.0,0.0
7135.402239056,9780.0,0.0
7135.424854669,9780.0,0.0
7135.433201421,9780.0,0.0
7135.433356253,9780.0,0.0
7135.443570403,9780.0,0.0
7135.452863479,9780.0,0.0
7135.463107213,9780.0,0.0
7135.472306290,9780.0,0.0
7135.490270532,9780.0,0.0
7135.493029422,9780.0,0.0
7135.503220989,9780.0,0.0
7135.513342974,9780.0,0.0
7135.523620707,9780.0,0.0
7135.533841358,9780.0,0.0
7135.543281766,9780.0,0.0
7135.554225076,9780.0,0.0
7135.563400403,9780.0,0.0
7135.573575804,9780.0,0.0
7135.583804871,9780.0,0.0
7135.593353361,9780.0,0.0
7135.603372181,9780.0,0.0
7135.613451332,9780.0,0.0
7135.624245894,9780.0,0.0
7135.634391295,9780.0,0.0
7135.643696371,9780.0,0.0
7135.653886355,9780.0,0.0
7135.663203265,9780.0,0.0
7135.677629624,9780.0,0.0
7135.685210717,9780.0,0.0
7135.697764261,9780.0,0.0
7135.704885109,9780.0,0.0
7135.715650254,9780.0,0.0
7135.725734322,9780.0,0.0
7135.735064065,9780.0,0.0
7135.750435999,9780.0,0.0
7135.759623326,9780.0,0.0
7135.769856393,9780.0,0.0
7135.779137219,9780.0,0.0
7135.789494785,9780.0,0.0
7135.799605270,9780.0,0.0
7135.816725603,9780.0,0.0
7135.821961552,9780.0,0.0
7135.842387520,9780.0,0.0
7135.842951181,9780.0,0.0
7135.853023083,9780.0,0.0
7135.862320992,9780.0,0.0
7135.872986972,9780.0,0.0
7135.892128286,9780.0,0.0
7135.893060693,9780.0,0.0
7135.903136595,9780.0,0.0
7135.913209330,9780.0,0.0
7135.923209733,9780.0,0.0
7135.933363467,9780.0,0.0
7135.943812866,9780.0,0.0
7135.953783185,9780.0,0.0
7135.964930243,9780.0,0.0
7135.974318985,9780.0,0.0
7135.984485636,9780.0,0.0
7135.995188365,9780.0,0.0
7136.004133528,9780.0,0.0
7136.014347179,9780.0,0.0
7136.024775911,9780.0,0.0
7136.034032320,9780.0,0.0
7136.044551885,9780.0,0.0
7136.056819599,9780.0,0.0
7136.064783521,9780.0,0.0
7136.075161920,9780.0,0.0
7136.088333042,9780.0,0.0
7136.095892718,9780.0,0.0
7136.106152118,9780.0,0.0
7136.116991763,9780.0,0.0
7136.126232423,9780.0,0.0
7136.136566739,9780.0,0.0
7136.152646582,9780.0,0.0
7136.156971707,9780.0,0.0
7136.166991692,9780.0,0.0
7136.176224686,9780.0,0.0
7136.186804416,9780.0,0.0
7136.196916401,9780.0,0.0
7136.206045979,9780.0,0.0
7136.225208626,9780.0,0.0
7136.227095107,9780.0,0.0
7136.238562496,9780.0,0.0
7136.246841165,9780.0,0.0
7136.256826568,9780.0,0.0
7136.266556223,9780.0,0.0
7136.276939539,9780.0,0.0
7136.290563989,9780.0,0.0
7136.296530681,9780.0,0.0
7136.307974736,9780.0,0.0
7136.316821817,9780.0,0.0
7136.327282548,9780.0,0.0
7136.338672187,9780.0,0.0
7136.351231565,9780.0,0.0
7136.359362903,9780.0,0.0
7136.369566720,9780.0,0.0
7136.379891786,9780.0,0.0
7136.389202112,9780.0,0.0
7136.399751676,9780.0,0.0
7136.409823161,9780.0,0.0
7136.420383558,9780.0,0.0
7136.436584734,9780.0,0.0
7136.444324825,9780.0,0.0
7136.454057314,9780.0,0.0
7136.465834033,9780.0,0.0
7136.474397782,9780.0,0.0
7136.505362814,9780.0,0.0
7136.505407981,9780.0,0.0
7136.505451980,9780.0,0.0
7136.513600984,9780.0,0.0
7136.523665553,9780.0,0.0
7136.534065785,9780.0,0.0
7136.547890983,9780.0,0.0
7136.559058375,9780.0,0.0
7136.563790829,9780.0,0.0
7136.573304569,9780.0,0.0
7136.584492294,9780.0,0.0
7136.597040505,9780.0,0.0
7136.604442516,9780.0,0.0
7136.614606251,9780.0,0.0
7136.628580531,9780.0,0.0
7136.634545973,9780.0,0.0
7136.644222795,9780.0,0.0
7136.654498862,9780.0,0.0
7136.664903511,9780.0,0.0
7136.674200170,9780.0,0.0
7136.684527653,9780.0,0.0
7136.698296519,9780.0,0.0
7136.708674835,9780.0,0.0
7136.718854402,9780.0,0.0
7136.729245551,9780.0,0.0
7136.739531784,9780.0,0.0
7136.749962599,9780.0,0.0
7136.762227063,9780.0,0.0
7136.772392797,9780.0,0.0
7136.781137962,9780.0,0.0
7136.792463102,9780.0,0.0
7136.803138248,9780.0,0.0
7136.810933589,9780.0,0.0
7136.821120823,9780.0,0.0
7136.832606878,9780.0,0.0
7136.841836788,9780.0,0.0
7136.852133271,9780.0,0.0
7136.862697418,9780.0,0.0
7136.872674154,9780.0,0.0
7136.882894221,9780.0,0.0
7136.894337027,9780.0,0.0
7136.903541604,9780.0,0.0
7136.913926003,9780.0,0.0
7136.926663295,9780.0,0.0
7136.936434700,9780.0,0.0
7136.954018862,9780.0,0.0
7136.959130562,9780.0,0.0
7136.969197131,9780.0,0.0
7136.979420032,9780.0,0.0
7136.989783014,9780.0,0.0
7136.998922675,9780.0,0.0
7137.009789069,9780.0,0.0
7137.021216875,9780.0,0.0
7137.031370859,9780.0,0.0
7137.041680675,9780.0,0.0
7137.051944242,9780.0,0.0
7137.062088227,9780.0,0.0
7137.072306794,9780.0,0.0
7137.082583860,9780.0,0.0
7137.093205340,9780.0,0.0
7137.103433741,9780.0,0.0
7137.113621808,9780.0,0.0
7137.123049550,9780.0,0.0
7137.133435115,9780.0,0.0
7137.147341063,9780.0,0.0
7137.153278005,9780.0,0.0
7137.163510906,9780.0,0.0
7137.173668307,9780.0,0.0
7137.184406702,9780.0,0.0
7137.193743361,9780.0,0.0
7137.203600765,9780.0,0.0
7137.215441983,9780.0,0.0
7137.223215574,9780.0,0.0
7137.233280060,9780.0,0.0
7137.243693625,9780.0,0.0
7137.254031358,9780.0,0.0
7137.265457413,9780.0,0.0
7137.276673637,9780.0,0.0
7137.285121138,9780.0,0.0
7137.296495694,9780.0,0.0
7137.305603439,9780.0,0.0
7137.316139503,9780.0,0.0
7137.325314913,9780.0,0.0
7137.335768062,9780.0,0.0
7137.349060682,9780.0,0.0
7137.356205363,9780.0,0.0
7137.366444846,9780.0,0.0
7137.378143149,9780.0,0.0
7137.388471965,9780.0,0.0
7137.398867614,9780.0,0.0
7137.412930810,9780.0,0.0
7137.418466256,9780.0,0.0
7137.429082736,9780.0,0.0
7137.438019899,9780.0,0.0
7137.448695379,9780.0,0.0
7137.458847197,9780.0,0.0
7137.483954119,9780.0,0.0
7137.484084784,9780.0,0.0
7137.494805013,9780.0,0.0
7137.505370244,9780.0,0.0
7137.515292397,9780.0,0.0
7137.525190717,9780.0,0.0
7137.535632199,9780.0,0.0
7137.550230807,9780.0,0.0
7137.557754567,9780.0,0.0
7137.566986227,9780.0,0.0
7137.577169211,9780.0,0.0
7137.587550693,9780.0,0.0
7137.597892509,9780.0,0.0
7137.612913780,9780.0,0.0
7137.618333810,9780.0,0.0
7137.629319620,9780.0,0.0
7137.638783444,9780.0,0.0
7137.648429101,9780.0,0.0
7137.658496169,9780.0,0.0
7137.668809819,9780.0,0.0
7137.679070219,9780.0,0.0
7137.689284286,9780.0,0.0
7137.699553519,9780.0,0.0
7137.709881752,9780.0,0.0
7137.718974247,9780.0,0.0
7137.730347970,9780.0,0.0
7137.742256270,9780.0,0.0
7137.752228590,9780.0,0.0
7137.760809256,9780.0,0.0
7137.770074666,9780.0,0.0
7137.780478065,9780.0,0.0
7137.790887630,9780.0,0.0
7137.800152873,9780.0,0.0
7137.812222256,9780.0,0.0
7137.821179002,9780.0,0.0
7137.830036749,9780.0,0.0
7137.840747395,9780.0,0.0
7137.850193469,9780.0,0.0
7137.860442703,9780.0,0.0
7137.870817018,9780.0,0.0
7137.881916077,9780.0,0.0
7137.891465234,9780.0,0.0
7137.901594385,9780.0,0.0
7137.911864869,9780.0,0.0
7137.921211278,9780.0,0.0
7137.931446011,9780.0,0.0
7137.946376449,9780.0,0.0
7137.955208697,9780.0,0.0
7137.965636928,9780.0,0.0
7137.975612415,9780.0,0.0
7137.985881731,9780.0,0.0
7137.998214195,9780.0,0.0
7138.005444207,9780.0,0.0
7138.017950586,9780.0,0.0
7138.026122756,9780.0,0.0
7138.035650497,9780.0,0.0
7138.045607816,9780.0,0.0
7138.055943216,9780.0,0.0
7138.067117940,9780.0,0.0
7138.076077436,9780.0,0.0
7138.086406836,9780.0,0.0
7138.095620246,9780.0,0.0
7138.106348142,9780.0,0.0
7138.117326951,9780.0,0.0
7138.126619444,9780.0,0.0
7138.137202675,9780.0,0.0
7138.147451991,9780.0,0.0
7138.160601780,9780.0,0.0
7138.171958336,9780.0,0.0
7138.180861249,9780.0,0.0
7138.190316074,9780.0,0.0
7138.200675973,9780.0,0.0
7138.211559034,9780.0,0.0
7138.223031922,9780.0,0.0
7138.230948512,9780.0,0.0
7138.241087496,9780.0,0.0
7138.250782152,9780.0,0.0
7138.261252133,9780.0,0.0
7138.271182787,9780.0,0.0
7138.283078671,9780.0,0.0
7138.290408016,9780.0,0.0
7138.300616750,9780.0,0.0
7138.310771651,9780.0,0.0
7138.320025728,9780.0,0.0
7138.330455793,9780.0,0.0
7138.341934014,9780.0,0.0
7138.349893937,9780.0,0.0
7138.360755081,9780.0,0.0
7138.370067324,9780.0,0.0
7138.380774886,9780.0,0.0
7138.391249951,9780.0,0.0
7138.400935106,9780.0,0.0
7138.414571974,9780.0,0.0
7138.421718654,9780.0,0.0
7138.430521735,9780.0,0.0
7138.440912051,9780.0,0.0
7138.450407458,9780.0,0.0
7138.460735774,9780.0,0.0
7138.471250505,9780.0,0.0
7138.480884578,9780.0,0.0
7138.490347236,9780.0,0.0
7138.500749718,9780.0,0.0
7138.510025211,9780.0,0.0
7138.520917771,9780.0,0.0
7138.530053016,9780.0,0.0
7138.540881077,9780.0,0.0
7138.553438538,9780.0,0.0
7138.561982372,9780.0,0.0
7138.571877525,9780.0,0.0
7138.582751586,9780.0,0.0
7138.591801081,9780.0,0.0
7138.601090074,9780.0,0.0
7138.612136550,9780.0,0.0
7138.622095286,9780.0,0.0
7138.631450445,9780.0,0.0
7138.641965426,9780.0,0.0
7138.651670748,9780.0,0.0
7138.661617568,9780.0,0.0
7138.673668117,9780.0,0.0
7138.685217672,9780.0,0.0
7138.692553017,9780.0,0.0
7138.702053924,9780.0,0.0
7138.711711414,9780.0,0.0
7138.721388153,9780.0,0.0
7138.732289630,9780.0,0.0
7138.742810194,9780.0,0.0
7138.751224779,9780.0,0.0
7138.762131006,9780.0,0.0
7138.771163335,9780.0,0.0
7138.782125978,9780.0,0.0
7138.792943289,9780.0,0.0
7138.802120783,9780.0,0.0
7138.812335351,9780.0,0.0
7138.822675000,9780.0,0.0
7138.832929233,9780.0,0.0
7138.843139051,9780.0,0.0
7138.853882279,9780.0,0.0
7138.864032430,9780.0,0.0
7138.873954417,9780.0,0.0
7138.883074912,9780.0,0.0
7138.893380311,9780.0,0.0
7138.903551462,9780.0,0.0
7138.914370440,9780.0,0.0
7138.924679423,9780.0,0.0
7138.934730575,9780.0,0.0
7138.954255635,9780.0,0.0
7138.956629362,9780.0,0.0
7138.965547442,9780.0,0.0
7138.976155005,9780.0,0.0
7138.985050419,9780.0,0.0
7138.995746231,9780.0,0.0
7139.009182100,9780.0,0.0
7139.015271791,9780.0,0.0
7139.025406526,9780.0,0.0
7139.035657259,9780.0,0.0
7139.046450321,9780.0,0.0
7139.056717471,9780.0,0.0
7139.067743030,9780.0,0.0
7139.077863765,9780.0,0.0
7139.087085259,9780.0,0.0
7139.098537730,9780.0,0.0
7139.107136397,9780.0,0.0
7139.117384297,9780.0,0.0
7139.127788196,9780.0,0.0
7139.138345593,9780.0,0.0
7139.148551077,9780.0,0.0
7139.159797800,9780.0,0.0
7139.168109553,9780.0,0.0
7139.178211121,9780.0,0.0
7139.188500271,9780.0,0.0
7139.198947503,9780.0,0.0
7139.211342715,9780.0,0.0
7139.220253712,9780.0,0.0
7139.230073783,9780.0,0.0
7139.239554357,9780.0,0.0
7139.249976256,9780.0,0.0
7139.259287082,9780.0,0.0
7139.270575305,9780.0,0.0
7139.281509115,9780.0,0.0
7139.293010003,9780.0,0.0
7139.302564410,9780.0,0.0
7139.312874893,9780.0,0.0
7139.323145210,9780.0,0.0
7139.333622108,9780.0,0.0
7139.345065163,9780.0,0.0
7139.354125658,9780.0,0.0
7139.363816731,9780.0,0.0
7139.373630302,9780.0,0.0
7139.383508455,9780.0,0.0
7139.393713439,9780.0,0.0
7139.408660127,9780.0,0.0
7139.415075315,9780.0,0.0
7139.424911886,9780.0,0.0
7139.435187452,9780.0,0.0
7139.445358353,9780.0,0.0
7139.455538254,9780.0,0.0
7139.466695395,9780.0,0.0
7139.474952065,9780.0,0.0
7139.485295381,9780.0,0.0
7139.495474199,9780.0,0.0
7139.505784848,9780.0,0.0
7139.514841760,9780.0,0.0
7139.525988401,9780.0,0.0
7139.536087636,9780.0,0.0
7139.546207371,9780.0,0.0
7139.558896414,9780.0,0.0
7139.568527404,9780.0,0.0
7139.578749471,9780.0,0.0
7139.588925789,9780.0,0.0
7139.598705943,9780.0,0.0
7139.609583837,9780.0,0.0
7139.618833331,9780.0,0.0
7139.628912649,9780.0,0.0
7139.639063217,9780.0,0.0
7139.649711197,9780.0,0.0
7139.660155012,9780.0,0.0
7139.669373339,9780.0,0.0
7139.689269312,9780.0,0.0
7139.689977888,9780.0,0.0
7139.700220622,9780.0,0.0
7139.710821018,9780.0,0.0
7139.721149001,9780.0,0.0
7139.731291569,9780.0,0.0
7139.743153953,9780.0,0.0
7139.751844786,9780.0,0.0
7139.761068696,9780.0,0.0
7139.771256513,9780.0,0.0
7139.781544246,9780.0,0.0
7139.791553316,9780.0,0.0
7139.802312711,9780.0,0.0
7139.813056939,9780.0,0.0
7139.824855991,9780.0,0.0
7139.833393325,9780.0,0.0
7139.844093304,9780.0,0.0
7139.854105623,9780.0,0.0
7139.864370606,9780.0,0.0
7139.874777838,9780.0,0.0
7139.885285653,9780.0,0.0
7139.894978558,9780.0,0.0
7139.904138469,9780.0,0.0
7139.914824282,9780.0,0.0
7139.925019266,9780.0,0.0
7139.934859170,9780.0,0.0
7139.945622732,9780.0,0.0
7139.954345897,9780.0,0.0
7139.967407437,9780.0,0.0
7139.973832291,9780.0,0.0
7139.984522437,9780.0,0.0
7139.994337674,9780.0,0.0
7140.004915571,9780.0,0.0
7140.016610457,9780.0,0.0
7140.025962116,9780.0,0.0
7140.035950936,9780.0,0.0
7140.046392251,9780.0,0.0
7140.056521235,9780.0,0.0
7140.066750136,9780.0,0.0
7140.076324043,9780.0,0.0
7140.086756108,9780.0,0.0
7140.096630262,9780.0,0.0
7140.107860819,9780.0,0.0
7140.118232801,9780.0,0.0
7140.127109881,9780.0,0.0
7140.137561280,9780.0,0.0
7140.147668015,9780.0,0.0
7140.157984664,9780.0,0.0
7140.167260907,9780.0,0.0
7140.177512891,9780.0,0.0
7140.187927706,9780.0,0.0
7140.197615278,9780.0,0.0
7140.212089471,9780.0,0.0
7140.220936801,9780.0,0.0
7140.227587403,9780.0,0.0
7140.238508213,9780.0,0.0
7140.248191036,9780.0,0.0
7140.259292678,9780.0,0.0
7140.269228998,9780.0,0.0
7140.278299243,9780.0,0.0
7140.288947389,9780.0,0.0
7140.300409861,9780.0,0.0
7140.308761613,9780.0,0.0
7140.318436602,9780.0,0.0
7140.329432578,9780.0,0.0
7140.339130984,9780.0,0.0
7140.348878139,9780.0,0.0
7140.358563794,9780.0,0.0
7140.368451198,9780.0,0.0
7140.378334519,9780.0,0.0
7140.388710417,9780.0,0.0
7140.399343481,9780.0,0.0
7140.408817638,9780.0,0.0
7140.424491152,9780.0,0.0
7140.428032951,9780.0,0.0
7140.438227519,9780.0,0.0
7140.448789916,9780.0,0.0
7140.458758319,9780.0,0.0
7140.469520214,9780.0,0.0
7140.486210218,9780.0,0.0
7140.489791933,9780.0,0.0
7140.498928011,9780.0,0.0
7140.509315243,9780.0,0.0
7140.520009472,9780.0,0.0
7140.530185623,9780.0,0.0
7140.547170208,9780.0,0.0
7140.552811070,9780.0,0.0
7140.561549818,9780.0,0.0
7140.571534304,9780.0,0.0
7140.582203533,9780.0,0.0
7140.591377361,9780.0,0.0
7140.601742593,9780.0,0.0
7140.612677570,9780.0,0.0
7140.621287486,9780.0,0.0
7140.631702801,9780.0,0.0
7140.642137783,9780.0,0.0
7140.652373600,9780.0,0.0
7140.662975330,9780.0,0.0
7140.673078565,9780.0,0.0
7140.683424964,9780.0,0.0
7140.693577282,9780.0,0.0
7140.703749100,9780.0,0.0
7140.713787335,9780.0,0.0
7140.723541824,9780.0,0.0
7140.733824057,9780.0,0.0
7140.743963958,9780.0,0.0
7140.753408866,9780.0,0.0
7140.763816098,9780.0,0.0
7140.773942833,9780.0,0.0
7140.784299149,9780.0,0.0
7140.794171719,9780.0,0.0
7140.807242425,9780.0,0.0
7140.815346597,9780.0,0.0
7140.825573164,9780.0,0.0
7140.835638482,9780.0,0.0
7140.845029974,9780.0,0.0
7140.855605371,9780.0,0.0
7140.865692690,9780.0,0.0
7140.878984060,9780.0,0.0
7140.885693245,9780.0,0.0
7140.895474900,9780.0,0.0
7140.905676384,9780.0,0.0
7140.916884024,9780.0,0.0
7140.925488524,9780.0,0.0
7140.935599259,9780.0,0.0
7140.952074015,9780.0,0.0
7140.956687054,9780.0,0.0
7140.966937287,9780.0,0.0
7140.977127605,9780.0,0.0
7140.987185590,9780.0,0.0
7140.997573905,9780.0,0.0
7141.007936055,9780.0,0.0
7141.017545794,9780.0,0.0
7141.027702695,9780.0,0.0
7141.037898596,9780.0,0.0
7141.047934332,9780.0,0.0
7141.057033660,9780.0,0.0
7141.067170978,9780.0,0.0
7141.077312796,9780.0,0.0
7141.088474687,9780.0,0.0
7141.098889502,9780.0,0.0
7141.108607908,9780.0,0.0
7141.119399386,9780.0,0.0
7141.129061292,9780.0,0.0
7141.138786864,9780.0,0.0
7141.150879996,9780.0,0.0
7141.161466643,9780.0,0.0
7141.170901468,9780.0,0.0
7141.179636299,9780.0,0.0
7141.188511213,9780.0,0.0
7141.198833029,9780.0,0.0
7141.212120483,9780.0,0.0
7141.219917240,9780.0,0.0
7141.229639729,9780.0,0.0
7141.240197876,9780.0,0.0
7141.249056207,9780.0,0.0
7141.259864935,9780.0,0.0
7141.269976253,9780.0,0.0
7141.279534493,9780.0,0.0
7141.289415730,9780.0,0.0
7141.300568788,9780.0,0.0
7141.309573534,9780.0,0.0
7141.319625186,9780.0,0.0
7141.329835503,9780.0,0.0
7141.339415660,9780.0,0.0
7141.349893391,9780.0,0.0
7141.360292874,9780.0,0.0
7141.370666773,9780.0,0.0
7141.382090411,9780.0,0.0
7141.390520246,9780.0,0.0
7141.401033310,9780.0,0.0
7141.410169305,9780.0,0.0
7141.423247261,9780.0,0.0
7141.430725104,9780.0,0.0
7141.441115587,9780.0,0.0
7141.451361153,9780.0,0.0
7141.461679803,9780.0,0.0
7141.477202985,9780.0,0.0
7141.481480610,9780.0,0.0
7141.491567929,9780.0,0.0
7141.501797496,9780.0,0.0
7141.511179154,9780.0,0.0
7141.521558387,9780.0,0.0
7141.532250949,9780.0,0.0
7141.542463516,9780.0,0.0
7141.551509512,9780.0,0.0
7141.561740579,9780.0,0.0
7141.571139320,9780.0,0.0
7141.581460387,9780.0,0.0
7141.591940618,9780.0,0.0
7141.601244277,9780.0,0.0
7141.611575260,9780.0,0.0
7141.621855743,9780.0,0.0
7141.632211559,9780.0,0.0
7141.641471719,9780.0,0.0
7141.652119699,9780.0,0.0
7141.661205027,9780.0,0.0
7141.671414427,9780.0,0.0
7141.682062157,9780.0,0.0
7141.693068133,9780.0,0.0
7141.701556467,9780.0,0.0
7141.712016949,9780.0,0.0
7141.721073777,9780.0,0.0
7141.731332344,9780.0,0.0
7141.741522828,9780.0,0.0
7141.754443786,9780.0,0.0
7141.762913120,9780.0,0.0
7141.771619118,9780.0,0.0
7141.782159099,9780.0,0.0
7141.791845171,9780.0,0.0
7141.801658659,9780.0,0.0
7141.811908809,9780.0,0.0
7141.821641715,9780.0,0.0
7141.831982614,9780.0,0.0
7141.841955267,9780.0,0.0
7141.851949253,9780.0,0.0
7141.862846147,9780.0,0.0
7141.873500460,9780.0,0.0
7141.885359511,9780.0,0.0
7141.892666440,9780.0,0.0
7141.903224504,9780.0,0.0
7141.915391885,9780.0,0.0
7141.923557639,9780.0,0.0
7141.933730790,9780.0,0.0
7141.948740644,9780.0,0.0
7141.956987147,9780.0,0.0
7141.967452295,9780.0,0.0
7141.977848360,9780.0,0.0
7141.987227769,9780.0,0.0
7141.997265254,9780.0,0.0
7142.008638227,9780.0,0.0
7142.021817849,9780.0,0.0
7142.028968529,9780.0,0.0
7142.038583269,9780.0,0.0
7142.050211572,9780.0,0.0
7142.058239244,9780.0,0.0
7142.073499679,9780.0,0.0
7142.082121262,9780.0,0.0
7142.092372662,9780.0,0.0
7142.102778060,9780.0,0.0
7142.112753963,9780.0,0.0
7142.122985364,9780.0,0.0
7142.134074256,9780.0,0.0
7142.143880410,9780.0,0.0
7142.153211819,9780.0,0.0
7142.163475969,9780.0,0.0
7142.173712786,9780.0,0.0
7142.183943020,9780.0,0.0
7142.194590500,9780.0,0.0
7142.204626069,9780.0,0.0
7142.213812729,9780.0,0.0
7142.224232711,9780.0,0.0
7142.234399945,9780.0,0.0
7142.244800927,9780.0,0.0
7142.255052161,9780.0,0.0
7142.265356311,9780.0,0.0
7142.280374248,9780.0,0.0
7142.285353199,9780.0,0.0
7142.295606349,9780.0,0.0
7142.305794500,9780.0,0.0
7142.315428406,9780.0,0.0
7142.326532548,9780.0,0.0
7142.335955373,9780.0,0.0
7142.357849827,9780.0,0.0
7142.357937242,9780.0,0.0
7142.366824906,9780.0,0.0
7142.377220388,9780.0,0.0
7142.387751119,9780.0,0.0
7142.398008852,9780.0,0.0
7142.409470241,9780.0,0.0
7142.419457560,9780.0,0.0
7142.428791636,9780.0,0.0
7142.439762946,9780.0,0.0
7142.448585443,9780.0,0.0
7142.458748678,9780.0,0.0
7142.469462740,9780.0,0.0
7142.483566353,9780.0,0.0
7142.492625431,9780.0,0.0
7142.501087265,9780.0,0.0
7142.511570663,9780.0,0.0
7142.521967562,9780.0,0.0
7142.531280721,9780.0,0.0
7142.544313344,9780.0,0.0
7142.552498848,9780.0,0.0
7142.563330659,9780.0,0.0
7142.571878826,9780.0,0.0
7142.582214309,9780.0,0.0
7142.593193535,9780.0,0.0
7142.603403686,9780.0,0.0
7142.615887064,9780.0,0.0
7142.623143493,9780.0,0.0
7142.633247812,9780.0,0.0
7142.643950124,9780.0,0.0
7142.653991693,9780.0,0.0
7142.663880930,9780.0,0.0
7142.673874833,9780.0,0.0